128 0.3 0.27
0 156776
1 1.56782e+06
2 1.56783e+06
3 1.56788e+06
4 1.56806e+06
5 1.56812e+06
6 1.56816e+06
7 1.56839e+06
8 1.56851e+06
9 1.56857e+06
10 1.56868e+06
11 1.5687e+06
12 1.56882e+06
13 1.56887e+06
14 1.56892e+06
15 1.56898e+06
16 1.56906e+06
17 1.56916e+06
18 1.5693e+06
19 1.56938e+06
20 1.5694e+06
21 1.56947e+06
22 1.56954e+06
23 1.5697e+06
24 1.56977e+06
25 1.56979e+06
26 1.56984e+06
27 1.57009e+06
28 1.5701e+06
29 1.57012e+06
30 1.57027e+06
31 1.5704e+06
32 1.57046e+06
33 1.5706e+06
34 1.57077e+06
35 1.5708e+06
36 1.57088e+06
37 1.57093e+06
38 1.57097e+06
39 1.57099e+06
40 1.57104e+06
41 1.57117e+06
42 1.57128e+06
43 1.57134e+06
44 1.57145e+06
45 1.57157e+06
46 1.57164e+06
47 1.5717e+06
48 1.57176e+06
49 1.57181e+06
50 1.57198e+06
51 1.57205e+06
52 1.57215e+06
53 1.5722e+06
54 1.57232e+06
55 1.57245e+06
56 1.57257e+06
57 1.57266e+06
58 1.57286e+06
59 1.57294e+06
60 1.57307e+06
61 1.57318e+06
62 1.57325e+06
63 1.57331e+06
64 1.5735e+06
65 1.57354e+06
66 1.57372e+06
67 1.57381e+06
68 1.57388e+06
69 1.57408e+06
70 1.57415e+06
71 1.57425e+06
72 1.57432e+06
73 1.57434e+06
74 1.57446e+06
75 1.5746e+06
76 1.57464e+06
77 1.57471e+06
78 1.57484e+06
79 1.57488e+06
80 1.57505e+06
81 1.57509e+06
82 1.57518e+06
83 1.57526e+06
84 1.57535e+06
85 1.57545e+06
86 1.57551e+06
87 1.57567e+06
88 1.57568e+06
89 1.57583e+06
90 1.5759e+06
91 1.57598e+06
92 1.57602e+06
93 1.57607e+06
94 1.57614e+06
95 1.57625e+06
96 1.57635e+06
97 1.57641e+06
98 1.5765e+06
99 1.57656e+06
100 1.57662e+06
101 1.57667e+06
102 1.57671e+06
103 1.57676e+06
104 1.57678e+06
105 1.57681e+06
106 1.57693e+06
107 1.57701e+06
108 1.5771e+06
109 1.57714e+06
110 1.5773e+06
111 1.57732e+06
112 1.57732e+06
113 1.5775e+06
114 1.57764e+06
115 1.57774e+06
116 1.57789e+06
117 1.57789e+06
118 1.57798e+06
119 1.5781e+06
120 1.57819e+06
121 1.57823e+06
122 1.57827e+06
123 1.57839e+06
124 1.57846e+06
125 1.57853e+06
126 1.57861e+06
127 1.57875e+06
128 1.57887e+06
129 1.57889e+06
130 1.57896e+06
131 1.57909e+06
132 1.5791e+06
133 1.57922e+06
134 1.57929e+06
135 1.57934e+06
136 1.57938e+06
137 1.57946e+06
138 1.57955e+06
139 1.57967e+06
140 1.57982e+06
141 1.57982e+06
142 1.57992e+06
143 1.57998e+06
144 1.58002e+06
145 1.58011e+06
146 1.58015e+06
147 1.58026e+06
148 1.5803e+06
149 1.58036e+06
150 1.58043e+06
151 1.58063e+06
152 1.58071e+06
153 1.58085e+06
154 1.581e+06
155 1.58109e+06
156 1.58117e+06
157 1.58126e+06
158 1.58136e+06
159 1.58155e+06
160 1.58169e+06
161 1.58182e+06
162 1.5819e+06
163 1.58196e+06
164 1.582e+06
165 1.58205e+06
166 1.58218e+06
167 1.58223e+06
168 1.58234e+06
169 1.58242e+06
170 1.58246e+06
171 1.58255e+06
172 1.58267e+06
173 1.58269e+06
174 1.58279e+06
175 1.58283e+06
176 1.58291e+06
177 1.58296e+06
178 1.58299e+06
179 1.5831e+06
180 1.58326e+06
181 1.5833e+06
182 1.58335e+06
183 1.5835e+06
184 1.58363e+06
185 1.58372e+06
186 1.58383e+06
187 1.584e+06
188 1.58407e+06
189 1.58413e+06
190 1.58424e+06
191 1.58435e+06
192 1.58442e+06
193 1.58443e+06
194 1.5845e+06
195 1.58455e+06
196 1.58464e+06
197 1.58471e+06
198 1.58492e+06
199 1.585e+06
200 1.58512e+06
201 1.58523e+06
202 1.58529e+06
203 1.58541e+06
204 1.58546e+06
205 1.58557e+06
206 1.58563e+06
207 1.58572e+06
208 1.58575e+06
209 1.58579e+06
210 1.58586e+06
211 1.58591e+06
212 1.58601e+06
213 1.58618e+06
214 1.58624e+06
215 1.58625e+06
216 1.58638e+06
217 1.58648e+06
218 1.58658e+06
219 1.58663e+06
220 1.58667e+06
221 1.58679e+06
222 1.58692e+06
223 1.58702e+06
224 1.5871e+06
225 1.58721e+06
226 1.58723e+06
227 1.58733e+06
228 1.58742e+06
229 1.58744e+06
230 1.58752e+06
231 1.58762e+06
232 1.5877e+06
233 1.58778e+06
234 1.58786e+06
235 1.58795e+06
236 1.58801e+06
237 1.58807e+06
238 1.58811e+06
239 1.58818e+06
240 1.58819e+06
241 1.58824e+06
242 1.58834e+06
243 1.58839e+06
244 1.58846e+06
245 1.58857e+06
246 1.58867e+06
247 1.58868e+06
248 1.58881e+06
249 1.5889e+06
250 1.589e+06
251 1.58904e+06
252 1.58905e+06
253 1.58914e+06
254 1.58915e+06
255 1.58921e+06
256 1.58923e+06
257 1.58927e+06
258 1.58933e+06
259 1.58938e+06
260 1.58943e+06
261 1.5896e+06
262 1.5897e+06
263 1.58976e+06
264 1.58976e+06
265 1.5898e+06
266 1.5899e+06
267 1.59e+06
268 1.58998e+06
269 1.59005e+06
270 1.59008e+06
271 1.59011e+06
272 1.59013e+06
273 1.59022e+06
274 1.59034e+06
275 1.59035e+06
276 1.59043e+06
277 1.59048e+06
278 1.59059e+06
279 1.59067e+06
280 1.59082e+06
281 1.59093e+06
282 1.59098e+06
283 1.59105e+06
284 1.59121e+06
285 1.59125e+06
286 1.59141e+06
287 1.59148e+06
288 1.5915e+06
289 1.5916e+06
290 1.59166e+06
291 1.59173e+06
292 1.59175e+06
293 1.59176e+06
294 1.59188e+06
295 1.59194e+06
296 1.59198e+06
297 1.5921e+06
298 1.59214e+06
299 1.59223e+06
300 1.59226e+06
301 1.59238e+06
302 1.59244e+06
303 1.59252e+06
304 1.59257e+06
305 1.5926e+06
306 1.59262e+06
307 1.59262e+06
308 1.59266e+06
309 1.59281e+06
310 1.59283e+06
311 1.5929e+06
312 1.59298e+06
313 1.59299e+06
314 1.59302e+06
315 1.59313e+06
316 1.5932e+06
317 1.5933e+06
318 1.5934e+06
319 1.59342e+06
320 1.5935e+06
321 1.59362e+06
322 1.59366e+06
323 1.59376e+06
324 1.59384e+06
325 1.59387e+06
326 1.59387e+06
327 1.59399e+06
328 1.59409e+06
329 1.59415e+06
330 1.5942e+06
331 1.59422e+06
332 1.59424e+06
333 1.59433e+06
334 1.59442e+06
335 1.59442e+06
336 1.59442e+06
337 1.59446e+06
338 1.5946e+06
339 1.59466e+06
340 1.59484e+06
341 1.59486e+06
342 1.59496e+06
343 1.595e+06
344 1.59505e+06
345 1.5952e+06
346 1.59526e+06
347 1.59534e+06
348 1.5954e+06
349 1.59548e+06
350 1.59552e+06
351 1.5956e+06
352 1.59566e+06
353 1.59567e+06
354 1.59573e+06
355 1.5959e+06
356 1.59595e+06
357 1.59602e+06
358 1.59613e+06
359 1.59624e+06
360 1.59633e+06
361 1.59643e+06
362 1.59642e+06
363 1.59647e+06
364 1.59652e+06
365 1.59656e+06
366 1.59658e+06
367 1.59662e+06
368 1.59666e+06
369 1.59672e+06
370 1.59684e+06
371 1.5969e+06
372 1.597e+06
373 1.59706e+06
374 1.5971e+06
375 1.59726e+06
376 1.59733e+06
377 1.5974e+06
378 1.59751e+06
379 1.5976e+06
380 1.59767e+06
381 1.59769e+06
382 1.59778e+06
383 1.59781e+06
384 1.59787e+06
385 1.5979e+06
386 1.59797e+06
387 1.59806e+06
388 1.59813e+06
389 1.59813e+06
390 1.59825e+06
391 1.59829e+06
392 1.59836e+06
393 1.5985e+06
394 1.59858e+06
395 1.59865e+06
396 1.59876e+06
397 1.59885e+06
398 1.59888e+06
399 1.59907e+06
400 1.59911e+06
401 1.59918e+06
402 1.59922e+06
403 1.59933e+06
404 1.59942e+06
405 1.59942e+06
406 1.59942e+06
407 1.5995e+06
408 1.59964e+06
409 1.59971e+06
410 1.5998e+06
411 1.59987e+06
412 1.59989e+06
413 1.60003e+06
414 1.60008e+06
415 1.60016e+06
416 1.60021e+06
417 1.60031e+06
418 1.6004e+06
419 1.60048e+06
420 1.60054e+06
421 1.60064e+06
422 1.60066e+06
423 1.60078e+06
424 1.60084e+06
425 1.60087e+06
426 1.60088e+06
427 1.60098e+06
428 1.60108e+06
429 1.6012e+06
430 1.60128e+06
431 1.60144e+06
432 1.60157e+06
433 1.60159e+06
434 1.60167e+06
435 1.60183e+06
436 1.6019e+06
437 1.60195e+06
438 1.60196e+06
439 1.60202e+06
440 1.60207e+06
441 1.60213e+06
442 1.60215e+06
443 1.60217e+06
444 1.60222e+06
445 1.60226e+06
446 1.60231e+06
447 1.60237e+06
448 1.6024e+06
449 1.60245e+06
450 1.60249e+06
451 1.60259e+06
452 1.60265e+06
453 1.60267e+06
454 1.60272e+06
455 1.60279e+06
456 1.60285e+06
457 1.60295e+06
458 1.60299e+06
459 1.60306e+06
460 1.60312e+06
461 1.60317e+06
462 1.60323e+06
463 1.60325e+06
464 1.60342e+06
465 1.60345e+06
466 1.60352e+06
467 1.60355e+06
468 1.60362e+06
469 1.60368e+06
470 1.60372e+06
471 1.60377e+06
472 1.60382e+06
473 1.60388e+06
474 1.6039e+06
475 1.60395e+06
476 1.6041e+06
477 1.60418e+06
478 1.60422e+06
479 1.60427e+06
480 1.60428e+06
481 1.60432e+06
482 1.60435e+06
483 1.6044e+06
484 1.60449e+06
485 1.60454e+06
486 1.60456e+06
487 1.6046e+06
488 1.60472e+06
489 1.6048e+06
490 1.60483e+06
491 1.60483e+06
492 1.60492e+06
493 1.60496e+06
494 1.60501e+06
495 1.60513e+06
496 1.60518e+06
497 1.60527e+06
498 1.60542e+06
499 1.60566e+06
500 1.60575e+06
501 1.60576e+06
502 1.60581e+06
503 1.60592e+06
504 1.60595e+06
505 1.60601e+06
506 1.60602e+06
507 1.60601e+06
508 1.60604e+06
509 1.60612e+06
510 1.60628e+06
511 1.60633e+06
512 1.60636e+06
513 1.60637e+06
514 1.60643e+06
515 1.60642e+06
516 1.60646e+06
517 1.60655e+06
518 1.60664e+06
519 1.60673e+06
520 1.60678e+06
521 1.60688e+06
522 1.60696e+06
523 1.60715e+06
524 1.60718e+06
525 1.60722e+06
526 1.60731e+06
527 1.60736e+06
528 1.6074e+06
529 1.60747e+06
530 1.60751e+06
531 1.60754e+06
532 1.60762e+06
533 1.60765e+06
534 1.60767e+06
535 1.60773e+06
536 1.60773e+06
537 1.60778e+06
538 1.6079e+06
539 1.60798e+06
540 1.60802e+06
541 1.60815e+06
542 1.60833e+06
543 1.60835e+06
544 1.6084e+06
545 1.6084e+06
546 1.60848e+06
547 1.60853e+06
548 1.60858e+06
549 1.60864e+06
550 1.60869e+06
551 1.60879e+06
552 1.6088e+06
553 1.60881e+06
554 1.60886e+06
555 1.60908e+06
556 1.60911e+06
557 1.60911e+06
558 1.60915e+06
559 1.60918e+06
560 1.6092e+06
561 1.60928e+06
562 1.60932e+06
563 1.60933e+06
564 1.60934e+06
565 1.60941e+06
566 1.60943e+06
567 1.60942e+06
568 1.60953e+06
569 1.60958e+06
570 1.60961e+06
571 1.60968e+06
572 1.60968e+06
573 1.60974e+06
574 1.6098e+06
575 1.60987e+06
576 1.60996e+06
577 1.61004e+06
578 1.61007e+06
579 1.61016e+06
580 1.61025e+06
581 1.61027e+06
582 1.61033e+06
583 1.61049e+06
584 1.6105e+06
585 1.61055e+06
586 1.6107e+06
587 1.61077e+06
588 1.61079e+06
589 1.6108e+06
590 1.61082e+06
591 1.61089e+06
592 1.61095e+06
593 1.61103e+06
594 1.6111e+06
595 1.61114e+06
596 1.61122e+06
597 1.61126e+06
598 1.61132e+06
599 1.61135e+06
600 1.61153e+06
601 1.61162e+06
602 1.61173e+06
603 1.6118e+06
604 1.61185e+06
605 1.61188e+06
606 1.61192e+06
607 1.61207e+06
608 1.61213e+06
609 1.61222e+06
610 1.61233e+06
611 1.61234e+06
612 1.61241e+06
613 1.61247e+06
614 1.61249e+06
615 1.61248e+06
616 1.61258e+06
617 1.61269e+06
618 1.61276e+06
619 1.6128e+06
620 1.61282e+06
621 1.61283e+06
622 1.61295e+06
623 1.61304e+06
624 1.61316e+06
625 1.61318e+06
626 1.61325e+06
627 1.61336e+06
628 1.61337e+06
629 1.61339e+06
630 1.61345e+06
631 1.61349e+06
632 1.6136e+06
633 1.61363e+06
634 1.61366e+06
635 1.61374e+06
636 1.6138e+06
637 1.61385e+06
638 1.61394e+06
639 1.61397e+06
640 1.61398e+06
641 1.61399e+06
642 1.61409e+06
643 1.61418e+06
644 1.61433e+06
645 1.61436e+06
646 1.61445e+06
647 1.61449e+06
648 1.61449e+06
649 1.61449e+06
650 1.61452e+06
651 1.61454e+06
652 1.61457e+06
653 1.61465e+06
654 1.61468e+06
655 1.61481e+06
656 1.61493e+06
657 1.61497e+06
658 1.61506e+06
659 1.61506e+06
660 1.61511e+06
661 1.61511e+06
662 1.61516e+06
663 1.61522e+06
664 1.61525e+06
665 1.61534e+06
666 1.61539e+06
667 1.61539e+06
668 1.61541e+06
669 1.61541e+06
670 1.61543e+06
671 1.61556e+06
672 1.61563e+06
673 1.61574e+06
674 1.61578e+06
675 1.61591e+06
676 1.61606e+06
677 1.61612e+06
678 1.61618e+06
679 1.61621e+06
680 1.61628e+06
681 1.61631e+06
682 1.61639e+06
683 1.61648e+06
684 1.61655e+06
685 1.61668e+06
686 1.61677e+06
687 1.61682e+06
688 1.61687e+06
689 1.61691e+06
690 1.617e+06
691 1.61706e+06
692 1.61709e+06
693 1.61715e+06
694 1.61716e+06
695 1.61722e+06
696 1.61731e+06
697 1.61734e+06
698 1.61736e+06
699 1.61738e+06
700 1.61757e+06
701 1.61766e+06
702 1.61768e+06
703 1.61768e+06
704 1.6178e+06
705 1.61788e+06
706 1.618e+06
707 1.61808e+06
708 1.61815e+06
709 1.61833e+06
710 1.6184e+06
711 1.61852e+06
712 1.61856e+06
713 1.61856e+06
714 1.61867e+06
715 1.61872e+06
716 1.61882e+06
717 1.61886e+06
718 1.61897e+06
719 1.619e+06
720 1.61909e+06
721 1.61914e+06
722 1.61915e+06
723 1.61921e+06
724 1.61927e+06
725 1.61935e+06
726 1.61943e+06
727 1.61954e+06
728 1.61964e+06
729 1.61967e+06
730 1.61968e+06
731 1.6197e+06
732 1.61974e+06
733 1.61977e+06
734 1.61988e+06
735 1.61992e+06
736 1.61994e+06
737 1.62009e+06
738 1.62017e+06
739 1.62019e+06
740 1.62022e+06
741 1.62022e+06
742 1.62029e+06
743 1.62033e+06
744 1.62038e+06
745 1.62041e+06
746 1.62047e+06
747 1.6205e+06
748 1.62052e+06
749 1.62052e+06
750 1.62053e+06
751 1.62052e+06
752 1.62055e+06
753 1.62061e+06
754 1.62063e+06
755 1.62068e+06
756 1.62076e+06
757 1.62087e+06
758 1.6209e+06
759 1.62091e+06
760 1.62097e+06
761 1.62104e+06
762 1.6211e+06
763 1.62115e+06
764 1.62116e+06
765 1.62125e+06
766 1.62131e+06
767 1.62134e+06
768 1.62138e+06
769 1.62147e+06
770 1.62151e+06
771 1.62157e+06
772 1.62172e+06
773 1.62174e+06
774 1.62182e+06
775 1.62188e+06
776 1.62191e+06
777 1.62201e+06
778 1.62208e+06
779 1.62211e+06
780 1.62211e+06
781 1.62216e+06
782 1.62216e+06
783 1.62223e+06
784 1.62229e+06
785 1.62234e+06
786 1.62233e+06
787 1.62241e+06
788 1.62246e+06
789 1.62253e+06
790 1.62257e+06
791 1.62261e+06
792 1.62261e+06
793 1.62265e+06
794 1.62272e+06
795 1.62279e+06
796 1.62281e+06
797 1.62293e+06
798 1.62298e+06
799 1.62304e+06
800 1.62315e+06
801 1.62319e+06
802 1.62323e+06
803 1.62327e+06
804 1.62332e+06
805 1.62334e+06
806 1.62343e+06
807 1.62346e+06
808 1.62347e+06
809 1.62348e+06
810 1.62352e+06
811 1.6236e+06
812 1.62363e+06
813 1.62364e+06
814 1.62377e+06
815 1.62381e+06
816 1.62383e+06
817 1.62391e+06
818 1.62393e+06
819 1.624e+06
820 1.62407e+06
821 1.62411e+06
822 1.62412e+06
823 1.62417e+06
824 1.62419e+06
825 1.62432e+06
826 1.6244e+06
827 1.62442e+06
828 1.62454e+06
829 1.62458e+06
830 1.62465e+06
831 1.6247e+06
832 1.62477e+06
833 1.62479e+06
834 1.6248e+06
835 1.62485e+06
836 1.62488e+06
837 1.62491e+06
838 1.62492e+06
839 1.62497e+06
840 1.625e+06
841 1.62503e+06
842 1.62504e+06
843 1.62506e+06
844 1.62511e+06
845 1.62517e+06
846 1.62525e+06
847 1.6253e+06
848 1.62536e+06
849 1.62543e+06
850 1.62548e+06
851 1.62555e+06
852 1.62556e+06
853 1.6256e+06
854 1.62564e+06
855 1.62571e+06
856 1.62573e+06
857 1.62581e+06
858 1.62583e+06
859 1.62592e+06
860 1.62593e+06
861 1.62597e+06
862 1.62599e+06
863 1.62604e+06
864 1.62607e+06
865 1.62608e+06
866 1.62619e+06
867 1.62624e+06
868 1.62626e+06
869 1.62629e+06
870 1.6263e+06
871 1.62634e+06
872 1.62634e+06
873 1.62637e+06
874 1.62639e+06
875 1.62646e+06
876 1.62656e+06
877 1.62656e+06
878 1.62666e+06
879 1.6267e+06
880 1.62684e+06
881 1.62684e+06
882 1.62685e+06
883 1.62688e+06
884 1.62692e+06
885 1.62694e+06
886 1.62701e+06
887 1.62702e+06
888 1.62702e+06
889 1.62706e+06
890 1.62712e+06
891 1.62722e+06
892 1.6273e+06
893 1.62732e+06
894 1.62733e+06
895 1.62739e+06
896 1.62743e+06
897 1.62742e+06
898 1.62745e+06
899 1.6275e+06
900 1.62752e+06
901 1.62755e+06
902 1.62757e+06
903 1.62768e+06
904 1.62777e+06
905 1.62783e+06
906 1.62792e+06
907 1.628e+06
908 1.62803e+06
909 1.62804e+06
910 1.62808e+06
911 1.62813e+06
912 1.62822e+06
913 1.62827e+06
914 1.62836e+06
915 1.62841e+06
916 1.62848e+06
917 1.62857e+06
918 1.62858e+06
919 1.62865e+06
920 1.62865e+06
921 1.62869e+06
922 1.6287e+06
923 1.62882e+06
924 1.62886e+06
925 1.62889e+06
926 1.6289e+06
927 1.62894e+06
928 1.62895e+06
929 1.62901e+06
930 1.62904e+06
931 1.62908e+06
932 1.62914e+06
933 1.62915e+06
934 1.6292e+06
935 1.62921e+06
936 1.62928e+06
937 1.62936e+06
938 1.62938e+06
939 1.62942e+06
940 1.62947e+06
941 1.6295e+06
942 1.62954e+06
943 1.62957e+06
944 1.6296e+06
945 1.62965e+06
946 1.62967e+06
947 1.62968e+06
948 1.62986e+06
949 1.62991e+06
950 1.62994e+06
951 1.62996e+06
952 1.63002e+06
953 1.63013e+06
954 1.63019e+06
955 1.63021e+06
956 1.63026e+06
957 1.63031e+06
958 1.63033e+06
959 1.63038e+06
960 1.63038e+06
961 1.63045e+06
962 1.63047e+06
963 1.63054e+06
964 1.63057e+06
965 1.63064e+06
966 1.63065e+06
967 1.63077e+06
968 1.6308e+06
969 1.6308e+06
970 1.6308e+06
971 1.63088e+06
972 1.63087e+06
973 1.63096e+06
974 1.63096e+06
975 1.63098e+06
976 1.63099e+06
977 1.63108e+06
978 1.63113e+06
979 1.63114e+06
980 1.63118e+06
981 1.63121e+06
982 1.63122e+06
983 1.63126e+06
984 1.63132e+06
985 1.63135e+06
986 1.63136e+06
987 1.63138e+06
988 1.63149e+06
989 1.63154e+06
990 1.63159e+06
991 1.6316e+06
992 1.63163e+06
993 1.63168e+06
994 1.63172e+06
995 1.63184e+06
996 1.63192e+06
997 1.63202e+06
998 1.63203e+06
999 1.63206e+06
1000 1.63209e+06
