128 0.3 0.222
0 156776
1 1.56785e+06
2 1.56789e+06
3 1.56801e+06
4 1.56809e+06
5 1.56814e+06
6 1.56823e+06
7 1.56835e+06
8 1.56851e+06
9 1.56858e+06
10 1.56862e+06
11 1.5687e+06
12 1.56872e+06
13 1.56877e+06
14 1.56879e+06
15 1.56883e+06
16 1.56898e+06
17 1.56907e+06
18 1.56918e+06
19 1.56935e+06
20 1.56938e+06
21 1.56946e+06
22 1.5695e+06
23 1.56959e+06
24 1.56964e+06
25 1.56972e+06
26 1.56982e+06
27 1.5699e+06
28 1.57006e+06
29 1.57011e+06
30 1.57036e+06
31 1.57046e+06
32 1.5705e+06
33 1.57065e+06
34 1.57078e+06
35 1.57089e+06
36 1.57105e+06
37 1.57108e+06
38 1.57122e+06
39 1.57134e+06
40 1.57146e+06
41 1.57157e+06
42 1.57167e+06
43 1.57178e+06
44 1.57186e+06
45 1.57211e+06
46 1.57213e+06
47 1.57222e+06
48 1.5723e+06
49 1.57234e+06
50 1.57245e+06
51 1.57262e+06
52 1.57288e+06
53 1.57293e+06
54 1.57301e+06
55 1.57314e+06
56 1.57333e+06
57 1.57338e+06
58 1.57344e+06
59 1.57349e+06
60 1.57353e+06
61 1.57354e+06
62 1.57358e+06
63 1.57366e+06
64 1.57383e+06
65 1.57397e+06
66 1.57405e+06
67 1.57409e+06
68 1.5742e+06
69 1.5743e+06
70 1.5744e+06
71 1.57446e+06
72 1.5745e+06
73 1.5747e+06
74 1.57479e+06
75 1.57487e+06
76 1.57497e+06
77 1.57497e+06
78 1.57504e+06
79 1.57512e+06
80 1.57522e+06
81 1.57533e+06
82 1.57554e+06
83 1.57562e+06
84 1.57574e+06
85 1.57582e+06
86 1.57589e+06
87 1.57602e+06
88 1.5761e+06
89 1.57612e+06
90 1.57613e+06
91 1.57623e+06
92 1.57632e+06
93 1.5764e+06
94 1.57653e+06
95 1.57658e+06
96 1.5766e+06
97 1.57668e+06
98 1.57677e+06
99 1.57692e+06
100 1.57697e+06
101 1.57708e+06
102 1.57724e+06
103 1.57739e+06
104 1.57743e+06
105 1.57758e+06
106 1.57774e+06
107 1.57784e+06
108 1.57786e+06
109 1.57791e+06
110 1.57798e+06
111 1.57806e+06
112 1.5781e+06
113 1.57817e+06
114 1.57823e+06
115 1.57826e+06
116 1.57835e+06
117 1.57852e+06
118 1.57871e+06
119 1.57878e+06
120 1.57882e+06
121 1.57891e+06
122 1.57897e+06
123 1.57905e+06
124 1.5792e+06
125 1.57924e+06
126 1.57935e+06
127 1.57938e+06
128 1.57948e+06
129 1.57956e+06
130 1.57961e+06
131 1.57969e+06
132 1.57969e+06
133 1.57972e+06
134 1.57976e+06
135 1.57984e+06
136 1.57998e+06
137 1.58011e+06
138 1.58016e+06
139 1.58022e+06
140 1.58024e+06
141 1.58036e+06
142 1.58047e+06
143 1.58063e+06
144 1.58078e+06
145 1.58089e+06
146 1.58094e+06
147 1.581e+06
148 1.58117e+06
149 1.58132e+06
150 1.58132e+06
151 1.58139e+06
152 1.58151e+06
153 1.58157e+06
154 1.5816e+06
155 1.58168e+06
156 1.58178e+06
157 1.58189e+06
158 1.58195e+06
159 1.58196e+06
160 1.58199e+06
161 1.58209e+06
162 1.58226e+06
163 1.58242e+06
164 1.58242e+06
165 1.58242e+06
166 1.58252e+06
167 1.58262e+06
168 1.58267e+06
169 1.58272e+06
170 1.58287e+06
171 1.58293e+06
172 1.58306e+06
173 1.58311e+06
174 1.58316e+06
175 1.58327e+06
176 1.58341e+06
177 1.58344e+06
178 1.58355e+06
179 1.5837e+06
180 1.58386e+06
181 1.58393e+06
182 1.58399e+06
183 1.58402e+06
184 1.58409e+06
185 1.58418e+06
186 1.58422e+06
187 1.58427e+06
188 1.58438e+06
189 1.58444e+06
190 1.58445e+06
191 1.58458e+06
192 1.58467e+06
193 1.58477e+06
194 1.58479e+06
195 1.5849e+06
196 1.58499e+06
197 1.5851e+06
198 1.58516e+06
199 1.58524e+06
200 1.58532e+06
201 1.58542e+06
202 1.58551e+06
203 1.58555e+06
204 1.58562e+06
205 1.58568e+06
206 1.5858e+06
207 1.5858e+06
208 1.58587e+06
209 1.58591e+06
210 1.58597e+06
211 1.58602e+06
212 1.5861e+06
213 1.58622e+06
214 1.58635e+06
215 1.58637e+06
216 1.5864e+06
217 1.5864e+06
218 1.58645e+06
219 1.58654e+06
220 1.58663e+06
221 1.58669e+06
222 1.58674e+06
223 1.58676e+06
224 1.5868e+06
225 1.58685e+06
226 1.5869e+06
227 1.58691e+06
228 1.58697e+06
229 1.5871e+06
230 1.58712e+06
231 1.58713e+06
232 1.58717e+06
233 1.58722e+06
234 1.58725e+06
235 1.58735e+06
236 1.58744e+06
237 1.58751e+06
238 1.58752e+06
239 1.5876e+06
240 1.58764e+06
241 1.58785e+06
242 1.58789e+06
243 1.58806e+06
244 1.58814e+06
245 1.58818e+06
246 1.5882e+06
247 1.58826e+06
248 1.58833e+06
249 1.58835e+06
250 1.58843e+06
251 1.58851e+06
252 1.5886e+06
253 1.58871e+06
254 1.58877e+06
255 1.58883e+06
256 1.58889e+06
257 1.589e+06
258 1.58905e+06
259 1.58918e+06
260 1.58929e+06
261 1.58937e+06
262 1.58945e+06
263 1.58965e+06
264 1.58974e+06
265 1.58978e+06
266 1.58983e+06
267 1.58991e+06
268 1.58998e+06
269 1.59003e+06
270 1.59011e+06
271 1.59015e+06
272 1.59027e+06
273 1.59036e+06
274 1.5904e+06
275 1.5905e+06
276 1.59064e+06
277 1.59074e+06
278 1.59079e+06
279 1.5909e+06
280 1.59092e+06
281 1.59099e+06
282 1.59102e+06
283 1.59115e+06
284 1.59124e+06
285 1.59124e+06
286 1.59128e+06
287 1.59134e+06
288 1.59147e+06
289 1.59154e+06
290 1.5916e+06
291 1.59166e+06
292 1.59177e+06
293 1.59196e+06
294 1.592e+06
295 1.5921e+06
296 1.59218e+06
297 1.59227e+06
298 1.5923e+06
299 1.59237e+06
300 1.59241e+06
301 1.59245e+06
302 1.59261e+06
303 1.59266e+06
304 1.59287e+06
305 1.5929e+06
306 1.59295e+06
307 1.59298e+06
308 1.59302e+06
309 1.59311e+06
310 1.59313e+06
311 1.59319e+06
312 1.5933e+06
313 1.59332e+06
314 1.59345e+06
315 1.59358e+06
316 1.59366e+06
317 1.59369e+06
318 1.59377e+06
319 1.5938e+06
320 1.59384e+06
321 1.59389e+06
322 1.59415e+06
323 1.59419e+06
324 1.59429e+06
325 1.59437e+06
326 1.59441e+06
327 1.59444e+06
328 1.59454e+06
329 1.59465e+06
330 1.59474e+06
331 1.59476e+06
332 1.59478e+06
333 1.59487e+06
334 1.59491e+06
335 1.595e+06
336 1.59509e+06
337 1.59512e+06
338 1.59512e+06
339 1.59514e+06
340 1.5952e+06
341 1.59532e+06
342 1.59536e+06
343 1.59546e+06
344 1.59552e+06
345 1.59566e+06
346 1.5957e+06
347 1.59576e+06
348 1.59579e+06
349 1.59587e+06
350 1.59588e+06
351 1.59598e+06
352 1.59603e+06
353 1.5961e+06
354 1.59626e+06
355 1.59631e+06
356 1.5964e+06
357 1.59653e+06
358 1.59664e+06
359 1.59675e+06
360 1.59682e+06
361 1.59692e+06
362 1.59703e+06
363 1.59704e+06
364 1.59716e+06
365 1.59722e+06
366 1.59724e+06
367 1.59731e+06
368 1.59735e+06
369 1.59743e+06
370 1.59747e+06
371 1.59752e+06
372 1.59758e+06
373 1.59764e+06
374 1.59769e+06
375 1.59776e+06
376 1.59777e+06
377 1.59781e+06
378 1.59785e+06
379 1.59792e+06
380 1.59796e+06
381 1.59802e+06
382 1.59809e+06
383 1.59821e+06
384 1.59833e+06
385 1.59844e+06
386 1.59847e+06
387 1.59852e+06
388 1.59861e+06
389 1.59868e+06
390 1.5987e+06
391 1.59874e+06
392 1.59877e+06
393 1.59878e+06
394 1.59888e+06
395 1.59892e+06
396 1.59902e+06
397 1.59905e+06
398 1.59909e+06
399 1.5992e+06
400 1.59922e+06
401 1.59923e+06
402 1.59924e+06
403 1.5993e+06
404 1.59935e+06
405 1.59936e+06
406 1.59952e+06
407 1.59954e+06
408 1.59975e+06
409 1.59986e+06
410 1.59988e+06
411 1.60001e+06
412 1.60009e+06
413 1.60019e+06
414 1.60021e+06
415 1.60024e+06
416 1.60039e+06
417 1.60043e+06
418 1.60045e+06
419 1.60052e+06
420 1.60066e+06
421 1.60073e+06
422 1.60077e+06
423 1.60079e+06
424 1.60092e+06
425 1.60092e+06
426 1.60099e+06
427 1.6011e+06
428 1.60125e+06
429 1.60128e+06
430 1.60134e+06
431 1.60136e+06
432 1.60136e+06
433 1.60144e+06
434 1.6015e+06
435 1.60165e+06
436 1.60174e+06
437 1.60176e+06
438 1.60182e+06
439 1.6019e+06
440 1.602e+06
441 1.60201e+06
442 1.60204e+06
443 1.60211e+06
444 1.60214e+06
445 1.60216e+06
446 1.60222e+06
447 1.60229e+06
448 1.60231e+06
449 1.6024e+06
450 1.60253e+06
451 1.6026e+06
452 1.6026e+06
453 1.6027e+06
454 1.6028e+06
455 1.60286e+06
456 1.60292e+06
457 1.60301e+06
458 1.60304e+06
459 1.60315e+06
460 1.60323e+06
461 1.60332e+06
462 1.60334e+06
463 1.60345e+06
464 1.60347e+06
465 1.60352e+06
466 1.60364e+06
467 1.60367e+06
468 1.60375e+06
469 1.60388e+06
470 1.60401e+06
471 1.60402e+06
472 1.60408e+06
473 1.60415e+06
474 1.60419e+06
475 1.6042e+06
476 1.6043e+06
477 1.60435e+06
478 1.6044e+06
479 1.60443e+06
480 1.60452e+06
481 1.60458e+06
482 1.60469e+06
483 1.60476e+06
484 1.60478e+06
485 1.60482e+06
486 1.60486e+06
487 1.6049e+06
488 1.60492e+06
489 1.60496e+06
490 1.60501e+06
491 1.60505e+06
492 1.60507e+06
493 1.60516e+06
494 1.60516e+06
495 1.6052e+06
496 1.60528e+06
497 1.60532e+06
498 1.60534e+06
499 1.6054e+06
500 1.60544e+06
501 1.60548e+06
502 1.60554e+06
503 1.60563e+06
504 1.60569e+06
505 1.60578e+06
506 1.60589e+06
507 1.60599e+06
508 1.60607e+06
509 1.60614e+06
510 1.60622e+06
511 1.60634e+06
512 1.60635e+06
513 1.60636e+06
514 1.60636e+06
515 1.60647e+06
516 1.6065e+06
517 1.60657e+06
518 1.60664e+06
519 1.60673e+06
520 1.60686e+06
521 1.6069e+06
522 1.60697e+06
523 1.60703e+06
524 1.60707e+06
525 1.6071e+06
526 1.60719e+06
527 1.60722e+06
528 1.60728e+06
529 1.6073e+06
530 1.60746e+06
531 1.6075e+06
532 1.60758e+06
533 1.60758e+06
534 1.60762e+06
535 1.60763e+06
536 1.60767e+06
537 1.60769e+06
538 1.6078e+06
539 1.60781e+06
540 1.60782e+06
541 1.60789e+06
542 1.60795e+06
543 1.60804e+06
544 1.60812e+06
545 1.60817e+06
546 1.60827e+06
547 1.60828e+06
548 1.60834e+06
549 1.60845e+06
550 1.60845e+06
551 1.60849e+06
552 1.60853e+06
553 1.60859e+06
554 1.6086e+06
555 1.60869e+06
556 1.60871e+06
557 1.60871e+06
558 1.60878e+06
559 1.60879e+06
560 1.60888e+06
561 1.60888e+06
562 1.6089e+06
563 1.6089e+06
564 1.60891e+06
565 1.60893e+06
566 1.60896e+06
567 1.609e+06
568 1.60908e+06
569 1.60916e+06
570 1.60931e+06
571 1.60931e+06
572 1.60941e+06
573 1.60941e+06
574 1.60944e+06
575 1.60953e+06
576 1.60953e+06
577 1.60958e+06
578 1.60962e+06
579 1.60965e+06
580 1.60978e+06
581 1.60986e+06
582 1.60988e+06
583 1.6099e+06
584 1.60998e+06
585 1.61008e+06
586 1.61014e+06
587 1.61014e+06
588 1.61022e+06
589 1.61024e+06
590 1.61031e+06
591 1.61037e+06
592 1.61039e+06
593 1.61048e+06
594 1.61052e+06
595 1.61056e+06
596 1.61056e+06
597 1.61064e+06
598 1.61073e+06
599 1.61077e+06
600 1.61078e+06
601 1.61079e+06
602 1.61084e+06
603 1.61091e+06
604 1.61094e+06
605 1.61099e+06
606 1.61105e+06
607 1.61105e+06
608 1.61113e+06
609 1.61117e+06
610 1.61118e+06
611 1.61126e+06
612 1.61129e+06
613 1.6113e+06
614 1.61141e+06
615 1.61145e+06
616 1.61148e+06
617 1.61154e+06
618 1.61159e+06
619 1.61178e+06
620 1.61182e+06
621 1.61182e+06
622 1.61183e+06
623 1.61187e+06
624 1.61194e+06
625 1.61199e+06
626 1.61209e+06
627 1.6121e+06
628 1.61216e+06
629 1.61222e+06
630 1.61234e+06
631 1.61234e+06
632 1.61239e+06
633 1.6124e+06
634 1.61247e+06
635 1.61255e+06
636 1.61255e+06
637 1.61265e+06
638 1.61273e+06
639 1.61281e+06
640 1.61287e+06
641 1.61289e+06
642 1.61296e+06
643 1.613e+06
644 1.61305e+06
645 1.6131e+06
646 1.61317e+06
647 1.61322e+06
648 1.61335e+06
649 1.61343e+06
650 1.61348e+06
651 1.61349e+06
652 1.61355e+06
653 1.61355e+06
654 1.61363e+06
655 1.61374e+06
656 1.61386e+06
657 1.61396e+06
658 1.61405e+06
659 1.61412e+06
660 1.61419e+06
661 1.61419e+06
662 1.6142e+06
663 1.61424e+06
664 1.61429e+06
665 1.61437e+06
666 1.6144e+06
667 1.61442e+06
668 1.61446e+06
669 1.61447e+06
670 1.61454e+06
671 1.61458e+06
672 1.61469e+06
673 1.61471e+06
674 1.61476e+06
675 1.61476e+06
676 1.61484e+06
677 1.61488e+06
678 1.61492e+06
679 1.61494e+06
680 1.61507e+06
681 1.61509e+06
682 1.61512e+06
683 1.61518e+06
684 1.61518e+06
685 1.61521e+06
686 1.61531e+06
687 1.61532e+06
688 1.61538e+06
689 1.61544e+06
690 1.61547e+06
691 1.61552e+06
692 1.61558e+06
693 1.61561e+06
694 1.61573e+06
695 1.61578e+06
696 1.61579e+06
697 1.6158e+06
698 1.6159e+06
699 1.61592e+06
700 1.61594e+06
701 1.61597e+06
702 1.61602e+06
703 1.61605e+06
704 1.61609e+06
705 1.61612e+06
706 1.61618e+06
707 1.61623e+06
708 1.61627e+06
709 1.61632e+06
710 1.61634e+06
711 1.61637e+06
712 1.61642e+06
713 1.61644e+06
714 1.61646e+06
715 1.61655e+06
716 1.61661e+06
717 1.61662e+06
718 1.61666e+06
719 1.61675e+06
720 1.61685e+06
721 1.61686e+06
722 1.61692e+06
723 1.61693e+06
724 1.61696e+06
725 1.61704e+06
726 1.61706e+06
727 1.61713e+06
728 1.61717e+06
729 1.61717e+06
730 1.61723e+06
731 1.61726e+06
732 1.6173e+06
733 1.6174e+06
734 1.61753e+06
735 1.61759e+06
736 1.61769e+06
737 1.61773e+06
738 1.61775e+06
739 1.61778e+06
740 1.61779e+06
741 1.61787e+06
742 1.61792e+06
743 1.618e+06
744 1.61802e+06
745 1.61806e+06
746 1.61808e+06
747 1.61812e+06
748 1.61823e+06
749 1.61827e+06
750 1.61842e+06
751 1.61851e+06
752 1.61865e+06
753 1.61868e+06
754 1.61872e+06
755 1.61877e+06
756 1.61891e+06
757 1.61896e+06
758 1.619e+06
759 1.61906e+06
760 1.61908e+06
761 1.61911e+06
762 1.61914e+06
763 1.61919e+06
764 1.61926e+06
765 1.6193e+06
766 1.61938e+06
767 1.61941e+06
768 1.6194e+06
769 1.61942e+06
770 1.61945e+06
771 1.61955e+06
772 1.61956e+06
773 1.61963e+06
774 1.61971e+06
775 1.61973e+06
776 1.61976e+06
777 1.61981e+06
778 1.6199e+06
779 1.62001e+06
780 1.62004e+06
781 1.62011e+06
782 1.62014e+06
783 1.62021e+06
784 1.62028e+06
785 1.62041e+06
786 1.6205e+06
787 1.62066e+06
788 1.62073e+06
789 1.62074e+06
790 1.62083e+06
791 1.62095e+06
792 1.62096e+06
793 1.62098e+06
794 1.62106e+06
795 1.62116e+06
796 1.62124e+06
797 1.62125e+06
798 1.62132e+06
799 1.62138e+06
800 1.62146e+06
801 1.62154e+06
802 1.62158e+06
803 1.62158e+06
804 1.6217e+06
805 1.62177e+06
806 1.62186e+06
807 1.62193e+06
808 1.62199e+06
809 1.62209e+06
810 1.62212e+06
811 1.62216e+06
812 1.62226e+06
813 1.6223e+06
814 1.6223e+06
815 1.62236e+06
816 1.62243e+06
817 1.6225e+06
818 1.62251e+06
819 1.62253e+06
820 1.62262e+06
821 1.62264e+06
822 1.62264e+06
823 1.62264e+06
824 1.62271e+06
825 1.6228e+06
826 1.62288e+06
827 1.62307e+06
828 1.62309e+06
829 1.62315e+06
830 1.62321e+06
831 1.62321e+06
832 1.62331e+06
833 1.62331e+06
834 1.62336e+06
835 1.62339e+06
836 1.62348e+06
837 1.62352e+06
838 1.62357e+06
839 1.62359e+06
840 1.6236e+06
841 1.62368e+06
842 1.62371e+06
843 1.62378e+06
844 1.62381e+06
845 1.62388e+06
846 1.62392e+06
847 1.62398e+06
848 1.62411e+06
849 1.62416e+06
850 1.62418e+06
851 1.62423e+06
852 1.62431e+06
853 1.62436e+06
854 1.62446e+06
855 1.62461e+06
856 1.62473e+06
857 1.62477e+06
858 1.62488e+06
859 1.62496e+06
860 1.62499e+06
861 1.62506e+06
862 1.62514e+06
863 1.62521e+06
864 1.62525e+06
865 1.62529e+06
866 1.62532e+06
867 1.62534e+06
868 1.62536e+06
869 1.62536e+06
870 1.6254e+06
871 1.62544e+06
872 1.6255e+06
873 1.62554e+06
874 1.62563e+06
875 1.62569e+06
876 1.62579e+06
877 1.62582e+06
878 1.62586e+06
879 1.62589e+06
880 1.62594e+06
881 1.62605e+06
882 1.62617e+06
883 1.62622e+06
884 1.62623e+06
885 1.62626e+06
886 1.62636e+06
887 1.62644e+06
888 1.62649e+06
889 1.6265e+06
890 1.62665e+06
891 1.62675e+06
892 1.62684e+06
893 1.62688e+06
894 1.6269e+06
895 1.62697e+06
896 1.62704e+06
897 1.62704e+06
898 1.62704e+06
899 1.62713e+06
900 1.6272e+06
901 1.62722e+06
902 1.62732e+06
903 1.62736e+06
904 1.62738e+06
905 1.62739e+06
906 1.62754e+06
907 1.62757e+06
908 1.62763e+06
909 1.62766e+06
910 1.62774e+06
911 1.62784e+06
912 1.6279e+06
913 1.62794e+06
914 1.62803e+06
915 1.62806e+06
916 1.62811e+06
917 1.62814e+06
918 1.62819e+06
919 1.62823e+06
920 1.6283e+06
921 1.6283e+06
922 1.62831e+06
923 1.62846e+06
924 1.62858e+06
925 1.6286e+06
926 1.62864e+06
927 1.6287e+06
928 1.62876e+06
929 1.62887e+06
930 1.62891e+06
931 1.62892e+06
932 1.62901e+06
933 1.62902e+06
934 1.62905e+06
935 1.62907e+06
936 1.62912e+06
937 1.62917e+06
938 1.6292e+06
939 1.62924e+06
940 1.62924e+06
941 1.6293e+06
942 1.62931e+06
943 1.62939e+06
944 1.62943e+06
945 1.62949e+06
946 1.62956e+06
947 1.62963e+06
948 1.62975e+06
949 1.62978e+06
950 1.62979e+06
951 1.62979e+06
952 1.62984e+06
953 1.62989e+06
954 1.62998e+06
955 1.62998e+06
956 1.6301e+06
957 1.63012e+06
958 1.63018e+06
959 1.63023e+06
960 1.63026e+06
961 1.63032e+06
962 1.63038e+06
963 1.63042e+06
964 1.63048e+06
965 1.6306e+06
966 1.63062e+06
967 1.63064e+06
968 1.63066e+06
969 1.63072e+06
970 1.63075e+06
971 1.63081e+06
972 1.63082e+06
973 1.63094e+06
974 1.631e+06
975 1.63103e+06
976 1.63107e+06
977 1.63111e+06
978 1.63118e+06
979 1.6312e+06
980 1.63128e+06
981 1.63134e+06
982 1.63134e+06
983 1.63134e+06
984 1.63138e+06
985 1.6314e+06
986 1.6314e+06
987 1.6314e+06
988 1.63145e+06
989 1.63151e+06
990 1.63154e+06
991 1.63168e+06
992 1.63169e+06
993 1.63169e+06
994 1.63169e+06
995 1.63176e+06
996 1.63181e+06
997 1.63188e+06
998 1.63193e+06
999 1.63198e+06
1000 1.63201e+06
