128 0.3 0.432
0 156776
1 1.56784e+06
2 1.56787e+06
3 1.56801e+06
4 1.56814e+06
5 1.56821e+06
6 1.56828e+06
7 1.5684e+06
8 1.56856e+06
9 1.56863e+06
10 1.56866e+06
11 1.56874e+06
12 1.5688e+06
13 1.56884e+06
14 1.56885e+06
15 1.5689e+06
16 1.56904e+06
17 1.56914e+06
18 1.56924e+06
19 1.56941e+06
20 1.56948e+06
21 1.56955e+06
22 1.5696e+06
23 1.56976e+06
24 1.56982e+06
25 1.5699e+06
26 1.57001e+06
27 1.57011e+06
28 1.57025e+06
29 1.57032e+06
30 1.57055e+06
31 1.57065e+06
32 1.57071e+06
33 1.57083e+06
34 1.57097e+06
35 1.57104e+06
36 1.57126e+06
37 1.57134e+06
38 1.57148e+06
39 1.57158e+06
40 1.57175e+06
41 1.57186e+06
42 1.57194e+06
43 1.57202e+06
44 1.57211e+06
45 1.57232e+06
46 1.57234e+06
47 1.57241e+06
48 1.57253e+06
49 1.57256e+06
50 1.57263e+06
51 1.5728e+06
52 1.5731e+06
53 1.57316e+06
54 1.57324e+06
55 1.57332e+06
56 1.57354e+06
57 1.57359e+06
58 1.57366e+06
59 1.57372e+06
60 1.57375e+06
61 1.5738e+06
62 1.57387e+06
63 1.57392e+06
64 1.57408e+06
65 1.57414e+06
66 1.5743e+06
67 1.57438e+06
68 1.57449e+06
69 1.57468e+06
70 1.57481e+06
71 1.5749e+06
72 1.57498e+06
73 1.57512e+06
74 1.57527e+06
75 1.57536e+06
76 1.57545e+06
77 1.57546e+06
78 1.57552e+06
79 1.57564e+06
80 1.57578e+06
81 1.57585e+06
82 1.57602e+06
83 1.57609e+06
84 1.57617e+06
85 1.57623e+06
86 1.57629e+06
87 1.57644e+06
88 1.57646e+06
89 1.57646e+06
90 1.5765e+06
91 1.57662e+06
92 1.57669e+06
93 1.57678e+06
94 1.57691e+06
95 1.57696e+06
96 1.57699e+06
97 1.57704e+06
98 1.57714e+06
99 1.57718e+06
100 1.57724e+06
101 1.57732e+06
102 1.57743e+06
103 1.57759e+06
104 1.57763e+06
105 1.57783e+06
106 1.57813e+06
107 1.5782e+06
108 1.57828e+06
109 1.57835e+06
110 1.57842e+06
111 1.5785e+06
112 1.57854e+06
113 1.5786e+06
114 1.57868e+06
115 1.57868e+06
116 1.57878e+06
117 1.57894e+06
118 1.57903e+06
119 1.5791e+06
120 1.57918e+06
121 1.57923e+06
122 1.57928e+06
123 1.57939e+06
124 1.57952e+06
125 1.5796e+06
126 1.5797e+06
127 1.57977e+06
128 1.57985e+06
129 1.58e+06
130 1.58002e+06
131 1.58007e+06
132 1.58012e+06
133 1.58019e+06
134 1.58026e+06
135 1.5803e+06
136 1.58041e+06
137 1.5805e+06
138 1.58059e+06
139 1.58068e+06
140 1.58076e+06
141 1.58093e+06
142 1.58104e+06
143 1.58119e+06
144 1.58131e+06
145 1.58142e+06
146 1.58145e+06
147 1.58152e+06
148 1.5817e+06
149 1.58179e+06
150 1.58181e+06
151 1.58186e+06
152 1.58198e+06
153 1.58205e+06
154 1.5821e+06
155 1.58218e+06
156 1.58229e+06
157 1.5824e+06
158 1.58244e+06
159 1.58247e+06
160 1.58251e+06
161 1.58257e+06
162 1.58276e+06
163 1.58287e+06
164 1.58292e+06
165 1.58294e+06
166 1.58304e+06
167 1.58324e+06
168 1.58331e+06
169 1.58337e+06
170 1.58342e+06
171 1.58351e+06
172 1.58367e+06
173 1.58374e+06
174 1.5838e+06
175 1.58386e+06
176 1.58394e+06
177 1.58396e+06
178 1.58402e+06
179 1.58422e+06
180 1.58432e+06
181 1.58437e+06
182 1.58441e+06
183 1.58446e+06
184 1.58458e+06
185 1.58461e+06
186 1.58463e+06
187 1.58468e+06
188 1.58479e+06
189 1.58479e+06
190 1.58481e+06
191 1.58487e+06
192 1.58491e+06
193 1.58499e+06
194 1.58502e+06
195 1.5851e+06
196 1.58514e+06
197 1.58518e+06
198 1.58529e+06
199 1.5853e+06
200 1.58536e+06
201 1.58543e+06
202 1.58548e+06
203 1.5855e+06
204 1.58561e+06
205 1.58575e+06
206 1.58585e+06
207 1.58587e+06
208 1.58596e+06
209 1.58603e+06
210 1.58612e+06
211 1.58618e+06
212 1.5862e+06
213 1.58632e+06
214 1.58634e+06
215 1.58639e+06
216 1.58649e+06
217 1.58656e+06
218 1.58658e+06
219 1.58667e+06
220 1.58674e+06
221 1.58677e+06
222 1.58691e+06
223 1.58694e+06
224 1.58706e+06
225 1.58711e+06
226 1.58715e+06
227 1.58722e+06
228 1.58733e+06
229 1.58739e+06
230 1.58748e+06
231 1.58751e+06
232 1.58756e+06
233 1.58766e+06
234 1.58769e+06
235 1.5878e+06
236 1.5879e+06
237 1.58792e+06
238 1.58802e+06
239 1.58808e+06
240 1.58819e+06
241 1.58823e+06
242 1.5883e+06
243 1.58834e+06
244 1.58836e+06
245 1.58843e+06
246 1.58849e+06
247 1.58853e+06
248 1.58868e+06
249 1.58871e+06
250 1.58878e+06
251 1.58886e+06
252 1.58897e+06
253 1.5891e+06
254 1.58917e+06
255 1.58922e+06
256 1.58937e+06
257 1.58948e+06
258 1.58954e+06
259 1.58962e+06
260 1.58967e+06
261 1.5898e+06
262 1.58988e+06
263 1.59011e+06
264 1.59018e+06
265 1.59024e+06
266 1.5903e+06
267 1.59045e+06
268 1.59049e+06
269 1.59053e+06
270 1.59058e+06
271 1.59062e+06
272 1.59066e+06
273 1.59077e+06
274 1.5909e+06
275 1.59096e+06
276 1.59101e+06
277 1.59116e+06
278 1.59118e+06
279 1.5912e+06
280 1.59129e+06
281 1.59136e+06
282 1.59144e+06
283 1.59145e+06
284 1.59152e+06
285 1.59155e+06
286 1.59173e+06
287 1.59174e+06
288 1.5918e+06
289 1.59181e+06
290 1.59186e+06
291 1.59195e+06
292 1.59202e+06
293 1.59211e+06
294 1.59214e+06
295 1.59228e+06
296 1.59237e+06
297 1.59237e+06
298 1.59239e+06
299 1.59245e+06
300 1.59254e+06
301 1.59259e+06
302 1.59265e+06
303 1.59272e+06
304 1.59282e+06
305 1.59285e+06
306 1.5929e+06
307 1.59303e+06
308 1.59312e+06
309 1.59318e+06
310 1.59321e+06
311 1.59324e+06
312 1.59332e+06
313 1.59334e+06
314 1.59342e+06
315 1.59345e+06
316 1.59359e+06
317 1.59366e+06
318 1.59381e+06
319 1.59388e+06
320 1.59396e+06
321 1.59402e+06
322 1.59414e+06
323 1.59422e+06
324 1.59429e+06
325 1.59446e+06
326 1.59456e+06
327 1.59461e+06
328 1.5947e+06
329 1.59475e+06
330 1.59483e+06
331 1.59494e+06
332 1.59494e+06
333 1.59496e+06
334 1.59496e+06
335 1.59509e+06
336 1.59521e+06
337 1.59524e+06
338 1.59528e+06
339 1.5953e+06
340 1.59541e+06
341 1.59545e+06
342 1.59549e+06
343 1.59552e+06
344 1.59559e+06
345 1.59563e+06
346 1.59563e+06
347 1.59566e+06
348 1.5957e+06
349 1.59571e+06
350 1.5958e+06
351 1.59587e+06
352 1.59594e+06
353 1.59596e+06
354 1.59611e+06
355 1.59613e+06
356 1.59625e+06
357 1.59632e+06
358 1.5965e+06
359 1.59656e+06
360 1.59663e+06
361 1.59671e+06
362 1.59675e+06
363 1.59679e+06
364 1.59685e+06
365 1.59692e+06
366 1.59698e+06
367 1.59709e+06
368 1.5971e+06
369 1.59726e+06
370 1.59727e+06
371 1.59738e+06
372 1.59743e+06
373 1.59746e+06
374 1.5975e+06
375 1.59754e+06
376 1.5976e+06
377 1.59765e+06
378 1.59772e+06
379 1.59779e+06
380 1.59787e+06
381 1.59792e+06
382 1.59794e+06
383 1.59801e+06
384 1.59811e+06
385 1.59811e+06
386 1.59818e+06
387 1.59824e+06
388 1.5983e+06
389 1.59832e+06
390 1.59836e+06
391 1.59838e+06
392 1.59845e+06
393 1.59849e+06
394 1.59861e+06
395 1.59867e+06
396 1.59883e+06
397 1.59891e+06
398 1.59896e+06
399 1.59907e+06
400 1.59914e+06
401 1.5992e+06
402 1.59927e+06
403 1.59927e+06
404 1.59938e+06
405 1.59938e+06
406 1.59947e+06
407 1.59963e+06
408 1.59977e+06
409 1.59977e+06
410 1.59982e+06
411 1.59988e+06
412 1.59992e+06
413 1.59997e+06
414 1.6e+06
415 1.60008e+06
416 1.60018e+06
417 1.60021e+06
418 1.60027e+06
419 1.60036e+06
420 1.60061e+06
421 1.60063e+06
422 1.60066e+06
423 1.60069e+06
424 1.6008e+06
425 1.60086e+06
426 1.60097e+06
427 1.60102e+06
428 1.60108e+06
429 1.60113e+06
430 1.60119e+06
431 1.60123e+06
432 1.60123e+06
433 1.60124e+06
434 1.60134e+06
435 1.60137e+06
436 1.60141e+06
437 1.60142e+06
438 1.60151e+06
439 1.60167e+06
440 1.6017e+06
441 1.60178e+06
442 1.60185e+06
443 1.60188e+06
444 1.60195e+06
445 1.60203e+06
446 1.60208e+06
447 1.6021e+06
448 1.60215e+06
449 1.6022e+06
450 1.60224e+06
451 1.60231e+06
452 1.60237e+06
453 1.60238e+06
454 1.60244e+06
455 1.60246e+06
456 1.6025e+06
457 1.60251e+06
458 1.60251e+06
459 1.60251e+06
460 1.60262e+06
461 1.60267e+06
462 1.60269e+06
463 1.60288e+06
464 1.60289e+06
465 1.60294e+06
466 1.60307e+06
467 1.60307e+06
468 1.60321e+06
469 1.60329e+06
470 1.60335e+06
471 1.60349e+06
472 1.60353e+06
473 1.60362e+06
474 1.60362e+06
475 1.60367e+06
476 1.6038e+06
477 1.60386e+06
478 1.60393e+06
479 1.60398e+06
480 1.60402e+06
481 1.60414e+06
482 1.60426e+06
483 1.60426e+06
484 1.60445e+06
485 1.60451e+06
486 1.60454e+06
487 1.60458e+06
488 1.60459e+06
489 1.60463e+06
490 1.6047e+06
491 1.60476e+06
492 1.60478e+06
493 1.60486e+06
494 1.60496e+06
495 1.60502e+06
496 1.60508e+06
497 1.60511e+06
498 1.60513e+06
499 1.60516e+06
500 1.60523e+06
501 1.60532e+06
502 1.60532e+06
503 1.60536e+06
504 1.60538e+06
505 1.60547e+06
506 1.60562e+06
507 1.60575e+06
508 1.60584e+06
509 1.60589e+06
510 1.60595e+06
511 1.60601e+06
512 1.60606e+06
513 1.60609e+06
514 1.60617e+06
515 1.60624e+06
516 1.60632e+06
517 1.60638e+06
518 1.60641e+06
519 1.60647e+06
520 1.60649e+06
521 1.60654e+06
522 1.6066e+06
523 1.60666e+06
524 1.6067e+06
525 1.60682e+06
526 1.60687e+06
527 1.60687e+06
528 1.60696e+06
529 1.60705e+06
530 1.60714e+06
531 1.60725e+06
532 1.60738e+06
533 1.60745e+06
534 1.60748e+06
535 1.60751e+06
536 1.60754e+06
537 1.60757e+06
538 1.60778e+06
539 1.60781e+06
540 1.60792e+06
541 1.60796e+06
542 1.60807e+06
543 1.60809e+06
544 1.60819e+06
545 1.60826e+06
546 1.60834e+06
547 1.60839e+06
548 1.60843e+06
549 1.60846e+06
550 1.60848e+06
551 1.6085e+06
552 1.60854e+06
553 1.60858e+06
554 1.60859e+06
555 1.60862e+06
556 1.60862e+06
557 1.6087e+06
558 1.60874e+06
559 1.6088e+06
560 1.60883e+06
561 1.60888e+06
562 1.60892e+06
563 1.609e+06
564 1.60914e+06
565 1.60933e+06
566 1.60938e+06
567 1.60944e+06
568 1.60948e+06
569 1.60958e+06
570 1.60958e+06
571 1.60961e+06
572 1.60962e+06
573 1.60966e+06
574 1.60966e+06
575 1.60979e+06
576 1.60987e+06
577 1.60989e+06
578 1.60995e+06
579 1.60997e+06
580 1.61e+06
581 1.61017e+06
582 1.61024e+06
583 1.61025e+06
584 1.61034e+06
585 1.61038e+06
586 1.61042e+06
587 1.61045e+06
588 1.61048e+06
589 1.61056e+06
590 1.61061e+06
591 1.61064e+06
592 1.61067e+06
593 1.61074e+06
594 1.6108e+06
595 1.61085e+06
596 1.6109e+06
597 1.61093e+06
598 1.61094e+06
599 1.61109e+06
600 1.61112e+06
601 1.61114e+06
602 1.61116e+06
603 1.61116e+06
604 1.61126e+06
605 1.61132e+06
606 1.61137e+06
607 1.61145e+06
608 1.61154e+06
609 1.61155e+06
610 1.61157e+06
611 1.61158e+06
612 1.6116e+06
613 1.61161e+06
614 1.61168e+06
615 1.61172e+06
616 1.61177e+06
617 1.61182e+06
618 1.61185e+06
619 1.61188e+06
620 1.61192e+06
621 1.61198e+06
622 1.61207e+06
623 1.61215e+06
624 1.61218e+06
625 1.61221e+06
626 1.61232e+06
627 1.61235e+06
628 1.61257e+06
629 1.61266e+06
630 1.61275e+06
631 1.61275e+06
632 1.61275e+06
633 1.6129e+06
634 1.61294e+06
635 1.61295e+06
636 1.61302e+06
637 1.61304e+06
638 1.61314e+06
639 1.61323e+06
640 1.61332e+06
641 1.61339e+06
642 1.61345e+06
643 1.61348e+06
644 1.61353e+06
645 1.61362e+06
646 1.61367e+06
647 1.61376e+06
648 1.6138e+06
649 1.61392e+06
650 1.61397e+06
651 1.614e+06
652 1.61409e+06
653 1.6141e+06
654 1.61414e+06
655 1.61434e+06
656 1.61438e+06
657 1.61446e+06
658 1.61449e+06
659 1.61454e+06
660 1.61463e+06
661 1.61463e+06
662 1.61468e+06
663 1.61468e+06
664 1.61474e+06
665 1.6148e+06
666 1.61488e+06
667 1.61499e+06
668 1.61509e+06
669 1.61514e+06
670 1.61516e+06
671 1.61522e+06
672 1.61523e+06
673 1.61525e+06
674 1.61532e+06
675 1.61532e+06
676 1.61535e+06
677 1.61535e+06
678 1.61543e+06
679 1.61546e+06
680 1.6155e+06
681 1.61564e+06
682 1.61572e+06
683 1.61577e+06
684 1.6158e+06
685 1.61585e+06
686 1.61585e+06
687 1.61594e+06
688 1.61594e+06
689 1.61596e+06
690 1.61604e+06
691 1.61608e+06
692 1.61615e+06
693 1.61617e+06
694 1.61626e+06
695 1.61637e+06
696 1.61644e+06
697 1.61649e+06
698 1.61653e+06
699 1.61662e+06
700 1.61667e+06
701 1.61673e+06
702 1.61678e+06
703 1.61679e+06
704 1.61679e+06
705 1.61685e+06
706 1.6169e+06
707 1.617e+06
708 1.61716e+06
709 1.61716e+06
710 1.61733e+06
711 1.6174e+06
712 1.61741e+06
713 1.6175e+06
714 1.61757e+06
715 1.61761e+06
716 1.61769e+06
717 1.61773e+06
718 1.61775e+06
719 1.61778e+06
720 1.61783e+06
721 1.61787e+06
722 1.61792e+06
723 1.61799e+06
724 1.618e+06
725 1.61802e+06
726 1.61813e+06
727 1.61814e+06
728 1.61819e+06
729 1.61831e+06
730 1.61833e+06
731 1.61838e+06
732 1.61839e+06
733 1.61841e+06
734 1.61847e+06
735 1.61852e+06
736 1.61854e+06
737 1.61856e+06
738 1.61857e+06
739 1.61865e+06
740 1.61873e+06
741 1.61877e+06
742 1.61877e+06
743 1.61877e+06
744 1.6188e+06
745 1.61881e+06
746 1.61886e+06
747 1.61894e+06
748 1.61896e+06
749 1.61901e+06
750 1.61906e+06
751 1.61913e+06
752 1.61925e+06
753 1.61933e+06
754 1.61938e+06
755 1.61939e+06
756 1.61951e+06
757 1.61955e+06
758 1.61958e+06
759 1.6196e+06
760 1.61966e+06
761 1.61974e+06
762 1.61977e+06
763 1.61985e+06
764 1.61988e+06
765 1.61988e+06
766 1.61999e+06
767 1.62006e+06
768 1.62007e+06
769 1.62016e+06
770 1.62018e+06
771 1.62037e+06
772 1.6204e+06
773 1.62054e+06
774 1.62064e+06
775 1.62066e+06
776 1.62069e+06
777 1.62069e+06
778 1.62071e+06
779 1.62076e+06
780 1.62079e+06
781 1.62082e+06
782 1.62098e+06
783 1.62102e+06
784 1.62112e+06
785 1.62117e+06
786 1.62122e+06
787 1.62127e+06
788 1.62134e+06
789 1.62138e+06
790 1.62144e+06
791 1.62152e+06
792 1.62161e+06
793 1.62166e+06
794 1.6217e+06
795 1.62178e+06
796 1.62185e+06
797 1.62196e+06
798 1.62202e+06
799 1.62206e+06
800 1.62211e+06
801 1.62216e+06
802 1.62217e+06
803 1.62228e+06
804 1.62233e+06
805 1.62238e+06
806 1.6224e+06
807 1.62248e+06
808 1.62251e+06
809 1.62251e+06
810 1.62256e+06
811 1.62259e+06
812 1.62263e+06
813 1.62267e+06
814 1.62275e+06
815 1.62278e+06
816 1.62283e+06
817 1.62288e+06
818 1.62289e+06
819 1.62294e+06
820 1.62298e+06
821 1.62305e+06
822 1.62307e+06
823 1.62308e+06
824 1.62311e+06
825 1.62321e+06
826 1.62324e+06
827 1.62348e+06
828 1.62354e+06
829 1.62364e+06
830 1.62367e+06
831 1.62383e+06
832 1.62388e+06
833 1.62388e+06
834 1.62393e+06
835 1.62399e+06
836 1.62401e+06
837 1.62406e+06
838 1.62414e+06
839 1.62423e+06
840 1.62428e+06
841 1.62434e+06
842 1.62435e+06
843 1.62441e+06
844 1.62441e+06
845 1.62445e+06
846 1.62455e+06
847 1.62455e+06
848 1.62461e+06
849 1.62461e+06
850 1.62469e+06
851 1.62479e+06
852 1.62482e+06
853 1.6249e+06
854 1.62501e+06
855 1.62508e+06
856 1.62509e+06
857 1.62514e+06
858 1.6252e+06
859 1.62525e+06
860 1.62527e+06
861 1.62531e+06
862 1.62538e+06
863 1.62543e+06
864 1.62545e+06
865 1.62553e+06
866 1.62556e+06
867 1.62556e+06
868 1.62562e+06
869 1.62568e+06
870 1.62572e+06
871 1.62584e+06
872 1.62589e+06
873 1.62594e+06
874 1.62596e+06
875 1.62607e+06
876 1.62616e+06
877 1.62618e+06
878 1.62631e+06
879 1.62633e+06
880 1.6264e+06
881 1.62648e+06
882 1.62659e+06
883 1.62665e+06
884 1.62673e+06
885 1.6268e+06
886 1.62682e+06
887 1.62685e+06
888 1.62688e+06
889 1.62688e+06
890 1.62691e+06
891 1.62693e+06
892 1.62696e+06
893 1.62698e+06
894 1.62702e+06
895 1.62712e+06
896 1.62727e+06
897 1.6274e+06
898 1.6274e+06
899 1.62743e+06
900 1.62745e+06
901 1.62745e+06
902 1.62749e+06
903 1.62749e+06
904 1.62757e+06
905 1.62764e+06
906 1.62766e+06
907 1.62768e+06
908 1.62773e+06
909 1.6278e+06
910 1.62789e+06
911 1.62793e+06
912 1.62799e+06
913 1.62805e+06
914 1.62818e+06
915 1.6282e+06
916 1.62821e+06
917 1.62824e+06
918 1.6283e+06
919 1.62835e+06
920 1.62841e+06
921 1.62845e+06
922 1.62845e+06
923 1.62854e+06
924 1.62864e+06
925 1.62869e+06
926 1.62875e+06
927 1.62881e+06
928 1.62886e+06
929 1.62891e+06
930 1.62893e+06
931 1.62893e+06
932 1.62903e+06
933 1.62904e+06
934 1.62904e+06
935 1.62908e+06
936 1.62914e+06
937 1.62917e+06
938 1.62919e+06
939 1.62928e+06
940 1.62935e+06
941 1.6294e+06
942 1.62955e+06
943 1.62962e+06
944 1.62966e+06
945 1.62974e+06
946 1.6298e+06
947 1.62986e+06
948 1.6299e+06
949 1.6299e+06
950 1.62999e+06
951 1.63003e+06
952 1.63003e+06
953 1.63005e+06
954 1.63008e+06
955 1.63008e+06
956 1.63023e+06
957 1.63026e+06
958 1.63027e+06
959 1.63032e+06
960 1.63034e+06
961 1.63041e+06
962 1.63043e+06
963 1.63047e+06
964 1.63051e+06
965 1.6306e+06
966 1.63066e+06
967 1.63073e+06
968 1.6308e+06
969 1.63086e+06
970 1.63089e+06
971 1.63094e+06
972 1.63103e+06
973 1.63112e+06
974 1.63118e+06
975 1.63119e+06
976 1.63121e+06
977 1.63132e+06
978 1.63136e+06
979 1.63144e+06
980 1.63151e+06
981 1.63158e+06
982 1.63159e+06
983 1.63159e+06
984 1.63171e+06
985 1.63176e+06
986 1.63177e+06
987 1.63185e+06
988 1.63186e+06
989 1.63187e+06
990 1.63194e+06
991 1.63197e+06
992 1.63203e+06
993 1.63206e+06
994 1.63206e+06
995 1.63214e+06
996 1.63223e+06
997 1.63229e+06
998 1.63231e+06
999 1.6324e+06
1000 1.63248e+06
