128 0.3 0.251
0 156776
1 1.56782e+06
2 1.56785e+06
3 1.56789e+06
4 1.56803e+06
5 1.56809e+06
6 1.56813e+06
7 1.56831e+06
8 1.56845e+06
9 1.5685e+06
10 1.56858e+06
11 1.5686e+06
12 1.5687e+06
13 1.56873e+06
14 1.56876e+06
15 1.56879e+06
16 1.56888e+06
17 1.56901e+06
18 1.56913e+06
19 1.5692e+06
20 1.56921e+06
21 1.56929e+06
22 1.56937e+06
23 1.56953e+06
24 1.5696e+06
25 1.56964e+06
26 1.56969e+06
27 1.56993e+06
28 1.56994e+06
29 1.56998e+06
30 1.57011e+06
31 1.57025e+06
32 1.57029e+06
33 1.57044e+06
34 1.57064e+06
35 1.57068e+06
36 1.57076e+06
37 1.57079e+06
38 1.57084e+06
39 1.57088e+06
40 1.5709e+06
41 1.57099e+06
42 1.57103e+06
43 1.57114e+06
44 1.57125e+06
45 1.5713e+06
46 1.57136e+06
47 1.57146e+06
48 1.57152e+06
49 1.57156e+06
50 1.57174e+06
51 1.57184e+06
52 1.57192e+06
53 1.572e+06
54 1.57206e+06
55 1.57217e+06
56 1.57227e+06
57 1.57235e+06
58 1.57249e+06
59 1.57262e+06
60 1.57268e+06
61 1.57287e+06
62 1.57294e+06
63 1.57303e+06
64 1.57321e+06
65 1.57328e+06
66 1.57344e+06
67 1.57349e+06
68 1.57354e+06
69 1.57366e+06
70 1.5738e+06
71 1.57383e+06
72 1.57387e+06
73 1.5739e+06
74 1.57409e+06
75 1.57414e+06
76 1.57423e+06
77 1.57433e+06
78 1.57442e+06
79 1.57449e+06
80 1.57465e+06
81 1.57473e+06
82 1.57486e+06
83 1.57499e+06
84 1.57512e+06
85 1.57516e+06
86 1.57528e+06
87 1.5754e+06
88 1.57546e+06
89 1.57555e+06
90 1.57561e+06
91 1.57568e+06
92 1.57575e+06
93 1.57583e+06
94 1.57584e+06
95 1.576e+06
96 1.57612e+06
97 1.57615e+06
98 1.57627e+06
99 1.57634e+06
100 1.57641e+06
101 1.57646e+06
102 1.57648e+06
103 1.57655e+06
104 1.57658e+06
105 1.57662e+06
106 1.5767e+06
107 1.57676e+06
108 1.57683e+06
109 1.57686e+06
110 1.57691e+06
111 1.57692e+06
112 1.57694e+06
113 1.57706e+06
114 1.57718e+06
115 1.5773e+06
116 1.57744e+06
117 1.57749e+06
118 1.5776e+06
119 1.57772e+06
120 1.57777e+06
121 1.57778e+06
122 1.57782e+06
123 1.57793e+06
124 1.57804e+06
125 1.57812e+06
126 1.57813e+06
127 1.57818e+06
128 1.57827e+06
129 1.57829e+06
130 1.57829e+06
131 1.57835e+06
132 1.57842e+06
133 1.57855e+06
134 1.57857e+06
135 1.57866e+06
136 1.57881e+06
137 1.57886e+06
138 1.57897e+06
139 1.57901e+06
140 1.57909e+06
141 1.57911e+06
142 1.57919e+06
143 1.57933e+06
144 1.5794e+06
145 1.57954e+06
146 1.57963e+06
147 1.5797e+06
148 1.5798e+06
149 1.57986e+06
150 1.57988e+06
151 1.57998e+06
152 1.58008e+06
153 1.58013e+06
154 1.58015e+06
155 1.5802e+06
156 1.58026e+06
157 1.58031e+06
158 1.58032e+06
159 1.58032e+06
160 1.58038e+06
161 1.58041e+06
162 1.5805e+06
163 1.58063e+06
164 1.58075e+06
165 1.58082e+06
166 1.58091e+06
167 1.58094e+06
168 1.58111e+06
169 1.58126e+06
170 1.58128e+06
171 1.58137e+06
172 1.58147e+06
173 1.58156e+06
174 1.58165e+06
175 1.58176e+06
176 1.58181e+06
177 1.58186e+06
178 1.58188e+06
179 1.58197e+06
180 1.58204e+06
181 1.5821e+06
182 1.58228e+06
183 1.58232e+06
184 1.58239e+06
185 1.58251e+06
186 1.58256e+06
187 1.58265e+06
188 1.58267e+06
189 1.58272e+06
190 1.58278e+06
191 1.58284e+06
192 1.58291e+06
193 1.58298e+06
194 1.58306e+06
195 1.58308e+06
196 1.58315e+06
197 1.58322e+06
198 1.58326e+06
199 1.58328e+06
200 1.58332e+06
201 1.58352e+06
202 1.58361e+06
203 1.58377e+06
204 1.58382e+06
205 1.58387e+06
206 1.5839e+06
207 1.58406e+06
208 1.58416e+06
209 1.58427e+06
210 1.58433e+06
211 1.58443e+06
212 1.58451e+06
213 1.58465e+06
214 1.58477e+06
215 1.58485e+06
216 1.58486e+06
217 1.58501e+06
218 1.58513e+06
219 1.58525e+06
220 1.5854e+06
221 1.58546e+06
222 1.58558e+06
223 1.58566e+06
224 1.58569e+06
225 1.58579e+06
226 1.58582e+06
227 1.58585e+06
228 1.58605e+06
229 1.58611e+06
230 1.58618e+06
231 1.58623e+06
232 1.58635e+06
233 1.58641e+06
234 1.58646e+06
235 1.58648e+06
236 1.58664e+06
237 1.58667e+06
238 1.58677e+06
239 1.58677e+06
240 1.58686e+06
241 1.58687e+06
242 1.58692e+06
243 1.58696e+06
244 1.58704e+06
245 1.58718e+06
246 1.58717e+06
247 1.5873e+06
248 1.58734e+06
249 1.5874e+06
250 1.58745e+06
251 1.58754e+06
252 1.58756e+06
253 1.58766e+06
254 1.58772e+06
255 1.58772e+06
256 1.58781e+06
257 1.58786e+06
258 1.58794e+06
259 1.58798e+06
260 1.5881e+06
261 1.58816e+06
262 1.58828e+06
263 1.58837e+06
264 1.58853e+06
265 1.58856e+06
266 1.58865e+06
267 1.5887e+06
268 1.58875e+06
269 1.5888e+06
270 1.58884e+06
271 1.58887e+06
272 1.58891e+06
273 1.58903e+06
274 1.58914e+06
275 1.58921e+06
276 1.58939e+06
277 1.58945e+06
278 1.58961e+06
279 1.58966e+06
280 1.58978e+06
281 1.58983e+06
282 1.58992e+06
283 1.58991e+06
284 1.58991e+06
285 1.59001e+06
286 1.5901e+06
287 1.59012e+06
288 1.5902e+06
289 1.59024e+06
290 1.59029e+06
291 1.59034e+06
292 1.59037e+06
293 1.59044e+06
294 1.59065e+06
295 1.59078e+06
296 1.59087e+06
297 1.59097e+06
298 1.59106e+06
299 1.59111e+06
300 1.59113e+06
301 1.59113e+06
302 1.5912e+06
303 1.59124e+06
304 1.5913e+06
305 1.59142e+06
306 1.59145e+06
307 1.59147e+06
308 1.5916e+06
309 1.59169e+06
310 1.59174e+06
311 1.59185e+06
312 1.59192e+06
313 1.59198e+06
314 1.59206e+06
315 1.59211e+06
316 1.59218e+06
317 1.59223e+06
318 1.59228e+06
319 1.59236e+06
320 1.59253e+06
321 1.59258e+06
322 1.59264e+06
323 1.59273e+06
324 1.5928e+06
325 1.59282e+06
326 1.59281e+06
327 1.59291e+06
328 1.593e+06
329 1.59315e+06
330 1.59322e+06
331 1.59337e+06
332 1.59346e+06
333 1.59353e+06
334 1.59356e+06
335 1.59359e+06
336 1.5936e+06
337 1.59362e+06
338 1.59367e+06
339 1.59381e+06
340 1.59382e+06
341 1.59395e+06
342 1.59398e+06
343 1.594e+06
344 1.59403e+06
345 1.59407e+06
346 1.59416e+06
347 1.59422e+06
348 1.59427e+06
349 1.59433e+06
350 1.5944e+06
351 1.59447e+06
352 1.59446e+06
353 1.5945e+06
354 1.59453e+06
355 1.59467e+06
356 1.59468e+06
357 1.59481e+06
358 1.59485e+06
359 1.59487e+06
360 1.59492e+06
361 1.59499e+06
362 1.59501e+06
363 1.59504e+06
364 1.59504e+06
365 1.5951e+06
366 1.59514e+06
367 1.59522e+06
368 1.59524e+06
369 1.59524e+06
370 1.59524e+06
371 1.5953e+06
372 1.59532e+06
373 1.59534e+06
374 1.59542e+06
375 1.59548e+06
376 1.59551e+06
377 1.59556e+06
378 1.59563e+06
379 1.59567e+06
380 1.59575e+06
381 1.59588e+06
382 1.59594e+06
383 1.59598e+06
384 1.59614e+06
385 1.59616e+06
386 1.59626e+06
387 1.59632e+06
388 1.59641e+06
389 1.59642e+06
390 1.59642e+06
391 1.59646e+06
392 1.59652e+06
393 1.59657e+06
394 1.59662e+06
395 1.59671e+06
396 1.59675e+06
397 1.59678e+06
398 1.59681e+06
399 1.59683e+06
400 1.5969e+06
401 1.59709e+06
402 1.59714e+06
403 1.59716e+06
404 1.59722e+06
405 1.59745e+06
406 1.59749e+06
407 1.5976e+06
408 1.59765e+06
409 1.59766e+06
410 1.59772e+06
411 1.59782e+06
412 1.59785e+06
413 1.59789e+06
414 1.59794e+06
415 1.59799e+06
416 1.598e+06
417 1.59814e+06
418 1.59823e+06
419 1.59827e+06
420 1.59842e+06
421 1.59853e+06
422 1.59858e+06
423 1.59869e+06
424 1.59879e+06
425 1.59879e+06
426 1.59895e+06
427 1.59901e+06
428 1.59909e+06
429 1.59936e+06
430 1.59944e+06
431 1.59956e+06
432 1.59964e+06
433 1.59975e+06
434 1.59987e+06
435 1.59992e+06
436 1.59997e+06
437 1.60006e+06
438 1.60006e+06
439 1.60016e+06
440 1.60018e+06
441 1.60021e+06
442 1.6003e+06
443 1.60033e+06
444 1.60037e+06
445 1.60045e+06
446 1.60046e+06
447 1.60056e+06
448 1.60062e+06
449 1.60071e+06
450 1.60071e+06
451 1.60077e+06
452 1.60079e+06
453 1.60078e+06
454 1.60083e+06
455 1.60095e+06
456 1.60096e+06
457 1.60097e+06
458 1.60099e+06
459 1.60102e+06
460 1.60116e+06
461 1.60124e+06
462 1.60135e+06
463 1.60141e+06
464 1.60144e+06
465 1.60151e+06
466 1.60155e+06
467 1.6016e+06
468 1.60165e+06
469 1.60168e+06
470 1.60178e+06
471 1.60181e+06
472 1.60189e+06
473 1.60196e+06
474 1.60198e+06
475 1.60203e+06
476 1.60209e+06
477 1.60213e+06
478 1.6022e+06
479 1.60222e+06
480 1.60229e+06
481 1.60233e+06
482 1.60239e+06
483 1.60238e+06
484 1.60244e+06
485 1.60246e+06
486 1.60255e+06
487 1.60255e+06
488 1.60258e+06
489 1.60263e+06
490 1.60278e+06
491 1.60281e+06
492 1.60287e+06
493 1.60288e+06
494 1.60289e+06
495 1.60298e+06
496 1.60301e+06
497 1.60304e+06
498 1.60307e+06
499 1.60313e+06
500 1.60314e+06
501 1.60321e+06
502 1.60327e+06
503 1.6034e+06
504 1.60342e+06
505 1.60352e+06
506 1.60356e+06
507 1.60369e+06
508 1.60379e+06
509 1.60381e+06
510 1.60391e+06
511 1.60393e+06
512 1.60398e+06
513 1.60405e+06
514 1.60412e+06
515 1.60414e+06
516 1.60415e+06
517 1.60417e+06
518 1.60438e+06
519 1.60442e+06
520 1.60442e+06
521 1.60448e+06
522 1.6045e+06
523 1.60463e+06
524 1.60471e+06
525 1.60473e+06
526 1.60485e+06
527 1.60484e+06
528 1.60484e+06
529 1.60494e+06
530 1.60502e+06
531 1.60508e+06
532 1.60522e+06
533 1.60522e+06
534 1.60528e+06
535 1.60531e+06
536 1.60536e+06
537 1.60558e+06
538 1.60576e+06
539 1.6058e+06
540 1.60592e+06
541 1.60607e+06
542 1.60609e+06
543 1.60619e+06
544 1.60626e+06
545 1.60632e+06
546 1.6064e+06
547 1.60644e+06
548 1.60652e+06
549 1.60656e+06
550 1.60662e+06
551 1.60666e+06
552 1.60676e+06
553 1.60681e+06
554 1.60692e+06
555 1.60699e+06
556 1.60705e+06
557 1.60708e+06
558 1.60712e+06
559 1.60715e+06
560 1.60718e+06
561 1.6072e+06
562 1.6072e+06
563 1.60724e+06
564 1.60725e+06
565 1.60732e+06
566 1.60736e+06
567 1.60743e+06
568 1.60753e+06
569 1.60758e+06
570 1.60765e+06
571 1.6077e+06
572 1.60775e+06
573 1.6078e+06
574 1.60793e+06
575 1.60796e+06
576 1.60808e+06
577 1.60808e+06
578 1.60814e+06
579 1.6082e+06
580 1.60835e+06
581 1.60836e+06
582 1.6084e+06
583 1.60843e+06
584 1.60843e+06
585 1.60853e+06
586 1.60863e+06
587 1.60866e+06
588 1.60874e+06
589 1.60885e+06
590 1.60889e+06
591 1.6089e+06
592 1.60896e+06
593 1.60902e+06
594 1.60908e+06
595 1.60916e+06
596 1.60924e+06
597 1.60926e+06
598 1.60941e+06
599 1.60942e+06
600 1.60949e+06
601 1.60959e+06
602 1.60968e+06
603 1.60981e+06
604 1.60985e+06
605 1.60992e+06
606 1.60993e+06
607 1.60995e+06
608 1.61e+06
609 1.61004e+06
610 1.61004e+06
611 1.61005e+06
612 1.61014e+06
613 1.6102e+06
614 1.6102e+06
615 1.61021e+06
616 1.61023e+06
617 1.61033e+06
618 1.61035e+06
619 1.61049e+06
620 1.61048e+06
621 1.61053e+06
622 1.61068e+06
623 1.61078e+06
624 1.61087e+06
625 1.61094e+06
626 1.61108e+06
627 1.6111e+06
628 1.61118e+06
629 1.61118e+06
630 1.61118e+06
631 1.61119e+06
632 1.61122e+06
633 1.61133e+06
634 1.61137e+06
635 1.61142e+06
636 1.61145e+06
637 1.61146e+06
638 1.61151e+06
639 1.61152e+06
640 1.61159e+06
641 1.61161e+06
642 1.61168e+06
643 1.6117e+06
644 1.61172e+06
645 1.6118e+06
646 1.61183e+06
647 1.61184e+06
648 1.61183e+06
649 1.61187e+06
650 1.61197e+06
651 1.61211e+06
652 1.61223e+06
653 1.61223e+06
654 1.61228e+06
655 1.61235e+06
656 1.61242e+06
657 1.61249e+06
658 1.61254e+06
659 1.61261e+06
660 1.61264e+06
661 1.61269e+06
662 1.61274e+06
663 1.61284e+06
664 1.61286e+06
665 1.61288e+06
666 1.61291e+06
667 1.61295e+06
668 1.61296e+06
669 1.61303e+06
670 1.61304e+06
671 1.6131e+06
672 1.61318e+06
673 1.61324e+06
674 1.61326e+06
675 1.61331e+06
676 1.61331e+06
677 1.61344e+06
678 1.61352e+06
679 1.61363e+06
680 1.6137e+06
681 1.61371e+06
682 1.61377e+06
683 1.61378e+06
684 1.61394e+06
685 1.61396e+06
686 1.61404e+06
687 1.61411e+06
688 1.61419e+06
689 1.61424e+06
690 1.61424e+06
691 1.6143e+06
692 1.61434e+06
693 1.61446e+06
694 1.6145e+06
695 1.6146e+06
696 1.61464e+06
697 1.61474e+06
698 1.61481e+06
699 1.61484e+06
700 1.61498e+06
701 1.61499e+06
702 1.61504e+06
703 1.61507e+06
704 1.61509e+06
705 1.61516e+06
706 1.61517e+06
707 1.6153e+06
708 1.61532e+06
709 1.61533e+06
710 1.61541e+06
711 1.61547e+06
712 1.6155e+06
713 1.61554e+06
714 1.61556e+06
715 1.61564e+06
716 1.61567e+06
717 1.61574e+06
718 1.61576e+06
719 1.61583e+06
720 1.61587e+06
721 1.61593e+06
722 1.61598e+06
723 1.61606e+06
724 1.61613e+06
725 1.61621e+06
726 1.61626e+06
727 1.61629e+06
728 1.61631e+06
729 1.61639e+06
730 1.61641e+06
731 1.61648e+06
732 1.61658e+06
733 1.61664e+06
734 1.61668e+06
735 1.61682e+06
736 1.61693e+06
737 1.61701e+06
738 1.61707e+06
739 1.61708e+06
740 1.61717e+06
741 1.6172e+06
742 1.61719e+06
743 1.61729e+06
744 1.61735e+06
745 1.61736e+06
746 1.61744e+06
747 1.61751e+06
748 1.61756e+06
749 1.61761e+06
750 1.61762e+06
751 1.61768e+06
752 1.61773e+06
753 1.61788e+06
754 1.61797e+06
755 1.618e+06
756 1.618e+06
757 1.61814e+06
758 1.61816e+06
759 1.61823e+06
760 1.61824e+06
761 1.61832e+06
762 1.61834e+06
763 1.61849e+06
764 1.61849e+06
765 1.61853e+06
766 1.61862e+06
767 1.61871e+06
768 1.61872e+06
769 1.61879e+06
770 1.61887e+06
771 1.61895e+06
772 1.61902e+06
773 1.6191e+06
774 1.61922e+06
775 1.61925e+06
776 1.6193e+06
777 1.61936e+06
778 1.6194e+06
779 1.61945e+06
780 1.61957e+06
781 1.61959e+06
782 1.61965e+06
783 1.61971e+06
784 1.6198e+06
785 1.61987e+06
786 1.61994e+06
787 1.62002e+06
788 1.62008e+06
789 1.62012e+06
790 1.62016e+06
791 1.62019e+06
792 1.62023e+06
793 1.62026e+06
794 1.62036e+06
795 1.62036e+06
796 1.62038e+06
797 1.62042e+06
798 1.62048e+06
799 1.62065e+06
800 1.62065e+06
801 1.62064e+06
802 1.62073e+06
803 1.62091e+06
804 1.62093e+06
805 1.621e+06
806 1.62107e+06
807 1.62108e+06
808 1.62113e+06
809 1.62116e+06
810 1.62124e+06
811 1.62133e+06
812 1.62142e+06
813 1.62145e+06
814 1.62146e+06
815 1.62156e+06
816 1.62162e+06
817 1.62162e+06
818 1.62168e+06
819 1.62175e+06
820 1.6218e+06
821 1.62182e+06
822 1.62195e+06
823 1.62203e+06
824 1.62206e+06
825 1.62206e+06
826 1.62207e+06
827 1.62215e+06
828 1.62226e+06
829 1.62229e+06
830 1.62234e+06
831 1.62262e+06
832 1.62269e+06
833 1.62278e+06
834 1.62288e+06
835 1.62292e+06
836 1.62296e+06
837 1.62306e+06
838 1.62307e+06
839 1.62309e+06
840 1.62311e+06
841 1.62315e+06
842 1.62314e+06
843 1.62321e+06
844 1.6233e+06
845 1.62331e+06
846 1.62335e+06
847 1.62335e+06
848 1.62338e+06
849 1.62338e+06
850 1.62346e+06
851 1.62352e+06
852 1.62359e+06
853 1.62367e+06
854 1.62369e+06
855 1.62372e+06
856 1.62375e+06
857 1.62379e+06
858 1.62385e+06
859 1.62386e+06
860 1.62389e+06
861 1.62401e+06
862 1.62403e+06
863 1.62407e+06
864 1.62416e+06
865 1.62427e+06
866 1.6244e+06
867 1.62448e+06
868 1.62452e+06
869 1.62457e+06
870 1.6247e+06
871 1.62472e+06
872 1.62475e+06
873 1.62483e+06
874 1.62483e+06
875 1.6249e+06
876 1.62498e+06
877 1.62498e+06
878 1.62506e+06
879 1.62511e+06
880 1.62516e+06
881 1.62519e+06
882 1.62519e+06
883 1.62521e+06
884 1.62523e+06
885 1.62524e+06
886 1.62529e+06
887 1.62535e+06
888 1.6254e+06
889 1.62548e+06
890 1.62547e+06
891 1.62554e+06
892 1.62554e+06
893 1.6256e+06
894 1.62569e+06
895 1.6257e+06
896 1.6257e+06
897 1.62572e+06
898 1.62582e+06
899 1.62588e+06
900 1.62592e+06
901 1.626e+06
902 1.62608e+06
903 1.6262e+06
904 1.62624e+06
905 1.62634e+06
906 1.62638e+06
907 1.62638e+06
908 1.6264e+06
909 1.62644e+06
910 1.62648e+06
911 1.6265e+06
912 1.62662e+06
913 1.62664e+06
914 1.62667e+06
915 1.62667e+06
916 1.62666e+06
917 1.62668e+06
918 1.62671e+06
919 1.62675e+06
920 1.62682e+06
921 1.62685e+06
922 1.62699e+06
923 1.62702e+06
924 1.62703e+06
925 1.62703e+06
926 1.6271e+06
927 1.62716e+06
928 1.62717e+06
929 1.6272e+06
930 1.62726e+06
931 1.62734e+06
932 1.62741e+06
933 1.62746e+06
934 1.62747e+06
935 1.62754e+06
936 1.62759e+06
937 1.62765e+06
938 1.62766e+06
939 1.62776e+06
940 1.62793e+06
941 1.62801e+06
942 1.62811e+06
943 1.62817e+06
944 1.62819e+06
945 1.62818e+06
946 1.62823e+06
947 1.62823e+06
948 1.62829e+06
949 1.6283e+06
950 1.62838e+06
951 1.62845e+06
952 1.62855e+06
953 1.62867e+06
954 1.62876e+06
955 1.62882e+06
956 1.62884e+06
957 1.62884e+06
958 1.62886e+06
959 1.62889e+06
960 1.62889e+06
961 1.6289e+06
962 1.62896e+06
963 1.62898e+06
964 1.62901e+06
965 1.62908e+06
966 1.62921e+06
967 1.62929e+06
968 1.6293e+06
969 1.62934e+06
970 1.6294e+06
971 1.62941e+06
972 1.62941e+06
973 1.62943e+06
974 1.62944e+06
975 1.6295e+06
976 1.62955e+06
977 1.62956e+06
978 1.62971e+06
979 1.62971e+06
980 1.62972e+06
981 1.62977e+06
982 1.62986e+06
983 1.62993e+06
984 1.63001e+06
985 1.63001e+06
986 1.63014e+06
987 1.63019e+06
988 1.63027e+06
989 1.63028e+06
990 1.63036e+06
991 1.63041e+06
992 1.63048e+06
993 1.63058e+06
994 1.63059e+06
995 1.6306e+06
996 1.63068e+06
997 1.63074e+06
998 1.63085e+06
999 1.6309e+06
1000 1.63098e+06
