128 0.3 0.499
0 156776
1 1.56786e+06
2 1.5679e+06
3 1.56792e+06
4 1.56804e+06
5 1.56807e+06
6 1.56811e+06
7 1.56832e+06
8 1.56845e+06
9 1.56849e+06
10 1.56863e+06
11 1.56864e+06
12 1.56874e+06
13 1.56881e+06
14 1.56886e+06
15 1.56893e+06
16 1.569e+06
17 1.56914e+06
18 1.56922e+06
19 1.56929e+06
20 1.56932e+06
21 1.56942e+06
22 1.56948e+06
23 1.5696e+06
24 1.56969e+06
25 1.56974e+06
26 1.56979e+06
27 1.57e+06
28 1.57002e+06
29 1.57006e+06
30 1.57017e+06
31 1.57024e+06
32 1.57034e+06
33 1.5705e+06
34 1.57066e+06
35 1.57069e+06
36 1.57072e+06
37 1.5708e+06
38 1.57083e+06
39 1.57091e+06
40 1.57097e+06
41 1.57109e+06
42 1.5712e+06
43 1.57129e+06
44 1.57141e+06
45 1.57154e+06
46 1.57162e+06
47 1.57172e+06
48 1.5718e+06
49 1.57181e+06
50 1.57203e+06
51 1.57206e+06
52 1.57211e+06
53 1.57221e+06
54 1.5723e+06
55 1.57238e+06
56 1.57248e+06
57 1.57258e+06
58 1.57274e+06
59 1.5728e+06
60 1.57293e+06
61 1.573e+06
62 1.5731e+06
63 1.57314e+06
64 1.57334e+06
65 1.57342e+06
66 1.57356e+06
67 1.57362e+06
68 1.57369e+06
69 1.57384e+06
70 1.57397e+06
71 1.57401e+06
72 1.57407e+06
73 1.57407e+06
74 1.57415e+06
75 1.57429e+06
76 1.57431e+06
77 1.57444e+06
78 1.5746e+06
79 1.57465e+06
80 1.57474e+06
81 1.57484e+06
82 1.57491e+06
83 1.57501e+06
84 1.57519e+06
85 1.57526e+06
86 1.57534e+06
87 1.57549e+06
88 1.57552e+06
89 1.5757e+06
90 1.57578e+06
91 1.57587e+06
92 1.57589e+06
93 1.57596e+06
94 1.57604e+06
95 1.57619e+06
96 1.57624e+06
97 1.57627e+06
98 1.57636e+06
99 1.57648e+06
100 1.57653e+06
101 1.57658e+06
102 1.57659e+06
103 1.57664e+06
104 1.57666e+06
105 1.57674e+06
106 1.57686e+06
107 1.57697e+06
108 1.577e+06
109 1.57706e+06
110 1.57722e+06
111 1.57725e+06
112 1.57727e+06
113 1.5774e+06
114 1.57749e+06
115 1.57759e+06
116 1.5778e+06
117 1.57782e+06
118 1.57786e+06
119 1.578e+06
120 1.57815e+06
121 1.57821e+06
122 1.57828e+06
123 1.57831e+06
124 1.57839e+06
125 1.57843e+06
126 1.57849e+06
127 1.57859e+06
128 1.57873e+06
129 1.57875e+06
130 1.57876e+06
131 1.5788e+06
132 1.57885e+06
133 1.57895e+06
134 1.57906e+06
135 1.57917e+06
136 1.57925e+06
137 1.57931e+06
138 1.57944e+06
139 1.57951e+06
140 1.57961e+06
141 1.57973e+06
142 1.57982e+06
143 1.5799e+06
144 1.5799e+06
145 1.57996e+06
146 1.58001e+06
147 1.58008e+06
148 1.58012e+06
149 1.5802e+06
150 1.58032e+06
151 1.58052e+06
152 1.5806e+06
153 1.58069e+06
154 1.58081e+06
155 1.58086e+06
156 1.58089e+06
157 1.58098e+06
158 1.58112e+06
159 1.58122e+06
160 1.58129e+06
161 1.58142e+06
162 1.58144e+06
163 1.58153e+06
164 1.58163e+06
165 1.58165e+06
166 1.58176e+06
167 1.58178e+06
168 1.58187e+06
169 1.58191e+06
170 1.58196e+06
171 1.58208e+06
172 1.58214e+06
173 1.58218e+06
174 1.58228e+06
175 1.58241e+06
176 1.58258e+06
177 1.58266e+06
178 1.58275e+06
179 1.5828e+06
180 1.58288e+06
181 1.58294e+06
182 1.58299e+06
183 1.58323e+06
184 1.58328e+06
185 1.58334e+06
186 1.58346e+06
187 1.58358e+06
188 1.58365e+06
189 1.58374e+06
190 1.58382e+06
191 1.58388e+06
192 1.58397e+06
193 1.58407e+06
194 1.58421e+06
195 1.58425e+06
196 1.58435e+06
197 1.5844e+06
198 1.58464e+06
199 1.5847e+06
200 1.58488e+06
201 1.58499e+06
202 1.58505e+06
203 1.58514e+06
204 1.58518e+06
205 1.5853e+06
206 1.58535e+06
207 1.58543e+06
208 1.58548e+06
209 1.5856e+06
210 1.5857e+06
211 1.58571e+06
212 1.58578e+06
213 1.5859e+06
214 1.58594e+06
215 1.58596e+06
216 1.58613e+06
217 1.58619e+06
218 1.58629e+06
219 1.58637e+06
220 1.58647e+06
221 1.58655e+06
222 1.58662e+06
223 1.58671e+06
224 1.58678e+06
225 1.58689e+06
226 1.58699e+06
227 1.58703e+06
228 1.5871e+06
229 1.58713e+06
230 1.58713e+06
231 1.5872e+06
232 1.58731e+06
233 1.58737e+06
234 1.58745e+06
235 1.58748e+06
236 1.58752e+06
237 1.58769e+06
238 1.58776e+06
239 1.58779e+06
240 1.58785e+06
241 1.58801e+06
242 1.58801e+06
243 1.58802e+06
244 1.58812e+06
245 1.5882e+06
246 1.58836e+06
247 1.58845e+06
248 1.58852e+06
249 1.58861e+06
250 1.58865e+06
251 1.58872e+06
252 1.58875e+06
253 1.58882e+06
254 1.58886e+06
255 1.58895e+06
256 1.58898e+06
257 1.58906e+06
258 1.5891e+06
259 1.58919e+06
260 1.58923e+06
261 1.58936e+06
262 1.5895e+06
263 1.58953e+06
264 1.58958e+06
265 1.58967e+06
266 1.58983e+06
267 1.59002e+06
268 1.59006e+06
269 1.59009e+06
270 1.59019e+06
271 1.59023e+06
272 1.59026e+06
273 1.59042e+06
274 1.59054e+06
275 1.59059e+06
276 1.59061e+06
277 1.59068e+06
278 1.59074e+06
279 1.59078e+06
280 1.59091e+06
281 1.59095e+06
282 1.59099e+06
283 1.59108e+06
284 1.59116e+06
285 1.59122e+06
286 1.59129e+06
287 1.59136e+06
288 1.59137e+06
289 1.59141e+06
290 1.59151e+06
291 1.59162e+06
292 1.59163e+06
293 1.59173e+06
294 1.59177e+06
295 1.59197e+06
296 1.59203e+06
297 1.59209e+06
298 1.5921e+06
299 1.5922e+06
300 1.5922e+06
301 1.59223e+06
302 1.59228e+06
303 1.59235e+06
304 1.59244e+06
305 1.59257e+06
306 1.59269e+06
307 1.59271e+06
308 1.59277e+06
309 1.59294e+06
310 1.593e+06
311 1.59309e+06
312 1.59317e+06
313 1.59318e+06
314 1.59328e+06
315 1.59337e+06
316 1.59345e+06
317 1.59352e+06
318 1.59359e+06
319 1.5936e+06
320 1.59364e+06
321 1.59372e+06
322 1.59385e+06
323 1.59393e+06
324 1.59401e+06
325 1.59402e+06
326 1.59402e+06
327 1.59413e+06
328 1.59416e+06
329 1.59421e+06
330 1.59426e+06
331 1.59432e+06
332 1.59435e+06
333 1.59442e+06
334 1.59458e+06
335 1.59461e+06
336 1.59468e+06
337 1.59471e+06
338 1.59477e+06
339 1.59481e+06
340 1.59487e+06
341 1.59497e+06
342 1.59507e+06
343 1.59513e+06
344 1.59523e+06
345 1.59531e+06
346 1.59537e+06
347 1.59543e+06
348 1.59552e+06
349 1.59558e+06
350 1.59565e+06
351 1.59574e+06
352 1.59584e+06
353 1.59585e+06
354 1.59592e+06
355 1.59598e+06
356 1.59602e+06
357 1.59608e+06
358 1.59617e+06
359 1.59618e+06
360 1.59627e+06
361 1.59638e+06
362 1.59639e+06
363 1.59642e+06
364 1.59646e+06
365 1.59661e+06
366 1.59666e+06
367 1.59676e+06
368 1.59678e+06
369 1.59686e+06
370 1.59695e+06
371 1.59703e+06
372 1.59712e+06
373 1.59715e+06
374 1.59719e+06
375 1.59731e+06
376 1.59736e+06
377 1.5975e+06
378 1.59757e+06
379 1.59763e+06
380 1.59768e+06
381 1.59774e+06
382 1.59785e+06
383 1.5979e+06
384 1.59794e+06
385 1.598e+06
386 1.59803e+06
387 1.59804e+06
388 1.59812e+06
389 1.59817e+06
390 1.59823e+06
391 1.59829e+06
392 1.59834e+06
393 1.59839e+06
394 1.59849e+06
395 1.59854e+06
396 1.5986e+06
397 1.59868e+06
398 1.59877e+06
399 1.59889e+06
400 1.59892e+06
401 1.59901e+06
402 1.59915e+06
403 1.59927e+06
404 1.59936e+06
405 1.59946e+06
406 1.5995e+06
407 1.59956e+06
408 1.59975e+06
409 1.59987e+06
410 1.59993e+06
411 1.60001e+06
412 1.60005e+06
413 1.60016e+06
414 1.60018e+06
415 1.60029e+06
416 1.60029e+06
417 1.60036e+06
418 1.6004e+06
419 1.60045e+06
420 1.60053e+06
421 1.60057e+06
422 1.60063e+06
423 1.60078e+06
424 1.60083e+06
425 1.60089e+06
426 1.60103e+06
427 1.60112e+06
428 1.60115e+06
429 1.60124e+06
430 1.60129e+06
431 1.60134e+06
432 1.6014e+06
433 1.60149e+06
434 1.60156e+06
435 1.60163e+06
436 1.6017e+06
437 1.60174e+06
438 1.60178e+06
439 1.60184e+06
440 1.6019e+06
441 1.60194e+06
442 1.60197e+06
443 1.60202e+06
444 1.60205e+06
445 1.6022e+06
446 1.60232e+06
447 1.60235e+06
448 1.60244e+06
449 1.60244e+06
450 1.60252e+06
451 1.6027e+06
452 1.60279e+06
453 1.60281e+06
454 1.60294e+06
455 1.603e+06
456 1.6031e+06
457 1.60319e+06
458 1.60321e+06
459 1.60324e+06
460 1.60329e+06
461 1.60333e+06
462 1.60337e+06
463 1.60347e+06
464 1.60356e+06
465 1.60362e+06
466 1.60367e+06
467 1.6037e+06
468 1.60371e+06
469 1.60371e+06
470 1.60374e+06
471 1.60379e+06
472 1.60385e+06
473 1.60391e+06
474 1.60399e+06
475 1.60414e+06
476 1.6042e+06
477 1.6042e+06
478 1.60435e+06
479 1.60438e+06
480 1.60444e+06
481 1.60451e+06
482 1.60458e+06
483 1.60459e+06
484 1.60466e+06
485 1.60477e+06
486 1.60486e+06
487 1.60487e+06
488 1.60494e+06
489 1.60501e+06
490 1.60502e+06
491 1.60503e+06
492 1.60508e+06
493 1.60518e+06
494 1.6052e+06
495 1.60524e+06
496 1.60526e+06
497 1.60531e+06
498 1.60537e+06
499 1.60549e+06
500 1.6056e+06
501 1.60563e+06
502 1.60565e+06
503 1.6057e+06
504 1.60573e+06
505 1.6058e+06
506 1.60586e+06
507 1.6059e+06
508 1.60593e+06
509 1.60603e+06
510 1.60609e+06
511 1.60613e+06
512 1.60624e+06
513 1.60627e+06
514 1.60634e+06
515 1.60637e+06
516 1.6064e+06
517 1.60645e+06
518 1.60654e+06
519 1.60657e+06
520 1.60661e+06
521 1.60669e+06
522 1.60673e+06
523 1.60685e+06
524 1.60686e+06
525 1.6069e+06
526 1.60695e+06
527 1.60702e+06
528 1.60709e+06
529 1.60714e+06
530 1.60721e+06
531 1.60726e+06
532 1.6073e+06
533 1.60732e+06
534 1.60732e+06
535 1.60734e+06
536 1.60742e+06
537 1.60748e+06
538 1.60756e+06
539 1.60766e+06
540 1.6077e+06
541 1.60776e+06
542 1.60788e+06
543 1.6079e+06
544 1.60798e+06
545 1.60808e+06
546 1.60812e+06
547 1.60818e+06
548 1.60818e+06
549 1.60824e+06
550 1.60827e+06
551 1.60833e+06
552 1.60844e+06
553 1.60852e+06
554 1.60859e+06
555 1.60875e+06
556 1.60879e+06
557 1.60882e+06
558 1.60889e+06
559 1.60902e+06
560 1.60905e+06
561 1.60905e+06
562 1.6091e+06
563 1.60915e+06
564 1.60918e+06
565 1.60921e+06
566 1.60927e+06
567 1.60927e+06
568 1.60939e+06
569 1.60949e+06
570 1.60958e+06
571 1.60969e+06
572 1.60973e+06
573 1.60984e+06
574 1.60996e+06
575 1.61002e+06
576 1.61018e+06
577 1.61024e+06
578 1.61037e+06
579 1.61041e+06
580 1.6105e+06
581 1.6105e+06
582 1.61058e+06
583 1.61061e+06
584 1.61066e+06
585 1.61067e+06
586 1.61073e+06
587 1.61075e+06
588 1.61076e+06
589 1.61077e+06
590 1.61081e+06
591 1.61087e+06
592 1.61101e+06
593 1.61107e+06
594 1.6112e+06
595 1.6113e+06
596 1.61136e+06
597 1.61143e+06
598 1.61154e+06
599 1.61159e+06
600 1.61174e+06
601 1.61178e+06
602 1.61186e+06
603 1.61196e+06
604 1.612e+06
605 1.61206e+06
606 1.61212e+06
607 1.61216e+06
608 1.61223e+06
609 1.61229e+06
610 1.6123e+06
611 1.6123e+06
612 1.61238e+06
613 1.61246e+06
614 1.61252e+06
615 1.61262e+06
616 1.61268e+06
617 1.61276e+06
618 1.61287e+06
619 1.61294e+06
620 1.61297e+06
621 1.61297e+06
622 1.61308e+06
623 1.61308e+06
624 1.61311e+06
625 1.61314e+06
626 1.6132e+06
627 1.6133e+06
628 1.61344e+06
629 1.6135e+06
630 1.61353e+06
631 1.61358e+06
632 1.61358e+06
633 1.6136e+06
634 1.61364e+06
635 1.61364e+06
636 1.61375e+06
637 1.61382e+06
638 1.6139e+06
639 1.61395e+06
640 1.61396e+06
641 1.61398e+06
642 1.61401e+06
643 1.61405e+06
644 1.61411e+06
645 1.61413e+06
646 1.61422e+06
647 1.61426e+06
648 1.6143e+06
649 1.61436e+06
650 1.61447e+06
651 1.6145e+06
652 1.61455e+06
653 1.61462e+06
654 1.61466e+06
655 1.6147e+06
656 1.61476e+06
657 1.61486e+06
658 1.61495e+06
659 1.61504e+06
660 1.61514e+06
661 1.61517e+06
662 1.6152e+06
663 1.61527e+06
664 1.61532e+06
665 1.61538e+06
666 1.61547e+06
667 1.6155e+06
668 1.61555e+06
669 1.6156e+06
670 1.61567e+06
671 1.61577e+06
672 1.61577e+06
673 1.61578e+06
674 1.61583e+06
675 1.61587e+06
676 1.616e+06
677 1.61608e+06
678 1.61616e+06
679 1.61621e+06
680 1.61624e+06
681 1.61627e+06
682 1.61629e+06
683 1.61638e+06
684 1.61642e+06
685 1.61647e+06
686 1.61651e+06
687 1.61657e+06
688 1.6166e+06
689 1.61672e+06
690 1.61675e+06
691 1.61678e+06
692 1.61682e+06
693 1.61692e+06
694 1.61701e+06
695 1.61707e+06
696 1.61712e+06
697 1.61714e+06
698 1.61716e+06
699 1.61721e+06
700 1.6173e+06
701 1.6173e+06
702 1.61739e+06
703 1.61742e+06
704 1.61744e+06
705 1.6175e+06
706 1.61754e+06
707 1.61765e+06
708 1.61771e+06
709 1.61777e+06
710 1.61779e+06
711 1.61784e+06
712 1.6179e+06
713 1.61792e+06
714 1.61797e+06
715 1.61804e+06
716 1.61806e+06
717 1.61807e+06
718 1.61813e+06
719 1.61819e+06
720 1.61826e+06
721 1.61828e+06
722 1.61834e+06
723 1.61841e+06
724 1.6185e+06
725 1.61851e+06
726 1.61859e+06
727 1.61862e+06
728 1.61866e+06
729 1.61873e+06
730 1.61879e+06
731 1.61882e+06
732 1.61886e+06
733 1.61893e+06
734 1.61896e+06
735 1.61896e+06
736 1.61898e+06
737 1.61904e+06
738 1.6191e+06
739 1.61913e+06
740 1.61914e+06
741 1.61917e+06
742 1.61921e+06
743 1.61922e+06
744 1.61932e+06
745 1.61936e+06
746 1.6194e+06
747 1.61952e+06
748 1.61952e+06
749 1.61953e+06
750 1.6196e+06
751 1.61978e+06
752 1.61978e+06
753 1.61982e+06
754 1.61984e+06
755 1.61986e+06
756 1.61988e+06
757 1.61993e+06
758 1.61997e+06
759 1.61998e+06
760 1.62003e+06
761 1.62008e+06
762 1.62012e+06
763 1.62014e+06
764 1.62018e+06
765 1.62019e+06
766 1.62028e+06
767 1.62032e+06
768 1.62048e+06
769 1.62059e+06
770 1.62061e+06
771 1.62061e+06
772 1.62069e+06
773 1.62073e+06
774 1.62078e+06
775 1.62082e+06
776 1.62086e+06
777 1.62099e+06
778 1.62106e+06
779 1.62106e+06
780 1.62112e+06
781 1.62124e+06
782 1.62132e+06
783 1.62145e+06
784 1.62147e+06
785 1.62154e+06
786 1.62156e+06
787 1.62161e+06
788 1.62169e+06
789 1.62183e+06
790 1.62189e+06
791 1.62191e+06
792 1.62193e+06
793 1.62193e+06
794 1.62208e+06
795 1.62215e+06
796 1.62216e+06
797 1.62221e+06
798 1.62223e+06
799 1.62226e+06
800 1.62235e+06
801 1.62245e+06
802 1.62249e+06
803 1.62254e+06
804 1.62266e+06
805 1.62266e+06
806 1.62276e+06
807 1.62278e+06
808 1.62282e+06
809 1.6229e+06
810 1.62292e+06
811 1.62292e+06
812 1.62299e+06
813 1.62304e+06
814 1.62306e+06
815 1.62312e+06
816 1.62326e+06
817 1.62331e+06
818 1.62339e+06
819 1.62344e+06
820 1.62346e+06
821 1.62348e+06
822 1.62349e+06
823 1.6235e+06
824 1.6235e+06
825 1.62351e+06
826 1.6236e+06
827 1.62365e+06
828 1.62368e+06
829 1.62369e+06
830 1.62369e+06
831 1.62384e+06
832 1.6239e+06
833 1.62397e+06
834 1.62401e+06
835 1.62408e+06
836 1.62412e+06
837 1.62418e+06
838 1.62422e+06
839 1.6243e+06
840 1.62438e+06
841 1.62445e+06
842 1.62447e+06
843 1.62448e+06
844 1.62448e+06
845 1.62453e+06
846 1.62453e+06
847 1.62453e+06
848 1.62454e+06
849 1.62458e+06
850 1.6246e+06
851 1.62464e+06
852 1.62466e+06
853 1.62473e+06
854 1.62478e+06
855 1.62483e+06
856 1.62492e+06
857 1.62501e+06
858 1.62501e+06
859 1.62507e+06
860 1.62509e+06
861 1.62513e+06
862 1.62521e+06
863 1.62527e+06
864 1.62542e+06
865 1.62543e+06
866 1.62548e+06
867 1.6255e+06
868 1.62562e+06
869 1.62565e+06
870 1.62565e+06
871 1.62565e+06
872 1.62571e+06
873 1.62574e+06
874 1.62581e+06
875 1.62586e+06
876 1.62591e+06
877 1.62591e+06
878 1.62598e+06
879 1.626e+06
880 1.626e+06
881 1.62606e+06
882 1.62609e+06
883 1.62614e+06
884 1.62617e+06
885 1.62636e+06
886 1.62636e+06
887 1.62643e+06
888 1.62647e+06
889 1.62647e+06
890 1.62648e+06
891 1.62653e+06
892 1.62657e+06
893 1.62666e+06
894 1.62667e+06
895 1.62667e+06
896 1.62674e+06
897 1.62683e+06
898 1.62683e+06
899 1.62686e+06
900 1.62695e+06
901 1.62696e+06
902 1.62696e+06
903 1.62697e+06
904 1.62706e+06
905 1.62715e+06
906 1.62733e+06
907 1.62746e+06
908 1.62767e+06
909 1.62779e+06
910 1.62781e+06
911 1.62784e+06
912 1.62795e+06
913 1.628e+06
914 1.6281e+06
915 1.62816e+06
916 1.62818e+06
917 1.62824e+06
918 1.62828e+06
919 1.62831e+06
920 1.62837e+06
921 1.62845e+06
922 1.62846e+06
923 1.62856e+06
924 1.62858e+06
925 1.6286e+06
926 1.6286e+06
927 1.62863e+06
928 1.62863e+06
929 1.62874e+06
930 1.62884e+06
931 1.6289e+06
932 1.62898e+06
933 1.62902e+06
934 1.62903e+06
935 1.62909e+06
936 1.62909e+06
937 1.62919e+06
938 1.62924e+06
939 1.6293e+06
940 1.6294e+06
941 1.6294e+06
942 1.62947e+06
943 1.62951e+06
944 1.62959e+06
945 1.62962e+06
946 1.62968e+06
947 1.62969e+06
948 1.62977e+06
949 1.62983e+06
950 1.62983e+06
951 1.6299e+06
952 1.62996e+06
953 1.62996e+06
954 1.63016e+06
955 1.63018e+06
956 1.63019e+06
957 1.63023e+06
958 1.63028e+06
959 1.63028e+06
960 1.63036e+06
961 1.63039e+06
962 1.6304e+06
963 1.6304e+06
964 1.63047e+06
965 1.63049e+06
966 1.63055e+06
967 1.63057e+06
968 1.63061e+06
969 1.63068e+06
970 1.6307e+06
971 1.6308e+06
972 1.63086e+06
973 1.63091e+06
974 1.63093e+06
975 1.631e+06
976 1.63108e+06
977 1.63114e+06
978 1.63126e+06
979 1.63131e+06
980 1.63136e+06
981 1.63136e+06
982 1.63139e+06
983 1.63145e+06
984 1.63148e+06
985 1.6316e+06
986 1.63161e+06
987 1.63173e+06
988 1.63176e+06
989 1.63181e+06
990 1.63182e+06
991 1.63187e+06
992 1.63189e+06
993 1.63191e+06
994 1.632e+06
995 1.632e+06
996 1.63204e+06
997 1.63211e+06
998 1.63214e+06
999 1.63215e+06
1000 1.63215e+06
