128 0.3 0.411
0 156776
1 1.56789e+06
2 1.56794e+06
3 1.56795e+06
4 1.56804e+06
5 1.56807e+06
6 1.56811e+06
7 1.5683e+06
8 1.56842e+06
9 1.56849e+06
10 1.56858e+06
11 1.5686e+06
12 1.56869e+06
13 1.56876e+06
14 1.56879e+06
15 1.56882e+06
16 1.56892e+06
17 1.56903e+06
18 1.56913e+06
19 1.56916e+06
20 1.5692e+06
21 1.5693e+06
22 1.56936e+06
23 1.56948e+06
24 1.56954e+06
25 1.56959e+06
26 1.56965e+06
27 1.56986e+06
28 1.56988e+06
29 1.56991e+06
30 1.57006e+06
31 1.57017e+06
32 1.57026e+06
33 1.57045e+06
34 1.57064e+06
35 1.57068e+06
36 1.57073e+06
37 1.57078e+06
38 1.5708e+06
39 1.57087e+06
40 1.57095e+06
41 1.57106e+06
42 1.57112e+06
43 1.57125e+06
44 1.57136e+06
45 1.57147e+06
46 1.57155e+06
47 1.57167e+06
48 1.57171e+06
49 1.57174e+06
50 1.57192e+06
51 1.57196e+06
52 1.57202e+06
53 1.57211e+06
54 1.57216e+06
55 1.57226e+06
56 1.57237e+06
57 1.57245e+06
58 1.57261e+06
59 1.57265e+06
60 1.57278e+06
61 1.57287e+06
62 1.57295e+06
63 1.57296e+06
64 1.5732e+06
65 1.57327e+06
66 1.57345e+06
67 1.57349e+06
68 1.57357e+06
69 1.57369e+06
70 1.57378e+06
71 1.57383e+06
72 1.5739e+06
73 1.5739e+06
74 1.57398e+06
75 1.57406e+06
76 1.57408e+06
77 1.57422e+06
78 1.57442e+06
79 1.57446e+06
80 1.57456e+06
81 1.57462e+06
82 1.57468e+06
83 1.57478e+06
84 1.57495e+06
85 1.57498e+06
86 1.57506e+06
87 1.57513e+06
88 1.57514e+06
89 1.57534e+06
90 1.5754e+06
91 1.57546e+06
92 1.5755e+06
93 1.57557e+06
94 1.57567e+06
95 1.57583e+06
96 1.5759e+06
97 1.57594e+06
98 1.57602e+06
99 1.57613e+06
100 1.57617e+06
101 1.57622e+06
102 1.57629e+06
103 1.57635e+06
104 1.57641e+06
105 1.57644e+06
106 1.57654e+06
107 1.57665e+06
108 1.57668e+06
109 1.57674e+06
110 1.57684e+06
111 1.57687e+06
112 1.57688e+06
113 1.57701e+06
114 1.57715e+06
115 1.57728e+06
116 1.57746e+06
117 1.57752e+06
118 1.57762e+06
119 1.57776e+06
120 1.57789e+06
121 1.57796e+06
122 1.57801e+06
123 1.57809e+06
124 1.57816e+06
125 1.57819e+06
126 1.57825e+06
127 1.57829e+06
128 1.57849e+06
129 1.57851e+06
130 1.57859e+06
131 1.57866e+06
132 1.57871e+06
133 1.57877e+06
134 1.57887e+06
135 1.57895e+06
136 1.57904e+06
137 1.57907e+06
138 1.57923e+06
139 1.5793e+06
140 1.57939e+06
141 1.57943e+06
142 1.57949e+06
143 1.57955e+06
144 1.57956e+06
145 1.57966e+06
146 1.57967e+06
147 1.57979e+06
148 1.57983e+06
149 1.57988e+06
150 1.58005e+06
151 1.58023e+06
152 1.58029e+06
153 1.58039e+06
154 1.5805e+06
155 1.58055e+06
156 1.58057e+06
157 1.58067e+06
158 1.58077e+06
159 1.58083e+06
160 1.58092e+06
161 1.58104e+06
162 1.58108e+06
163 1.58117e+06
164 1.58123e+06
165 1.58129e+06
166 1.58138e+06
167 1.58142e+06
168 1.5815e+06
169 1.58162e+06
170 1.58172e+06
171 1.58183e+06
172 1.58189e+06
173 1.58193e+06
174 1.58202e+06
175 1.58218e+06
176 1.58235e+06
177 1.5824e+06
178 1.58248e+06
179 1.58258e+06
180 1.58272e+06
181 1.58275e+06
182 1.58283e+06
183 1.58295e+06
184 1.58299e+06
185 1.58311e+06
186 1.58314e+06
187 1.5833e+06
188 1.5834e+06
189 1.58348e+06
190 1.58361e+06
191 1.5838e+06
192 1.58394e+06
193 1.58397e+06
194 1.58404e+06
195 1.5841e+06
196 1.58426e+06
197 1.5843e+06
198 1.5845e+06
199 1.58452e+06
200 1.58467e+06
201 1.58478e+06
202 1.58486e+06
203 1.58494e+06
204 1.58494e+06
205 1.58509e+06
206 1.58517e+06
207 1.58527e+06
208 1.5853e+06
209 1.58547e+06
210 1.58558e+06
211 1.58562e+06
212 1.58574e+06
213 1.58585e+06
214 1.5859e+06
215 1.58595e+06
216 1.58608e+06
217 1.58613e+06
218 1.58619e+06
219 1.58625e+06
220 1.58635e+06
221 1.58646e+06
222 1.58653e+06
223 1.58666e+06
224 1.58679e+06
225 1.58694e+06
226 1.58707e+06
227 1.5871e+06
228 1.58712e+06
229 1.58716e+06
230 1.58717e+06
231 1.58724e+06
232 1.58737e+06
233 1.58749e+06
234 1.58758e+06
235 1.58763e+06
236 1.58773e+06
237 1.58787e+06
238 1.58791e+06
239 1.58794e+06
240 1.588e+06
241 1.58813e+06
242 1.58813e+06
243 1.58814e+06
244 1.58827e+06
245 1.58836e+06
246 1.58851e+06
247 1.58855e+06
248 1.5886e+06
249 1.58868e+06
250 1.58876e+06
251 1.58884e+06
252 1.58884e+06
253 1.58888e+06
254 1.58894e+06
255 1.58897e+06
256 1.58904e+06
257 1.58911e+06
258 1.58918e+06
259 1.58929e+06
260 1.58934e+06
261 1.58939e+06
262 1.58956e+06
263 1.58965e+06
264 1.58972e+06
265 1.58984e+06
266 1.58997e+06
267 1.59003e+06
268 1.59003e+06
269 1.59005e+06
270 1.59018e+06
271 1.59019e+06
272 1.59019e+06
273 1.59022e+06
274 1.59028e+06
275 1.59032e+06
276 1.59036e+06
277 1.59042e+06
278 1.59044e+06
279 1.5905e+06
280 1.5906e+06
281 1.5907e+06
282 1.59072e+06
283 1.5908e+06
284 1.59087e+06
285 1.59091e+06
286 1.59101e+06
287 1.59102e+06
288 1.59108e+06
289 1.59115e+06
290 1.59121e+06
291 1.59136e+06
292 1.59138e+06
293 1.5914e+06
294 1.59148e+06
295 1.59154e+06
296 1.59156e+06
297 1.59165e+06
298 1.5917e+06
299 1.59177e+06
300 1.59184e+06
301 1.5919e+06
302 1.59197e+06
303 1.59207e+06
304 1.59215e+06
305 1.59224e+06
306 1.59228e+06
307 1.59232e+06
308 1.59239e+06
309 1.59254e+06
310 1.59265e+06
311 1.59271e+06
312 1.59275e+06
313 1.59282e+06
314 1.59292e+06
315 1.59306e+06
316 1.59308e+06
317 1.59314e+06
318 1.59318e+06
319 1.5932e+06
320 1.5933e+06
321 1.59335e+06
322 1.59344e+06
323 1.59349e+06
324 1.59357e+06
325 1.59362e+06
326 1.59368e+06
327 1.59382e+06
328 1.59386e+06
329 1.59392e+06
330 1.59398e+06
331 1.59398e+06
332 1.59406e+06
333 1.59417e+06
334 1.59431e+06
335 1.59435e+06
336 1.59436e+06
337 1.59439e+06
338 1.59443e+06
339 1.5945e+06
340 1.5946e+06
341 1.5947e+06
342 1.59483e+06
343 1.59487e+06
344 1.59492e+06
345 1.59497e+06
346 1.59504e+06
347 1.5951e+06
348 1.59514e+06
349 1.59523e+06
350 1.59529e+06
351 1.59543e+06
352 1.59546e+06
353 1.5955e+06
354 1.59554e+06
355 1.59557e+06
356 1.5956e+06
357 1.59565e+06
358 1.59576e+06
359 1.59583e+06
360 1.59587e+06
361 1.59595e+06
362 1.59601e+06
363 1.59614e+06
364 1.59622e+06
365 1.59623e+06
366 1.59627e+06
367 1.59635e+06
368 1.59649e+06
369 1.59653e+06
370 1.59663e+06
371 1.59677e+06
372 1.59682e+06
373 1.59684e+06
374 1.59695e+06
375 1.59705e+06
376 1.59707e+06
377 1.5972e+06
378 1.59733e+06
379 1.59737e+06
380 1.59737e+06
381 1.59747e+06
382 1.59759e+06
383 1.59767e+06
384 1.59785e+06
385 1.59792e+06
386 1.59796e+06
387 1.59801e+06
388 1.59808e+06
389 1.59818e+06
390 1.59822e+06
391 1.59827e+06
392 1.59833e+06
393 1.5984e+06
394 1.59847e+06
395 1.59848e+06
396 1.59857e+06
397 1.59857e+06
398 1.59866e+06
399 1.59878e+06
400 1.5988e+06
401 1.59888e+06
402 1.5989e+06
403 1.59904e+06
404 1.59914e+06
405 1.59921e+06
406 1.59927e+06
407 1.59932e+06
408 1.59942e+06
409 1.59947e+06
410 1.59954e+06
411 1.59962e+06
412 1.5997e+06
413 1.59979e+06
414 1.59982e+06
415 1.59992e+06
416 1.59996e+06
417 1.60005e+06
418 1.60006e+06
419 1.60013e+06
420 1.60016e+06
421 1.60025e+06
422 1.60031e+06
423 1.60042e+06
424 1.60044e+06
425 1.60053e+06
426 1.60059e+06
427 1.60066e+06
428 1.60068e+06
429 1.60077e+06
430 1.60086e+06
431 1.6009e+06
432 1.60096e+06
433 1.60099e+06
434 1.60105e+06
435 1.60113e+06
436 1.60121e+06
437 1.60129e+06
438 1.60139e+06
439 1.60147e+06
440 1.60147e+06
441 1.60149e+06
442 1.60153e+06
443 1.60166e+06
444 1.6017e+06
445 1.6018e+06
446 1.60184e+06
447 1.6019e+06
448 1.60195e+06
449 1.602e+06
450 1.60211e+06
451 1.60223e+06
452 1.60224e+06
453 1.60228e+06
454 1.60242e+06
455 1.60252e+06
456 1.60258e+06
457 1.60265e+06
458 1.6027e+06
459 1.60277e+06
460 1.6029e+06
461 1.60295e+06
462 1.603e+06
463 1.60302e+06
464 1.60317e+06
465 1.60323e+06
466 1.60327e+06
467 1.60332e+06
468 1.60336e+06
469 1.6034e+06
470 1.60341e+06
471 1.60346e+06
472 1.60348e+06
473 1.60354e+06
474 1.60364e+06
475 1.60373e+06
476 1.6038e+06
477 1.60383e+06
478 1.60394e+06
479 1.60397e+06
480 1.60397e+06
481 1.60399e+06
482 1.60404e+06
483 1.60408e+06
484 1.60417e+06
485 1.60426e+06
486 1.60431e+06
487 1.60431e+06
488 1.60435e+06
489 1.60437e+06
490 1.60439e+06
491 1.60442e+06
492 1.6045e+06
493 1.60456e+06
494 1.60458e+06
495 1.60462e+06
496 1.60468e+06
497 1.60471e+06
498 1.60476e+06
499 1.60489e+06
500 1.60498e+06
501 1.60507e+06
502 1.60513e+06
503 1.60521e+06
504 1.60527e+06
505 1.60534e+06
506 1.60538e+06
507 1.60538e+06
508 1.60541e+06
509 1.60551e+06
510 1.60562e+06
511 1.6057e+06
512 1.60575e+06
513 1.60575e+06
514 1.60579e+06
515 1.60579e+06
516 1.60586e+06
517 1.60598e+06
518 1.60603e+06
519 1.60608e+06
520 1.60609e+06
521 1.6062e+06
522 1.60626e+06
523 1.60632e+06
524 1.60634e+06
525 1.60644e+06
526 1.60654e+06
527 1.60661e+06
528 1.60664e+06
529 1.60673e+06
530 1.60686e+06
531 1.60692e+06
532 1.60698e+06
533 1.60704e+06
534 1.60708e+06
535 1.60713e+06
536 1.60728e+06
537 1.60738e+06
538 1.60745e+06
539 1.60752e+06
540 1.60757e+06
541 1.60758e+06
542 1.60771e+06
543 1.60771e+06
544 1.60781e+06
545 1.6079e+06
546 1.60796e+06
547 1.60798e+06
548 1.608e+06
549 1.60802e+06
550 1.60809e+06
551 1.60815e+06
552 1.60821e+06
553 1.60826e+06
554 1.60837e+06
555 1.60842e+06
556 1.60844e+06
557 1.60849e+06
558 1.60852e+06
559 1.60859e+06
560 1.60859e+06
561 1.60867e+06
562 1.60868e+06
563 1.60877e+06
564 1.60883e+06
565 1.60883e+06
566 1.6089e+06
567 1.60891e+06
568 1.60897e+06
569 1.60904e+06
570 1.60913e+06
571 1.60923e+06
572 1.60927e+06
573 1.60932e+06
574 1.60939e+06
575 1.60944e+06
576 1.60955e+06
577 1.60964e+06
578 1.60972e+06
579 1.60974e+06
580 1.60988e+06
581 1.60988e+06
582 1.60991e+06
583 1.60995e+06
584 1.60995e+06
585 1.61e+06
586 1.61004e+06
587 1.61007e+06
588 1.61014e+06
589 1.61024e+06
590 1.61026e+06
591 1.61032e+06
592 1.61044e+06
593 1.6105e+06
594 1.6106e+06
595 1.61063e+06
596 1.61066e+06
597 1.61067e+06
598 1.61071e+06
599 1.61078e+06
600 1.61092e+06
601 1.61095e+06
602 1.61102e+06
603 1.61111e+06
604 1.61119e+06
605 1.61123e+06
606 1.61139e+06
607 1.61143e+06
608 1.61149e+06
609 1.61157e+06
610 1.61169e+06
611 1.61171e+06
612 1.61186e+06
613 1.61196e+06
614 1.612e+06
615 1.61207e+06
616 1.61212e+06
617 1.61221e+06
618 1.61224e+06
619 1.61224e+06
620 1.61232e+06
621 1.61235e+06
622 1.61242e+06
623 1.61252e+06
624 1.61256e+06
625 1.61257e+06
626 1.61259e+06
627 1.61272e+06
628 1.61279e+06
629 1.61279e+06
630 1.61282e+06
631 1.61293e+06
632 1.613e+06
633 1.61301e+06
634 1.61301e+06
635 1.61301e+06
636 1.61306e+06
637 1.61311e+06
638 1.61319e+06
639 1.61321e+06
640 1.61325e+06
641 1.61332e+06
642 1.61334e+06
643 1.61336e+06
644 1.61342e+06
645 1.61343e+06
646 1.61358e+06
647 1.61363e+06
648 1.61381e+06
649 1.6139e+06
650 1.61396e+06
651 1.61406e+06
652 1.61411e+06
653 1.61417e+06
654 1.6142e+06
655 1.6143e+06
656 1.61434e+06
657 1.61441e+06
658 1.61446e+06
659 1.61447e+06
660 1.61452e+06
661 1.61455e+06
662 1.61461e+06
663 1.61471e+06
664 1.61478e+06
665 1.61484e+06
666 1.61487e+06
667 1.61489e+06
668 1.61496e+06
669 1.61499e+06
670 1.61499e+06
671 1.61507e+06
672 1.61514e+06
673 1.61521e+06
674 1.61522e+06
675 1.61522e+06
676 1.6153e+06
677 1.61544e+06
678 1.61552e+06
679 1.61553e+06
680 1.61561e+06
681 1.61563e+06
682 1.6157e+06
683 1.61575e+06
684 1.61575e+06
685 1.61576e+06
686 1.6158e+06
687 1.61583e+06
688 1.61602e+06
689 1.61616e+06
690 1.61626e+06
691 1.61626e+06
692 1.61626e+06
693 1.6163e+06
694 1.61634e+06
695 1.61636e+06
696 1.6164e+06
697 1.61648e+06
698 1.61648e+06
699 1.61651e+06
700 1.61662e+06
701 1.61667e+06
702 1.61673e+06
703 1.6168e+06
704 1.61682e+06
705 1.61686e+06
706 1.6171e+06
707 1.61721e+06
708 1.61724e+06
709 1.61732e+06
710 1.61734e+06
711 1.61742e+06
712 1.61759e+06
713 1.61762e+06
714 1.61762e+06
715 1.61768e+06
716 1.61771e+06
717 1.6178e+06
718 1.61786e+06
719 1.6179e+06
720 1.61792e+06
721 1.61797e+06
722 1.61798e+06
723 1.61802e+06
724 1.61813e+06
725 1.61829e+06
726 1.61831e+06
727 1.61834e+06
728 1.61842e+06
729 1.61847e+06
730 1.61851e+06
731 1.61852e+06
732 1.61852e+06
733 1.61858e+06
734 1.6186e+06
735 1.61875e+06
736 1.61882e+06
737 1.61888e+06
738 1.61898e+06
739 1.61902e+06
740 1.6191e+06
741 1.61914e+06
742 1.61914e+06
743 1.61915e+06
744 1.61925e+06
745 1.61938e+06
746 1.6194e+06
747 1.61952e+06
748 1.61956e+06
749 1.61959e+06
750 1.61964e+06
751 1.61972e+06
752 1.61975e+06
753 1.61982e+06
754 1.61983e+06
755 1.61984e+06
756 1.61989e+06
757 1.61994e+06
758 1.62003e+06
759 1.62008e+06
760 1.62017e+06
761 1.62017e+06
762 1.6202e+06
763 1.62028e+06
764 1.62037e+06
765 1.6205e+06
766 1.62052e+06
767 1.6206e+06
768 1.62091e+06
769 1.62106e+06
770 1.62106e+06
771 1.62111e+06
772 1.62125e+06
773 1.62126e+06
774 1.62129e+06
775 1.62135e+06
776 1.62138e+06
777 1.62153e+06
778 1.62164e+06
779 1.62163e+06
780 1.62166e+06
781 1.62182e+06
782 1.62184e+06
783 1.62194e+06
784 1.62197e+06
785 1.62203e+06
786 1.62205e+06
787 1.62206e+06
788 1.62212e+06
789 1.6222e+06
790 1.62224e+06
791 1.6223e+06
792 1.62238e+06
793 1.62238e+06
794 1.62254e+06
795 1.62263e+06
796 1.62265e+06
797 1.62268e+06
798 1.62277e+06
799 1.62284e+06
800 1.62288e+06
801 1.62291e+06
802 1.62295e+06
803 1.623e+06
804 1.62309e+06
805 1.62316e+06
806 1.62316e+06
807 1.62317e+06
808 1.62324e+06
809 1.62325e+06
810 1.62338e+06
811 1.62346e+06
812 1.62348e+06
813 1.6235e+06
814 1.62351e+06
815 1.62354e+06
816 1.6236e+06
817 1.62362e+06
818 1.62367e+06
819 1.62371e+06
820 1.62379e+06
821 1.6238e+06
822 1.62382e+06
823 1.62388e+06
824 1.62394e+06
825 1.62404e+06
826 1.62413e+06
827 1.62413e+06
828 1.62424e+06
829 1.6243e+06
830 1.62432e+06
831 1.62437e+06
832 1.62442e+06
833 1.62444e+06
834 1.62448e+06
835 1.62449e+06
836 1.62454e+06
837 1.62461e+06
838 1.62461e+06
839 1.62468e+06
840 1.62472e+06
841 1.62473e+06
842 1.62476e+06
843 1.6248e+06
844 1.6248e+06
845 1.62488e+06
846 1.62488e+06
847 1.6249e+06
848 1.62498e+06
849 1.62503e+06
850 1.62506e+06
851 1.62517e+06
852 1.62519e+06
853 1.62519e+06
854 1.62524e+06
855 1.62527e+06
856 1.62535e+06
857 1.62541e+06
858 1.62544e+06
859 1.62549e+06
860 1.6255e+06
861 1.62549e+06
862 1.62556e+06
863 1.62558e+06
864 1.62569e+06
865 1.6257e+06
866 1.62575e+06
867 1.62581e+06
868 1.62593e+06
869 1.62598e+06
870 1.62602e+06
871 1.62602e+06
872 1.62609e+06
873 1.62614e+06
874 1.62614e+06
875 1.62618e+06
876 1.62618e+06
877 1.62621e+06
878 1.62627e+06
879 1.62638e+06
880 1.6264e+06
881 1.62644e+06
882 1.62646e+06
883 1.62656e+06
884 1.6266e+06
885 1.62669e+06
886 1.62673e+06
887 1.6269e+06
888 1.62698e+06
889 1.627e+06
890 1.627e+06
891 1.62701e+06
892 1.62701e+06
893 1.62702e+06
894 1.62719e+06
895 1.6272e+06
896 1.62723e+06
897 1.62723e+06
898 1.62725e+06
899 1.62731e+06
900 1.6274e+06
901 1.62744e+06
902 1.62745e+06
903 1.62748e+06
904 1.62751e+06
905 1.62766e+06
906 1.62772e+06
907 1.62785e+06
908 1.62793e+06
909 1.628e+06
910 1.62803e+06
911 1.62805e+06
912 1.62808e+06
913 1.62815e+06
914 1.62823e+06
915 1.62829e+06
916 1.6283e+06
917 1.62837e+06
918 1.62841e+06
919 1.62854e+06
920 1.62864e+06
921 1.62881e+06
922 1.62889e+06
923 1.62902e+06
924 1.62906e+06
925 1.62908e+06
926 1.62914e+06
927 1.62922e+06
928 1.62922e+06
929 1.62931e+06
930 1.62934e+06
931 1.62937e+06
932 1.62941e+06
933 1.62946e+06
934 1.62949e+06
935 1.62956e+06
936 1.62956e+06
937 1.62956e+06
938 1.62959e+06
939 1.62968e+06
940 1.62976e+06
941 1.62978e+06
942 1.62991e+06
943 1.62996e+06
944 1.63004e+06
945 1.63009e+06
946 1.6301e+06
947 1.63016e+06
948 1.63018e+06
949 1.63018e+06
950 1.63021e+06
951 1.63027e+06
952 1.63028e+06
953 1.63029e+06
954 1.63039e+06
955 1.6304e+06
956 1.6304e+06
957 1.63045e+06
958 1.63051e+06
959 1.63058e+06
960 1.63061e+06
961 1.63061e+06
962 1.63062e+06
963 1.63062e+06
964 1.63068e+06
965 1.63072e+06
966 1.63076e+06
967 1.63084e+06
968 1.63084e+06
969 1.63087e+06
970 1.63089e+06
971 1.63103e+06
972 1.6311e+06
973 1.6311e+06
974 1.63116e+06
975 1.63116e+06
976 1.63118e+06
977 1.63126e+06
978 1.63134e+06
979 1.63141e+06
980 1.63145e+06
981 1.63147e+06
982 1.63157e+06
983 1.6316e+06
984 1.63164e+06
985 1.63167e+06
986 1.6317e+06
987 1.63172e+06
988 1.63179e+06
989 1.63183e+06
990 1.63187e+06
991 1.63192e+06
992 1.63195e+06
993 1.63202e+06
994 1.63203e+06
995 1.63203e+06
996 1.6321e+06
997 1.63212e+06
998 1.63213e+06
999 1.6322e+06
1000 1.63234e+06
