128 0.3 0.359
0 156776
1 1.56786e+06
2 1.56789e+06
3 1.56791e+06
4 1.56803e+06
5 1.56806e+06
6 1.5681e+06
7 1.56832e+06
8 1.56844e+06
9 1.56848e+06
10 1.56862e+06
11 1.56863e+06
12 1.56873e+06
13 1.5688e+06
14 1.56886e+06
15 1.56892e+06
16 1.56899e+06
17 1.56912e+06
18 1.5692e+06
19 1.56928e+06
20 1.56931e+06
21 1.56942e+06
22 1.56947e+06
23 1.5696e+06
24 1.56968e+06
25 1.56973e+06
26 1.56978e+06
27 1.56999e+06
28 1.57e+06
29 1.57004e+06
30 1.57016e+06
31 1.57023e+06
32 1.57032e+06
33 1.57048e+06
34 1.57065e+06
35 1.57068e+06
36 1.57071e+06
37 1.57079e+06
38 1.57082e+06
39 1.5709e+06
40 1.57095e+06
41 1.57108e+06
42 1.57119e+06
43 1.57128e+06
44 1.5714e+06
45 1.57153e+06
46 1.57162e+06
47 1.57171e+06
48 1.57179e+06
49 1.5718e+06
50 1.57202e+06
51 1.57206e+06
52 1.57211e+06
53 1.5722e+06
54 1.57229e+06
55 1.57237e+06
56 1.57247e+06
57 1.57256e+06
58 1.57273e+06
59 1.57279e+06
60 1.57292e+06
61 1.573e+06
62 1.5731e+06
63 1.57313e+06
64 1.57333e+06
65 1.57342e+06
66 1.57355e+06
67 1.57362e+06
68 1.57369e+06
69 1.57384e+06
70 1.57393e+06
71 1.57402e+06
72 1.57407e+06
73 1.57408e+06
74 1.57415e+06
75 1.57427e+06
76 1.57434e+06
77 1.57447e+06
78 1.57462e+06
79 1.57471e+06
80 1.57484e+06
81 1.57493e+06
82 1.575e+06
83 1.5751e+06
84 1.57529e+06
85 1.57538e+06
86 1.57543e+06
87 1.57561e+06
88 1.57563e+06
89 1.57582e+06
90 1.5759e+06
91 1.57596e+06
92 1.57599e+06
93 1.5761e+06
94 1.57618e+06
95 1.57635e+06
96 1.57642e+06
97 1.57645e+06
98 1.57652e+06
99 1.5766e+06
100 1.57664e+06
101 1.5767e+06
102 1.57672e+06
103 1.57679e+06
104 1.57681e+06
105 1.57686e+06
106 1.57699e+06
107 1.57711e+06
108 1.57713e+06
109 1.57719e+06
110 1.57734e+06
111 1.57738e+06
112 1.57739e+06
113 1.5775e+06
114 1.57761e+06
115 1.57774e+06
116 1.57795e+06
117 1.57798e+06
118 1.57802e+06
119 1.57818e+06
120 1.5783e+06
121 1.57837e+06
122 1.57842e+06
123 1.57851e+06
124 1.57858e+06
125 1.57863e+06
126 1.57869e+06
127 1.57879e+06
128 1.57896e+06
129 1.57898e+06
130 1.57903e+06
131 1.57909e+06
132 1.57914e+06
133 1.57922e+06
134 1.57932e+06
135 1.5794e+06
136 1.57946e+06
137 1.57951e+06
138 1.57965e+06
139 1.57975e+06
140 1.57988e+06
141 1.57992e+06
142 1.58006e+06
143 1.58013e+06
144 1.58015e+06
145 1.58022e+06
146 1.58025e+06
147 1.58034e+06
148 1.58039e+06
149 1.58046e+06
150 1.58061e+06
151 1.58083e+06
152 1.58092e+06
153 1.58102e+06
154 1.58117e+06
155 1.58124e+06
156 1.58128e+06
157 1.58135e+06
158 1.5815e+06
159 1.58161e+06
160 1.58175e+06
161 1.58186e+06
162 1.58192e+06
163 1.58202e+06
164 1.58207e+06
165 1.58212e+06
166 1.58222e+06
167 1.58228e+06
168 1.58234e+06
169 1.58239e+06
170 1.58244e+06
171 1.58256e+06
172 1.58265e+06
173 1.58269e+06
174 1.5828e+06
175 1.58292e+06
176 1.58309e+06
177 1.58315e+06
178 1.58318e+06
179 1.5833e+06
180 1.58343e+06
181 1.58348e+06
182 1.58354e+06
183 1.58375e+06
184 1.58383e+06
185 1.58395e+06
186 1.58403e+06
187 1.58421e+06
188 1.58428e+06
189 1.58434e+06
190 1.58446e+06
191 1.5846e+06
192 1.58471e+06
193 1.58475e+06
194 1.58486e+06
195 1.5849e+06
196 1.58502e+06
197 1.58506e+06
198 1.58526e+06
199 1.58535e+06
200 1.58552e+06
201 1.58564e+06
202 1.5857e+06
203 1.5858e+06
204 1.58584e+06
205 1.58596e+06
206 1.58604e+06
207 1.58612e+06
208 1.58613e+06
209 1.58624e+06
210 1.58635e+06
211 1.58637e+06
212 1.58646e+06
213 1.58659e+06
214 1.58666e+06
215 1.58667e+06
216 1.58678e+06
217 1.58682e+06
218 1.58687e+06
219 1.58693e+06
220 1.58697e+06
221 1.58707e+06
222 1.58721e+06
223 1.58726e+06
224 1.58736e+06
225 1.58747e+06
226 1.58755e+06
227 1.58757e+06
228 1.58759e+06
229 1.58763e+06
230 1.58763e+06
231 1.58771e+06
232 1.58777e+06
233 1.58784e+06
234 1.58797e+06
235 1.58802e+06
236 1.58806e+06
237 1.58814e+06
238 1.58819e+06
239 1.58823e+06
240 1.58829e+06
241 1.58842e+06
242 1.58848e+06
243 1.58849e+06
244 1.58861e+06
245 1.5887e+06
246 1.58885e+06
247 1.58887e+06
248 1.58901e+06
249 1.58909e+06
250 1.58911e+06
251 1.58918e+06
252 1.58921e+06
253 1.58932e+06
254 1.58937e+06
255 1.58939e+06
256 1.58942e+06
257 1.58949e+06
258 1.58959e+06
259 1.58968e+06
260 1.58972e+06
261 1.5899e+06
262 1.59003e+06
263 1.59008e+06
264 1.59012e+06
265 1.5902e+06
266 1.5903e+06
267 1.5904e+06
268 1.59041e+06
269 1.59043e+06
270 1.59054e+06
271 1.59059e+06
272 1.59061e+06
273 1.59069e+06
274 1.59078e+06
275 1.59082e+06
276 1.59084e+06
277 1.59092e+06
278 1.59092e+06
279 1.59096e+06
280 1.59111e+06
281 1.59113e+06
282 1.59113e+06
283 1.59123e+06
284 1.59131e+06
285 1.59144e+06
286 1.5915e+06
287 1.59151e+06
288 1.59159e+06
289 1.59162e+06
290 1.5917e+06
291 1.59178e+06
292 1.59182e+06
293 1.59188e+06
294 1.59197e+06
295 1.59207e+06
296 1.59211e+06
297 1.59217e+06
298 1.59221e+06
299 1.59229e+06
300 1.59233e+06
301 1.59238e+06
302 1.59244e+06
303 1.59255e+06
304 1.59263e+06
305 1.59273e+06
306 1.59276e+06
307 1.59285e+06
308 1.59288e+06
309 1.59296e+06
310 1.59302e+06
311 1.59309e+06
312 1.59312e+06
313 1.5932e+06
314 1.59328e+06
315 1.59338e+06
316 1.59345e+06
317 1.59352e+06
318 1.59356e+06
319 1.5936e+06
320 1.59364e+06
321 1.59371e+06
322 1.5938e+06
323 1.59387e+06
324 1.59395e+06
325 1.59396e+06
326 1.59398e+06
327 1.5941e+06
328 1.59414e+06
329 1.59418e+06
330 1.59422e+06
331 1.59424e+06
332 1.59428e+06
333 1.59437e+06
334 1.59451e+06
335 1.59455e+06
336 1.59457e+06
337 1.5946e+06
338 1.59467e+06
339 1.59473e+06
340 1.59477e+06
341 1.59491e+06
342 1.59503e+06
343 1.59509e+06
344 1.59518e+06
345 1.59527e+06
346 1.59541e+06
347 1.59548e+06
348 1.59553e+06
349 1.59565e+06
350 1.59576e+06
351 1.59584e+06
352 1.59594e+06
353 1.59598e+06
354 1.5961e+06
355 1.5961e+06
356 1.59616e+06
357 1.59624e+06
358 1.59627e+06
359 1.59638e+06
360 1.59645e+06
361 1.5965e+06
362 1.59653e+06
363 1.59656e+06
364 1.59661e+06
365 1.59673e+06
366 1.59678e+06
367 1.59684e+06
368 1.59688e+06
369 1.59696e+06
370 1.59704e+06
371 1.59714e+06
372 1.59723e+06
373 1.59729e+06
374 1.59732e+06
375 1.59744e+06
376 1.59747e+06
377 1.59756e+06
378 1.59767e+06
379 1.59773e+06
380 1.59774e+06
381 1.5978e+06
382 1.59791e+06
383 1.59792e+06
384 1.598e+06
385 1.59806e+06
386 1.5981e+06
387 1.5981e+06
388 1.59815e+06
389 1.5982e+06
390 1.59827e+06
391 1.59832e+06
392 1.59837e+06
393 1.59841e+06
394 1.5985e+06
395 1.59858e+06
396 1.5986e+06
397 1.59864e+06
398 1.59871e+06
399 1.59887e+06
400 1.59888e+06
401 1.59894e+06
402 1.59898e+06
403 1.59909e+06
404 1.59916e+06
405 1.59923e+06
406 1.59926e+06
407 1.59933e+06
408 1.59947e+06
409 1.59953e+06
410 1.59961e+06
411 1.59969e+06
412 1.59975e+06
413 1.59988e+06
414 1.59991e+06
415 1.60003e+06
416 1.60003e+06
417 1.60008e+06
418 1.60013e+06
419 1.60018e+06
420 1.60019e+06
421 1.60024e+06
422 1.6003e+06
423 1.60042e+06
424 1.6005e+06
425 1.60052e+06
426 1.60057e+06
427 1.60058e+06
428 1.60061e+06
429 1.60073e+06
430 1.60078e+06
431 1.60086e+06
432 1.60091e+06
433 1.60098e+06
434 1.60107e+06
435 1.60113e+06
436 1.60121e+06
437 1.60126e+06
438 1.60136e+06
439 1.60142e+06
440 1.60152e+06
441 1.60156e+06
442 1.60165e+06
443 1.60169e+06
444 1.60172e+06
445 1.60181e+06
446 1.60194e+06
447 1.60198e+06
448 1.60204e+06
449 1.60204e+06
450 1.6022e+06
451 1.60239e+06
452 1.60241e+06
453 1.60244e+06
454 1.60259e+06
455 1.60266e+06
456 1.60276e+06
457 1.60282e+06
458 1.60286e+06
459 1.60291e+06
460 1.60293e+06
461 1.60293e+06
462 1.60301e+06
463 1.60307e+06
464 1.60316e+06
465 1.60326e+06
466 1.60337e+06
467 1.6034e+06
468 1.6034e+06
469 1.60341e+06
470 1.60344e+06
471 1.60348e+06
472 1.6035e+06
473 1.60356e+06
474 1.6036e+06
475 1.60367e+06
476 1.60374e+06
477 1.60377e+06
478 1.60385e+06
479 1.60385e+06
480 1.60388e+06
481 1.60396e+06
482 1.60402e+06
483 1.60404e+06
484 1.60417e+06
485 1.60429e+06
486 1.60437e+06
487 1.60441e+06
488 1.60452e+06
489 1.60458e+06
490 1.60462e+06
491 1.60463e+06
492 1.60469e+06
493 1.60478e+06
494 1.6048e+06
495 1.60481e+06
496 1.60483e+06
497 1.6049e+06
498 1.60493e+06
499 1.60503e+06
500 1.60515e+06
501 1.60518e+06
502 1.60521e+06
503 1.60522e+06
504 1.60527e+06
505 1.60532e+06
506 1.60535e+06
507 1.60536e+06
508 1.60536e+06
509 1.60545e+06
510 1.60556e+06
511 1.6056e+06
512 1.60567e+06
513 1.60573e+06
514 1.60576e+06
515 1.60576e+06
516 1.60581e+06
517 1.60585e+06
518 1.60606e+06
519 1.6061e+06
520 1.60613e+06
521 1.6062e+06
522 1.60626e+06
523 1.60636e+06
524 1.60638e+06
525 1.60642e+06
526 1.60645e+06
527 1.60651e+06
528 1.6066e+06
529 1.60665e+06
530 1.60679e+06
531 1.60684e+06
532 1.60691e+06
533 1.60697e+06
534 1.60698e+06
535 1.60702e+06
536 1.60713e+06
537 1.60718e+06
538 1.60728e+06
539 1.60736e+06
540 1.60744e+06
541 1.60749e+06
542 1.60757e+06
543 1.6076e+06
544 1.60768e+06
545 1.60776e+06
546 1.60781e+06
547 1.60787e+06
548 1.60787e+06
549 1.60789e+06
550 1.60797e+06
551 1.60804e+06
552 1.60813e+06
553 1.60816e+06
554 1.60828e+06
555 1.60851e+06
556 1.60857e+06
557 1.60858e+06
558 1.60864e+06
559 1.60877e+06
560 1.60877e+06
561 1.60879e+06
562 1.60885e+06
563 1.60895e+06
564 1.60898e+06
565 1.60904e+06
566 1.60908e+06
567 1.60913e+06
568 1.60921e+06
569 1.60926e+06
570 1.60937e+06
571 1.60954e+06
572 1.60957e+06
573 1.60972e+06
574 1.60976e+06
575 1.60984e+06
576 1.61001e+06
577 1.61008e+06
578 1.61011e+06
579 1.61014e+06
580 1.61024e+06
581 1.61029e+06
582 1.61031e+06
583 1.61037e+06
584 1.61043e+06
585 1.61044e+06
586 1.6105e+06
587 1.61052e+06
588 1.61053e+06
589 1.61053e+06
590 1.61055e+06
591 1.61063e+06
592 1.61072e+06
593 1.61078e+06
594 1.61084e+06
595 1.61089e+06
596 1.61093e+06
597 1.61096e+06
598 1.611e+06
599 1.61104e+06
600 1.61119e+06
601 1.61126e+06
602 1.61132e+06
603 1.61144e+06
604 1.61148e+06
605 1.61158e+06
606 1.61165e+06
607 1.61169e+06
608 1.61176e+06
609 1.61181e+06
610 1.61183e+06
611 1.61183e+06
612 1.61194e+06
613 1.61203e+06
614 1.61206e+06
615 1.6121e+06
616 1.61216e+06
617 1.61221e+06
618 1.61234e+06
619 1.61241e+06
620 1.61241e+06
621 1.61241e+06
622 1.61248e+06
623 1.61248e+06
624 1.61251e+06
625 1.61252e+06
626 1.61258e+06
627 1.6127e+06
628 1.61283e+06
629 1.61292e+06
630 1.61296e+06
631 1.61301e+06
632 1.61302e+06
633 1.61304e+06
634 1.61316e+06
635 1.61319e+06
636 1.61331e+06
637 1.6134e+06
638 1.61351e+06
639 1.61356e+06
640 1.61363e+06
641 1.61365e+06
642 1.61366e+06
643 1.61374e+06
644 1.61381e+06
645 1.61382e+06
646 1.61391e+06
647 1.61395e+06
648 1.61402e+06
649 1.61404e+06
650 1.61415e+06
651 1.61418e+06
652 1.61422e+06
653 1.61427e+06
654 1.61431e+06
655 1.61434e+06
656 1.61438e+06
657 1.61445e+06
658 1.61454e+06
659 1.61458e+06
660 1.61469e+06
661 1.61474e+06
662 1.61479e+06
663 1.61486e+06
664 1.61493e+06
665 1.61495e+06
666 1.615e+06
667 1.615e+06
668 1.61506e+06
669 1.61513e+06
670 1.61519e+06
671 1.61533e+06
672 1.61533e+06
673 1.61534e+06
674 1.61538e+06
675 1.61538e+06
676 1.61545e+06
677 1.61554e+06
678 1.61557e+06
679 1.61559e+06
680 1.61561e+06
681 1.61562e+06
682 1.61566e+06
683 1.61571e+06
684 1.61574e+06
685 1.61575e+06
686 1.61578e+06
687 1.61585e+06
688 1.61587e+06
689 1.61596e+06
690 1.61599e+06
691 1.61604e+06
692 1.61608e+06
693 1.61616e+06
694 1.61622e+06
695 1.61626e+06
696 1.61635e+06
697 1.61636e+06
698 1.61639e+06
699 1.61645e+06
700 1.61654e+06
701 1.61654e+06
702 1.61666e+06
703 1.6167e+06
704 1.6167e+06
705 1.61675e+06
706 1.61682e+06
707 1.61691e+06
708 1.61694e+06
709 1.61706e+06
710 1.61707e+06
711 1.61714e+06
712 1.61721e+06
713 1.61723e+06
714 1.61727e+06
715 1.61734e+06
716 1.61739e+06
717 1.61745e+06
718 1.61753e+06
719 1.61759e+06
720 1.61765e+06
721 1.61767e+06
722 1.61772e+06
723 1.61781e+06
724 1.61786e+06
725 1.61788e+06
726 1.61797e+06
727 1.618e+06
728 1.61807e+06
729 1.61815e+06
730 1.61821e+06
731 1.61825e+06
732 1.61827e+06
733 1.61833e+06
734 1.61836e+06
735 1.6184e+06
736 1.61842e+06
737 1.6185e+06
738 1.61854e+06
739 1.61858e+06
740 1.61859e+06
741 1.61859e+06
742 1.61863e+06
743 1.61866e+06
744 1.61876e+06
745 1.6188e+06
746 1.61881e+06
747 1.61888e+06
748 1.61888e+06
749 1.61896e+06
750 1.61907e+06
751 1.61918e+06
752 1.6192e+06
753 1.61925e+06
754 1.61926e+06
755 1.61931e+06
756 1.61937e+06
757 1.61939e+06
758 1.61942e+06
759 1.61944e+06
760 1.61952e+06
761 1.61957e+06
762 1.61962e+06
763 1.61967e+06
764 1.6197e+06
765 1.61971e+06
766 1.61978e+06
767 1.61983e+06
768 1.61999e+06
769 1.62009e+06
770 1.62015e+06
771 1.62016e+06
772 1.62024e+06
773 1.62034e+06
774 1.62039e+06
775 1.62044e+06
776 1.62046e+06
777 1.62053e+06
778 1.62059e+06
779 1.62062e+06
780 1.62069e+06
781 1.62082e+06
782 1.6209e+06
783 1.62101e+06
784 1.62105e+06
785 1.62111e+06
786 1.62113e+06
787 1.62117e+06
788 1.62124e+06
789 1.62133e+06
790 1.62135e+06
791 1.62137e+06
792 1.62142e+06
793 1.62148e+06
794 1.62158e+06
795 1.62169e+06
796 1.62172e+06
797 1.62179e+06
798 1.62181e+06
799 1.62184e+06
800 1.62191e+06
801 1.62195e+06
802 1.622e+06
803 1.62204e+06
804 1.62216e+06
805 1.62221e+06
806 1.62222e+06
807 1.62225e+06
808 1.62229e+06
809 1.62237e+06
810 1.62239e+06
811 1.62239e+06
812 1.62245e+06
813 1.62248e+06
814 1.62251e+06
815 1.62262e+06
816 1.6227e+06
817 1.62277e+06
818 1.62282e+06
819 1.62285e+06
820 1.62288e+06
821 1.62288e+06
822 1.6229e+06
823 1.62292e+06
824 1.62292e+06
825 1.62297e+06
826 1.62311e+06
827 1.62316e+06
828 1.62322e+06
829 1.62327e+06
830 1.62335e+06
831 1.6234e+06
832 1.62342e+06
833 1.62346e+06
834 1.62349e+06
835 1.62357e+06
836 1.6236e+06
837 1.62366e+06
838 1.62368e+06
839 1.62371e+06
840 1.62376e+06
841 1.62384e+06
842 1.62386e+06
843 1.62391e+06
844 1.62391e+06
845 1.62393e+06
846 1.62396e+06
847 1.62397e+06
848 1.62402e+06
849 1.62406e+06
850 1.62412e+06
851 1.62413e+06
852 1.62417e+06
853 1.62422e+06
854 1.62427e+06
855 1.62441e+06
856 1.62444e+06
857 1.62446e+06
858 1.62448e+06
859 1.62457e+06
860 1.62459e+06
861 1.62461e+06
862 1.62475e+06
863 1.62478e+06
864 1.62481e+06
865 1.62485e+06
866 1.62497e+06
867 1.625e+06
868 1.62511e+06
869 1.62514e+06
870 1.62523e+06
871 1.62528e+06
872 1.6253e+06
873 1.62531e+06
874 1.62535e+06
875 1.62541e+06
876 1.62541e+06
877 1.62546e+06
878 1.62553e+06
879 1.62553e+06
880 1.62553e+06
881 1.62559e+06
882 1.62565e+06
883 1.62578e+06
884 1.62579e+06
885 1.62583e+06
886 1.62583e+06
887 1.62592e+06
888 1.62595e+06
889 1.62596e+06
890 1.62596e+06
891 1.626e+06
892 1.62606e+06
893 1.6261e+06
894 1.62615e+06
895 1.62622e+06
896 1.62628e+06
897 1.62633e+06
898 1.62634e+06
899 1.62637e+06
900 1.62647e+06
901 1.62649e+06
902 1.62649e+06
903 1.6265e+06
904 1.62659e+06
905 1.62667e+06
906 1.62677e+06
907 1.62689e+06
908 1.62698e+06
909 1.62703e+06
910 1.62705e+06
911 1.62713e+06
912 1.62726e+06
913 1.62726e+06
914 1.62736e+06
915 1.62741e+06
916 1.62741e+06
917 1.62747e+06
918 1.62747e+06
919 1.62757e+06
920 1.62763e+06
921 1.62772e+06
922 1.62778e+06
923 1.62787e+06
924 1.62788e+06
925 1.62788e+06
926 1.62794e+06
927 1.62794e+06
928 1.62796e+06
929 1.62798e+06
930 1.62805e+06
931 1.62811e+06
932 1.62816e+06
933 1.62817e+06
934 1.62817e+06
935 1.62823e+06
936 1.62825e+06
937 1.62838e+06
938 1.62842e+06
939 1.62847e+06
940 1.62856e+06
941 1.62857e+06
942 1.62862e+06
943 1.62868e+06
944 1.62875e+06
945 1.62888e+06
946 1.62892e+06
947 1.62894e+06
948 1.62911e+06
949 1.62915e+06
950 1.62916e+06
951 1.62921e+06
952 1.62926e+06
953 1.62929e+06
954 1.62942e+06
955 1.62943e+06
956 1.62946e+06
957 1.62951e+06
958 1.62955e+06
959 1.62959e+06
960 1.62964e+06
961 1.62964e+06
962 1.62969e+06
963 1.6297e+06
964 1.62972e+06
965 1.62975e+06
966 1.62977e+06
967 1.62979e+06
968 1.62979e+06
969 1.62981e+06
970 1.62981e+06
971 1.62981e+06
972 1.62989e+06
973 1.62991e+06
974 1.62992e+06
975 1.62997e+06
976 1.62998e+06
977 1.63007e+06
978 1.6301e+06
979 1.63017e+06
980 1.63019e+06
981 1.6302e+06
982 1.63032e+06
983 1.63038e+06
984 1.6304e+06
985 1.63045e+06
986 1.6305e+06
987 1.63065e+06
988 1.6307e+06
989 1.63076e+06
990 1.63081e+06
991 1.63085e+06
992 1.6309e+06
993 1.63091e+06
994 1.63095e+06
995 1.63095e+06
996 1.63104e+06
997 1.63105e+06
998 1.63109e+06
999 1.63112e+06
1000 1.63114e+06
