128 0.3 0.333
0 156776
1 1.56784e+06
2 1.56788e+06
3 1.56801e+06
4 1.56808e+06
5 1.56813e+06
6 1.56824e+06
7 1.56838e+06
8 1.56852e+06
9 1.56859e+06
10 1.56862e+06
11 1.5687e+06
12 1.56872e+06
13 1.56876e+06
14 1.56878e+06
15 1.56881e+06
16 1.56894e+06
17 1.56901e+06
18 1.5691e+06
19 1.56926e+06
20 1.56932e+06
21 1.5694e+06
22 1.56947e+06
23 1.56952e+06
24 1.56958e+06
25 1.56966e+06
26 1.5698e+06
27 1.56987e+06
28 1.57003e+06
29 1.57008e+06
30 1.57032e+06
31 1.5704e+06
32 1.57042e+06
33 1.57058e+06
34 1.57065e+06
35 1.57076e+06
36 1.57093e+06
37 1.57096e+06
38 1.5711e+06
39 1.57118e+06
40 1.57129e+06
41 1.5714e+06
42 1.57149e+06
43 1.5716e+06
44 1.57168e+06
45 1.57191e+06
46 1.57193e+06
47 1.57202e+06
48 1.57206e+06
49 1.57208e+06
50 1.57219e+06
51 1.5724e+06
52 1.57261e+06
53 1.57266e+06
54 1.57278e+06
55 1.57291e+06
56 1.57317e+06
57 1.57322e+06
58 1.57328e+06
59 1.57334e+06
60 1.57335e+06
61 1.57337e+06
62 1.5734e+06
63 1.57349e+06
64 1.57364e+06
65 1.57376e+06
66 1.57389e+06
67 1.57392e+06
68 1.57399e+06
69 1.57409e+06
70 1.57419e+06
71 1.57426e+06
72 1.57431e+06
73 1.57451e+06
74 1.57461e+06
75 1.57469e+06
76 1.57479e+06
77 1.57481e+06
78 1.57487e+06
79 1.57495e+06
80 1.57506e+06
81 1.57515e+06
82 1.57532e+06
83 1.57542e+06
84 1.57551e+06
85 1.57559e+06
86 1.5757e+06
87 1.57587e+06
88 1.57592e+06
89 1.57594e+06
90 1.57598e+06
91 1.57608e+06
92 1.57614e+06
93 1.57625e+06
94 1.57636e+06
95 1.57641e+06
96 1.57643e+06
97 1.57648e+06
98 1.57659e+06
99 1.57671e+06
100 1.57677e+06
101 1.57687e+06
102 1.57702e+06
103 1.57718e+06
104 1.57721e+06
105 1.57737e+06
106 1.57759e+06
107 1.57764e+06
108 1.57766e+06
109 1.57775e+06
110 1.57779e+06
111 1.57788e+06
112 1.57792e+06
113 1.57802e+06
114 1.5781e+06
115 1.57815e+06
116 1.57827e+06
117 1.57839e+06
118 1.57852e+06
119 1.57861e+06
120 1.57865e+06
121 1.57874e+06
122 1.57883e+06
123 1.5789e+06
124 1.57902e+06
125 1.5791e+06
126 1.57923e+06
127 1.57928e+06
128 1.57936e+06
129 1.5795e+06
130 1.57955e+06
131 1.57963e+06
132 1.57964e+06
133 1.57972e+06
134 1.57978e+06
135 1.57987e+06
136 1.57998e+06
137 1.58013e+06
138 1.58022e+06
139 1.58029e+06
140 1.58035e+06
141 1.58049e+06
142 1.58058e+06
143 1.58076e+06
144 1.58091e+06
145 1.58104e+06
146 1.5811e+06
147 1.58118e+06
148 1.58135e+06
149 1.5814e+06
150 1.58141e+06
151 1.58148e+06
152 1.5816e+06
153 1.5817e+06
154 1.58177e+06
155 1.58185e+06
156 1.58195e+06
157 1.58207e+06
158 1.58214e+06
159 1.58215e+06
160 1.58219e+06
161 1.58228e+06
162 1.58246e+06
163 1.58262e+06
164 1.58264e+06
165 1.58265e+06
166 1.58267e+06
167 1.58284e+06
168 1.58288e+06
169 1.58294e+06
170 1.58302e+06
171 1.58309e+06
172 1.58319e+06
173 1.58324e+06
174 1.5833e+06
175 1.58347e+06
176 1.58351e+06
177 1.58353e+06
178 1.58358e+06
179 1.58371e+06
180 1.58379e+06
181 1.58385e+06
182 1.58391e+06
183 1.58395e+06
184 1.58411e+06
185 1.58413e+06
186 1.5842e+06
187 1.58424e+06
188 1.58441e+06
189 1.58444e+06
190 1.58446e+06
191 1.58451e+06
192 1.5846e+06
193 1.58469e+06
194 1.58481e+06
195 1.58486e+06
196 1.58498e+06
197 1.58516e+06
198 1.5853e+06
199 1.58537e+06
200 1.58541e+06
201 1.58548e+06
202 1.58555e+06
203 1.58559e+06
204 1.5857e+06
205 1.58583e+06
206 1.58596e+06
207 1.58596e+06
208 1.58604e+06
209 1.58609e+06
210 1.58614e+06
211 1.58616e+06
212 1.58624e+06
213 1.58637e+06
214 1.58649e+06
215 1.58653e+06
216 1.58658e+06
217 1.58666e+06
218 1.5867e+06
219 1.58678e+06
220 1.58688e+06
221 1.5869e+06
222 1.58697e+06
223 1.587e+06
224 1.5871e+06
225 1.5872e+06
226 1.58731e+06
227 1.58735e+06
228 1.5875e+06
229 1.5876e+06
230 1.58763e+06
231 1.58766e+06
232 1.58771e+06
233 1.58778e+06
234 1.5878e+06
235 1.58792e+06
236 1.588e+06
237 1.58807e+06
238 1.5882e+06
239 1.58829e+06
240 1.58835e+06
241 1.58845e+06
242 1.58853e+06
243 1.58861e+06
244 1.58866e+06
245 1.5887e+06
246 1.58876e+06
247 1.5888e+06
248 1.5889e+06
249 1.58899e+06
250 1.58906e+06
251 1.58911e+06
252 1.58916e+06
253 1.58925e+06
254 1.5893e+06
255 1.58933e+06
256 1.58936e+06
257 1.58943e+06
258 1.58952e+06
259 1.58963e+06
260 1.58974e+06
261 1.58981e+06
262 1.58984e+06
263 1.59009e+06
264 1.59018e+06
265 1.59028e+06
266 1.59037e+06
267 1.59055e+06
268 1.59058e+06
269 1.59066e+06
270 1.5907e+06
271 1.59074e+06
272 1.59077e+06
273 1.59085e+06
274 1.59096e+06
275 1.59106e+06
276 1.59114e+06
277 1.59131e+06
278 1.59133e+06
279 1.59136e+06
280 1.59143e+06
281 1.59151e+06
282 1.59154e+06
283 1.59156e+06
284 1.59165e+06
285 1.59175e+06
286 1.59186e+06
287 1.59186e+06
288 1.59193e+06
289 1.59196e+06
290 1.59202e+06
291 1.59205e+06
292 1.59217e+06
293 1.5923e+06
294 1.59234e+06
295 1.59244e+06
296 1.59251e+06
297 1.5926e+06
298 1.59262e+06
299 1.59278e+06
300 1.59289e+06
301 1.5929e+06
302 1.59299e+06
303 1.59302e+06
304 1.59306e+06
305 1.59318e+06
306 1.59319e+06
307 1.59328e+06
308 1.59334e+06
309 1.59336e+06
310 1.5934e+06
311 1.59345e+06
312 1.59354e+06
313 1.59357e+06
314 1.59367e+06
315 1.59376e+06
316 1.59383e+06
317 1.5939e+06
318 1.59396e+06
319 1.59402e+06
320 1.5941e+06
321 1.59411e+06
322 1.59424e+06
323 1.59428e+06
324 1.59432e+06
325 1.5944e+06
326 1.59455e+06
327 1.59459e+06
328 1.59468e+06
329 1.59474e+06
330 1.59479e+06
331 1.59485e+06
332 1.59488e+06
333 1.59494e+06
334 1.59498e+06
335 1.59511e+06
336 1.59524e+06
337 1.59529e+06
338 1.59532e+06
339 1.59533e+06
340 1.59538e+06
341 1.59541e+06
342 1.59545e+06
343 1.59551e+06
344 1.59561e+06
345 1.59568e+06
346 1.59574e+06
347 1.59583e+06
348 1.59586e+06
349 1.59589e+06
350 1.59596e+06
351 1.59598e+06
352 1.59612e+06
353 1.59615e+06
354 1.5963e+06
355 1.59632e+06
356 1.59637e+06
357 1.59641e+06
358 1.59657e+06
359 1.59664e+06
360 1.59672e+06
361 1.5968e+06
362 1.59686e+06
363 1.59688e+06
364 1.59699e+06
365 1.59706e+06
366 1.59712e+06
367 1.59719e+06
368 1.59724e+06
369 1.59742e+06
370 1.59745e+06
371 1.59751e+06
372 1.59758e+06
373 1.59761e+06
374 1.59764e+06
375 1.59764e+06
376 1.59768e+06
377 1.59773e+06
378 1.59787e+06
379 1.59794e+06
380 1.59796e+06
381 1.59802e+06
382 1.59811e+06
383 1.59822e+06
384 1.59826e+06
385 1.59829e+06
386 1.59833e+06
387 1.59844e+06
388 1.59847e+06
389 1.59848e+06
390 1.5985e+06
391 1.59854e+06
392 1.59864e+06
393 1.59868e+06
394 1.59875e+06
395 1.59879e+06
396 1.5989e+06
397 1.59897e+06
398 1.59902e+06
399 1.59913e+06
400 1.59918e+06
401 1.59923e+06
402 1.59931e+06
403 1.59931e+06
404 1.59933e+06
405 1.59933e+06
406 1.59943e+06
407 1.5995e+06
408 1.5997e+06
409 1.59981e+06
410 1.59982e+06
411 1.5999e+06
412 1.60001e+06
413 1.60003e+06
414 1.60015e+06
415 1.60022e+06
416 1.6003e+06
417 1.60038e+06
418 1.60042e+06
419 1.60046e+06
420 1.6007e+06
421 1.60072e+06
422 1.60074e+06
423 1.60077e+06
424 1.60094e+06
425 1.601e+06
426 1.60108e+06
427 1.60112e+06
428 1.6012e+06
429 1.6012e+06
430 1.60123e+06
431 1.60129e+06
432 1.60131e+06
433 1.60135e+06
434 1.60143e+06
435 1.60145e+06
436 1.60149e+06
437 1.60155e+06
438 1.60164e+06
439 1.60168e+06
440 1.60178e+06
441 1.60182e+06
442 1.60184e+06
443 1.60192e+06
444 1.60195e+06
445 1.60199e+06
446 1.60203e+06
447 1.60203e+06
448 1.60206e+06
449 1.60215e+06
450 1.60217e+06
451 1.60227e+06
452 1.60242e+06
453 1.60251e+06
454 1.60252e+06
455 1.60259e+06
456 1.60263e+06
457 1.60265e+06
458 1.60267e+06
459 1.60269e+06
460 1.60285e+06
461 1.60292e+06
462 1.60294e+06
463 1.60311e+06
464 1.60318e+06
465 1.60326e+06
466 1.60341e+06
467 1.60345e+06
468 1.60352e+06
469 1.60361e+06
470 1.60365e+06
471 1.60379e+06
472 1.60384e+06
473 1.60386e+06
474 1.60388e+06
475 1.6039e+06
476 1.60401e+06
477 1.60407e+06
478 1.60412e+06
479 1.60417e+06
480 1.60421e+06
481 1.60431e+06
482 1.60435e+06
483 1.60444e+06
484 1.6046e+06
485 1.60462e+06
486 1.60466e+06
487 1.60466e+06
488 1.60467e+06
489 1.60468e+06
490 1.60474e+06
491 1.60479e+06
492 1.6048e+06
493 1.60484e+06
494 1.60489e+06
495 1.60489e+06
496 1.60491e+06
497 1.60491e+06
498 1.60497e+06
499 1.60504e+06
500 1.60508e+06
501 1.60511e+06
502 1.60511e+06
503 1.60514e+06
504 1.60515e+06
505 1.60526e+06
506 1.60539e+06
507 1.60552e+06
508 1.60565e+06
509 1.60569e+06
510 1.60578e+06
511 1.60579e+06
512 1.60584e+06
513 1.60586e+06
514 1.60588e+06
515 1.606e+06
516 1.60607e+06
517 1.60609e+06
518 1.60611e+06
519 1.60612e+06
520 1.60615e+06
521 1.60615e+06
522 1.60618e+06
523 1.60628e+06
524 1.60633e+06
525 1.60641e+06
526 1.60657e+06
527 1.60664e+06
528 1.6067e+06
529 1.60678e+06
530 1.60687e+06
531 1.60701e+06
532 1.60701e+06
533 1.60701e+06
534 1.60704e+06
535 1.60707e+06
536 1.60711e+06
537 1.60714e+06
538 1.60736e+06
539 1.60741e+06
540 1.6075e+06
541 1.60755e+06
542 1.60766e+06
543 1.60768e+06
544 1.6078e+06
545 1.60784e+06
546 1.60784e+06
547 1.60788e+06
548 1.60795e+06
549 1.60798e+06
550 1.60807e+06
551 1.6081e+06
552 1.60816e+06
553 1.60818e+06
554 1.60819e+06
555 1.60826e+06
556 1.60826e+06
557 1.60832e+06
558 1.60837e+06
559 1.60843e+06
560 1.60845e+06
561 1.60848e+06
562 1.60849e+06
563 1.60852e+06
564 1.60863e+06
565 1.60879e+06
566 1.60896e+06
567 1.60907e+06
568 1.60911e+06
569 1.60922e+06
570 1.60931e+06
571 1.60936e+06
572 1.60941e+06
573 1.60944e+06
574 1.60945e+06
575 1.60955e+06
576 1.60955e+06
577 1.60957e+06
578 1.60962e+06
579 1.60962e+06
580 1.60966e+06
581 1.60984e+06
582 1.6099e+06
583 1.60995e+06
584 1.61001e+06
585 1.61006e+06
586 1.61015e+06
587 1.61016e+06
588 1.61018e+06
589 1.61022e+06
590 1.61032e+06
591 1.61036e+06
592 1.61038e+06
593 1.61057e+06
594 1.61063e+06
595 1.61069e+06
596 1.61071e+06
597 1.61084e+06
598 1.61089e+06
599 1.61104e+06
600 1.61112e+06
601 1.61118e+06
602 1.61123e+06
603 1.6113e+06
604 1.6114e+06
605 1.61141e+06
606 1.61142e+06
607 1.61143e+06
608 1.61152e+06
609 1.61159e+06
610 1.61162e+06
611 1.61171e+06
612 1.61178e+06
613 1.61183e+06
614 1.61187e+06
615 1.61193e+06
616 1.61198e+06
617 1.61203e+06
618 1.61204e+06
619 1.61212e+06
620 1.61216e+06
621 1.61218e+06
622 1.61227e+06
623 1.6124e+06
624 1.61245e+06
625 1.61254e+06
626 1.61258e+06
627 1.61264e+06
628 1.61282e+06
629 1.61283e+06
630 1.61284e+06
631 1.61284e+06
632 1.61291e+06
633 1.61298e+06
634 1.61298e+06
635 1.61303e+06
636 1.61312e+06
637 1.61318e+06
638 1.61328e+06
639 1.61335e+06
640 1.61343e+06
641 1.61348e+06
642 1.61354e+06
643 1.61357e+06
644 1.61363e+06
645 1.61366e+06
646 1.61369e+06
647 1.61377e+06
648 1.6138e+06
649 1.61392e+06
650 1.61396e+06
651 1.61405e+06
652 1.61415e+06
653 1.61422e+06
654 1.61425e+06
655 1.61436e+06
656 1.61443e+06
657 1.61448e+06
658 1.61451e+06
659 1.61457e+06
660 1.61473e+06
661 1.61474e+06
662 1.61476e+06
663 1.61486e+06
664 1.61495e+06
665 1.61497e+06
666 1.61498e+06
667 1.61506e+06
668 1.61511e+06
669 1.61514e+06
670 1.61523e+06
671 1.61527e+06
672 1.61531e+06
673 1.61537e+06
674 1.6154e+06
675 1.61544e+06
676 1.6155e+06
677 1.6155e+06
678 1.61553e+06
679 1.61559e+06
680 1.61568e+06
681 1.61573e+06
682 1.61583e+06
683 1.61588e+06
684 1.61594e+06
685 1.61599e+06
686 1.616e+06
687 1.6161e+06
688 1.6161e+06
689 1.6161e+06
690 1.6162e+06
691 1.6162e+06
692 1.61623e+06
693 1.61626e+06
694 1.61635e+06
695 1.61638e+06
696 1.61648e+06
697 1.61652e+06
698 1.61662e+06
699 1.61666e+06
700 1.61674e+06
701 1.61678e+06
702 1.61685e+06
703 1.6169e+06
704 1.61692e+06
705 1.61698e+06
706 1.61704e+06
707 1.61708e+06
708 1.61717e+06
709 1.61721e+06
710 1.61731e+06
711 1.61738e+06
712 1.61741e+06
713 1.6175e+06
714 1.61753e+06
715 1.61761e+06
716 1.61762e+06
717 1.61766e+06
718 1.61769e+06
719 1.61772e+06
720 1.61777e+06
721 1.61782e+06
722 1.61794e+06
723 1.61794e+06
724 1.61802e+06
725 1.61806e+06
726 1.61815e+06
727 1.61818e+06
728 1.61822e+06
729 1.61831e+06
730 1.61831e+06
731 1.61836e+06
732 1.61837e+06
733 1.61838e+06
734 1.61847e+06
735 1.61848e+06
736 1.61853e+06
737 1.61862e+06
738 1.61863e+06
739 1.61869e+06
740 1.61875e+06
741 1.61876e+06
742 1.6188e+06
743 1.61881e+06
744 1.61882e+06
745 1.61895e+06
746 1.61898e+06
747 1.61901e+06
748 1.61906e+06
749 1.61911e+06
750 1.61912e+06
751 1.61912e+06
752 1.61921e+06
753 1.61934e+06
754 1.61936e+06
755 1.61944e+06
756 1.61956e+06
757 1.61957e+06
758 1.61959e+06
759 1.61968e+06
760 1.61971e+06
761 1.61972e+06
762 1.61978e+06
763 1.61991e+06
764 1.61994e+06
765 1.62001e+06
766 1.62006e+06
767 1.6201e+06
768 1.62012e+06
769 1.62021e+06
770 1.6203e+06
771 1.62042e+06
772 1.62045e+06
773 1.62056e+06
774 1.62067e+06
775 1.62068e+06
776 1.62074e+06
777 1.62074e+06
778 1.62079e+06
779 1.62082e+06
780 1.62089e+06
781 1.62096e+06
782 1.6211e+06
783 1.62112e+06
784 1.62125e+06
785 1.62134e+06
786 1.62143e+06
787 1.62153e+06
788 1.62158e+06
789 1.62162e+06
790 1.62169e+06
791 1.62174e+06
792 1.62179e+06
793 1.62187e+06
794 1.62191e+06
795 1.62192e+06
796 1.62202e+06
797 1.62211e+06
798 1.62215e+06
799 1.62221e+06
800 1.62223e+06
801 1.62226e+06
802 1.6223e+06
803 1.62235e+06
804 1.62243e+06
805 1.62248e+06
806 1.62249e+06
807 1.62257e+06
808 1.6226e+06
809 1.6227e+06
810 1.62278e+06
811 1.62286e+06
812 1.62292e+06
813 1.623e+06
814 1.62305e+06
815 1.62306e+06
816 1.62307e+06
817 1.62315e+06
818 1.62315e+06
819 1.62317e+06
820 1.62322e+06
821 1.62322e+06
822 1.62323e+06
823 1.62325e+06
824 1.62331e+06
825 1.6234e+06
826 1.62339e+06
827 1.62347e+06
828 1.62351e+06
829 1.62358e+06
830 1.62362e+06
831 1.62371e+06
832 1.62373e+06
833 1.62373e+06
834 1.62373e+06
835 1.62375e+06
836 1.62375e+06
837 1.62384e+06
838 1.62386e+06
839 1.6239e+06
840 1.62397e+06
841 1.62402e+06
842 1.62402e+06
843 1.62412e+06
844 1.62416e+06
845 1.62423e+06
846 1.62427e+06
847 1.62432e+06
848 1.62445e+06
849 1.62446e+06
850 1.62455e+06
851 1.6246e+06
852 1.62471e+06
853 1.6248e+06
854 1.62495e+06
855 1.62496e+06
856 1.62501e+06
857 1.62518e+06
858 1.62526e+06
859 1.62534e+06
860 1.62536e+06
861 1.62545e+06
862 1.62547e+06
863 1.62553e+06
864 1.62554e+06
865 1.62562e+06
866 1.62562e+06
867 1.62568e+06
868 1.62575e+06
869 1.62581e+06
870 1.62591e+06
871 1.62591e+06
872 1.62596e+06
873 1.62597e+06
874 1.62598e+06
875 1.62606e+06
876 1.62613e+06
877 1.62626e+06
878 1.62631e+06
879 1.62636e+06
880 1.62641e+06
881 1.6265e+06
882 1.6265e+06
883 1.62656e+06
884 1.62669e+06
885 1.62669e+06
886 1.62676e+06
887 1.62679e+06
888 1.62685e+06
889 1.62692e+06
890 1.62699e+06
891 1.62703e+06
892 1.62709e+06
893 1.6271e+06
894 1.62716e+06
895 1.62719e+06
896 1.62726e+06
897 1.6273e+06
898 1.6273e+06
899 1.62731e+06
900 1.62738e+06
901 1.62738e+06
902 1.62738e+06
903 1.62743e+06
904 1.62745e+06
905 1.62747e+06
906 1.62751e+06
907 1.62759e+06
908 1.62765e+06
909 1.62765e+06
910 1.62785e+06
911 1.62789e+06
912 1.62794e+06
913 1.62794e+06
914 1.62796e+06
915 1.62799e+06
916 1.62803e+06
917 1.6281e+06
918 1.62817e+06
919 1.62821e+06
920 1.62822e+06
921 1.62825e+06
922 1.62826e+06
923 1.62837e+06
924 1.62845e+06
925 1.62848e+06
926 1.62854e+06
927 1.62858e+06
928 1.6286e+06
929 1.62865e+06
930 1.6287e+06
931 1.6287e+06
932 1.6288e+06
933 1.62882e+06
934 1.62885e+06
935 1.62885e+06
936 1.62888e+06
937 1.62893e+06
938 1.62894e+06
939 1.62897e+06
940 1.62904e+06
941 1.62908e+06
942 1.62911e+06
943 1.62914e+06
944 1.6292e+06
945 1.62927e+06
946 1.62936e+06
947 1.62942e+06
948 1.62942e+06
949 1.62945e+06
950 1.62951e+06
951 1.62951e+06
952 1.62951e+06
953 1.62958e+06
954 1.6296e+06
955 1.6296e+06
956 1.62969e+06
957 1.62973e+06
958 1.62973e+06
959 1.62977e+06
960 1.62979e+06
961 1.62984e+06
962 1.62984e+06
963 1.62986e+06
964 1.62989e+06
965 1.62992e+06
966 1.62992e+06
967 1.62998e+06
968 1.63004e+06
969 1.63008e+06
970 1.63013e+06
971 1.63013e+06
972 1.6302e+06
973 1.63028e+06
974 1.63028e+06
975 1.63031e+06
976 1.63035e+06
977 1.6304e+06
978 1.63044e+06
979 1.63046e+06
980 1.63054e+06
981 1.63057e+06
982 1.63057e+06
983 1.63057e+06
984 1.63065e+06
985 1.63064e+06
986 1.63065e+06
987 1.63071e+06
988 1.63077e+06
989 1.63091e+06
990 1.63095e+06
991 1.63097e+06
992 1.63098e+06
993 1.63105e+06
994 1.63105e+06
995 1.63113e+06
996 1.63114e+06
997 1.63127e+06
998 1.63133e+06
999 1.63137e+06
1000 1.63145e+06
