128 0.3 0.213
0 156776
1 1.56786e+06
2 1.56787e+06
3 1.56791e+06
4 1.56807e+06
5 1.56811e+06
6 1.56814e+06
7 1.56835e+06
8 1.56848e+06
9 1.5685e+06
10 1.56863e+06
11 1.56862e+06
12 1.56878e+06
13 1.56882e+06
14 1.56884e+06
15 1.56888e+06
16 1.56896e+06
17 1.56903e+06
18 1.56916e+06
19 1.56923e+06
20 1.56924e+06
21 1.56932e+06
22 1.56938e+06
23 1.56966e+06
24 1.56973e+06
25 1.56974e+06
26 1.56981e+06
27 1.57003e+06
28 1.57005e+06
29 1.57007e+06
30 1.57012e+06
31 1.57022e+06
32 1.57032e+06
33 1.5704e+06
34 1.57062e+06
35 1.57063e+06
36 1.57069e+06
37 1.57073e+06
38 1.57078e+06
39 1.57084e+06
40 1.57088e+06
41 1.57093e+06
42 1.57101e+06
43 1.57104e+06
44 1.57115e+06
45 1.57124e+06
46 1.57135e+06
47 1.57144e+06
48 1.57147e+06
49 1.57151e+06
50 1.57162e+06
51 1.57171e+06
52 1.57176e+06
53 1.57181e+06
54 1.57187e+06
55 1.57198e+06
56 1.57209e+06
57 1.57215e+06
58 1.57232e+06
59 1.57243e+06
60 1.57249e+06
61 1.57264e+06
62 1.57266e+06
63 1.57275e+06
64 1.57282e+06
65 1.57286e+06
66 1.573e+06
67 1.57302e+06
68 1.57303e+06
69 1.57309e+06
70 1.57323e+06
71 1.57324e+06
72 1.57329e+06
73 1.57336e+06
74 1.5736e+06
75 1.57366e+06
76 1.57376e+06
77 1.57386e+06
78 1.57395e+06
79 1.57399e+06
80 1.57416e+06
81 1.57423e+06
82 1.57434e+06
83 1.57447e+06
84 1.57456e+06
85 1.57462e+06
86 1.57471e+06
87 1.57486e+06
88 1.57497e+06
89 1.57502e+06
90 1.57508e+06
91 1.57514e+06
92 1.57521e+06
93 1.57524e+06
94 1.57526e+06
95 1.57536e+06
96 1.57547e+06
97 1.57551e+06
98 1.57564e+06
99 1.57571e+06
100 1.57579e+06
101 1.57589e+06
102 1.57595e+06
103 1.57602e+06
104 1.57608e+06
105 1.57612e+06
106 1.57619e+06
107 1.57622e+06
108 1.57628e+06
109 1.57633e+06
110 1.57634e+06
111 1.57637e+06
112 1.57641e+06
113 1.57649e+06
114 1.5766e+06
115 1.57674e+06
116 1.57684e+06
117 1.5769e+06
118 1.57696e+06
119 1.57706e+06
120 1.57708e+06
121 1.57717e+06
122 1.5772e+06
123 1.57729e+06
124 1.57742e+06
125 1.57751e+06
126 1.57755e+06
127 1.57764e+06
128 1.57773e+06
129 1.57776e+06
130 1.57777e+06
131 1.57781e+06
132 1.57792e+06
133 1.57804e+06
134 1.57806e+06
135 1.57818e+06
136 1.57841e+06
137 1.57852e+06
138 1.5786e+06
139 1.57868e+06
140 1.57879e+06
141 1.57882e+06
142 1.57887e+06
143 1.57904e+06
144 1.57917e+06
145 1.57929e+06
146 1.5794e+06
147 1.57946e+06
148 1.57951e+06
149 1.57957e+06
150 1.5796e+06
151 1.57965e+06
152 1.5797e+06
153 1.57975e+06
154 1.5798e+06
155 1.57989e+06
156 1.57996e+06
157 1.58011e+06
158 1.58013e+06
159 1.58016e+06
160 1.58021e+06
161 1.58023e+06
162 1.58025e+06
163 1.58036e+06
164 1.58043e+06
165 1.58047e+06
166 1.58054e+06
167 1.58062e+06
168 1.5808e+06
169 1.58089e+06
170 1.58094e+06
171 1.58102e+06
172 1.58102e+06
173 1.5811e+06
174 1.58122e+06
175 1.58132e+06
176 1.58134e+06
177 1.58139e+06
178 1.58145e+06
179 1.58157e+06
180 1.58165e+06
181 1.58167e+06
182 1.58173e+06
183 1.58176e+06
184 1.58181e+06
185 1.58195e+06
186 1.58198e+06
187 1.58204e+06
188 1.58206e+06
189 1.5821e+06
190 1.58224e+06
191 1.58226e+06
192 1.58237e+06
193 1.58238e+06
194 1.58251e+06
195 1.5826e+06
196 1.58266e+06
197 1.5827e+06
198 1.58274e+06
199 1.58277e+06
200 1.58283e+06
201 1.58294e+06
202 1.58301e+06
203 1.58302e+06
204 1.58311e+06
205 1.58317e+06
206 1.58322e+06
207 1.58332e+06
208 1.58338e+06
209 1.5835e+06
210 1.58356e+06
211 1.58358e+06
212 1.58374e+06
213 1.58385e+06
214 1.584e+06
215 1.58409e+06
216 1.58418e+06
217 1.58431e+06
218 1.58438e+06
219 1.58448e+06
220 1.58452e+06
221 1.58454e+06
222 1.58464e+06
223 1.5847e+06
224 1.58472e+06
225 1.58484e+06
226 1.58494e+06
227 1.58502e+06
228 1.58503e+06
229 1.58507e+06
230 1.58511e+06
231 1.58516e+06
232 1.58528e+06
233 1.5853e+06
234 1.58535e+06
235 1.5854e+06
236 1.58552e+06
237 1.58556e+06
238 1.58566e+06
239 1.58572e+06
240 1.5858e+06
241 1.58585e+06
242 1.58585e+06
243 1.58589e+06
244 1.58591e+06
245 1.58602e+06
246 1.58614e+06
247 1.58622e+06
248 1.5863e+06
249 1.5863e+06
250 1.58636e+06
251 1.58641e+06
252 1.58645e+06
253 1.58659e+06
254 1.58667e+06
255 1.58677e+06
256 1.58678e+06
257 1.5868e+06
258 1.58686e+06
259 1.58691e+06
260 1.58697e+06
261 1.58702e+06
262 1.58708e+06
263 1.58714e+06
264 1.58719e+06
265 1.58723e+06
266 1.5873e+06
267 1.58735e+06
268 1.58745e+06
269 1.58751e+06
270 1.5876e+06
271 1.58766e+06
272 1.58779e+06
273 1.58794e+06
274 1.58799e+06
275 1.58806e+06
276 1.58811e+06
277 1.58815e+06
278 1.58825e+06
279 1.58826e+06
280 1.58826e+06
281 1.58838e+06
282 1.58851e+06
283 1.58851e+06
284 1.58861e+06
285 1.58873e+06
286 1.58882e+06
287 1.58887e+06
288 1.5889e+06
289 1.58898e+06
290 1.58904e+06
291 1.58906e+06
292 1.5892e+06
293 1.58926e+06
294 1.5894e+06
295 1.58956e+06
296 1.58961e+06
297 1.58966e+06
298 1.58979e+06
299 1.58981e+06
300 1.58987e+06
301 1.59e+06
302 1.59004e+06
303 1.59014e+06
304 1.59022e+06
305 1.59034e+06
306 1.59039e+06
307 1.59042e+06
308 1.59051e+06
309 1.59056e+06
310 1.59075e+06
311 1.59088e+06
312 1.59097e+06
313 1.59098e+06
314 1.59112e+06
315 1.59121e+06
316 1.59134e+06
317 1.59146e+06
318 1.59151e+06
319 1.59157e+06
320 1.5918e+06
321 1.59194e+06
322 1.59209e+06
323 1.59228e+06
324 1.59238e+06
325 1.59243e+06
326 1.59252e+06
327 1.59255e+06
328 1.59259e+06
329 1.59267e+06
330 1.59268e+06
331 1.59279e+06
332 1.59282e+06
333 1.59289e+06
334 1.59294e+06
335 1.59298e+06
336 1.593e+06
337 1.59313e+06
338 1.59318e+06
339 1.59318e+06
340 1.5932e+06
341 1.59324e+06
342 1.59332e+06
343 1.59339e+06
344 1.59339e+06
345 1.59339e+06
346 1.59341e+06
347 1.59354e+06
348 1.59359e+06
349 1.59365e+06
350 1.59375e+06
351 1.5938e+06
352 1.59385e+06
353 1.59388e+06
354 1.5939e+06
355 1.59401e+06
356 1.59407e+06
357 1.59417e+06
358 1.59421e+06
359 1.59427e+06
360 1.59429e+06
361 1.59439e+06
362 1.59445e+06
363 1.59454e+06
364 1.59455e+06
365 1.59459e+06
366 1.59466e+06
367 1.59471e+06
368 1.59475e+06
369 1.59485e+06
370 1.59485e+06
371 1.59496e+06
372 1.59495e+06
373 1.59505e+06
374 1.59512e+06
375 1.59522e+06
376 1.59526e+06
377 1.59546e+06
378 1.59549e+06
379 1.59554e+06
380 1.59566e+06
381 1.59574e+06
382 1.59578e+06
383 1.59586e+06
384 1.59598e+06
385 1.59601e+06
386 1.59609e+06
387 1.59619e+06
388 1.59627e+06
389 1.59629e+06
390 1.59637e+06
391 1.59645e+06
392 1.59655e+06
393 1.59661e+06
394 1.59664e+06
395 1.59669e+06
396 1.59674e+06
397 1.5968e+06
398 1.59689e+06
399 1.5969e+06
400 1.59699e+06
401 1.5971e+06
402 1.59714e+06
403 1.59718e+06
404 1.59732e+06
405 1.59739e+06
406 1.59745e+06
407 1.59759e+06
408 1.59763e+06
409 1.59766e+06
410 1.59768e+06
411 1.59771e+06
412 1.59776e+06
413 1.59781e+06
414 1.59787e+06
415 1.59787e+06
416 1.5979e+06
417 1.59795e+06
418 1.598e+06
419 1.59801e+06
420 1.59814e+06
421 1.59819e+06
422 1.5982e+06
423 1.59828e+06
424 1.59839e+06
425 1.59841e+06
426 1.59845e+06
427 1.59863e+06
428 1.59876e+06
429 1.59899e+06
430 1.59905e+06
431 1.59923e+06
432 1.59945e+06
433 1.59958e+06
434 1.59962e+06
435 1.59965e+06
436 1.59972e+06
437 1.59988e+06
438 1.5999e+06
439 1.59994e+06
440 1.59996e+06
441 1.59998e+06
442 1.60007e+06
443 1.6002e+06
444 1.60022e+06
445 1.60028e+06
446 1.60032e+06
447 1.60032e+06
448 1.60042e+06
449 1.60048e+06
450 1.6005e+06
451 1.60055e+06
452 1.60055e+06
453 1.60058e+06
454 1.60059e+06
455 1.60067e+06
456 1.60068e+06
457 1.6007e+06
458 1.60079e+06
459 1.60085e+06
460 1.60088e+06
461 1.60088e+06
462 1.60099e+06
463 1.60105e+06
464 1.60109e+06
465 1.60113e+06
466 1.6012e+06
467 1.60131e+06
468 1.6014e+06
469 1.60146e+06
470 1.60151e+06
471 1.60154e+06
472 1.60158e+06
473 1.60168e+06
474 1.60177e+06
475 1.60184e+06
476 1.60197e+06
477 1.60202e+06
478 1.6021e+06
479 1.60213e+06
480 1.60223e+06
481 1.60229e+06
482 1.60229e+06
483 1.60241e+06
484 1.60246e+06
485 1.60255e+06
486 1.60264e+06
487 1.60266e+06
488 1.60277e+06
489 1.60283e+06
490 1.60292e+06
491 1.60304e+06
492 1.60309e+06
493 1.60317e+06
494 1.60324e+06
495 1.60325e+06
496 1.60325e+06
497 1.6033e+06
498 1.6033e+06
499 1.60339e+06
500 1.60341e+06
501 1.60351e+06
502 1.6036e+06
503 1.6037e+06
504 1.60372e+06
505 1.60381e+06
506 1.60384e+06
507 1.60389e+06
508 1.60401e+06
509 1.60405e+06
510 1.6041e+06
511 1.60421e+06
512 1.60426e+06
513 1.60432e+06
514 1.60435e+06
515 1.60443e+06
516 1.60446e+06
517 1.60447e+06
518 1.60465e+06
519 1.6047e+06
520 1.60474e+06
521 1.60478e+06
522 1.60482e+06
523 1.60488e+06
524 1.60498e+06
525 1.605e+06
526 1.60501e+06
527 1.60509e+06
528 1.60516e+06
529 1.60522e+06
530 1.60531e+06
531 1.60536e+06
532 1.60539e+06
533 1.60545e+06
534 1.60546e+06
535 1.60547e+06
536 1.60553e+06
537 1.60557e+06
538 1.6056e+06
539 1.60568e+06
540 1.60585e+06
541 1.60588e+06
542 1.60602e+06
543 1.60606e+06
544 1.60616e+06
545 1.60628e+06
546 1.60636e+06
547 1.60644e+06
548 1.60656e+06
549 1.60662e+06
550 1.60671e+06
551 1.60677e+06
552 1.60682e+06
553 1.60687e+06
554 1.60694e+06
555 1.60716e+06
556 1.60729e+06
557 1.60733e+06
558 1.60741e+06
559 1.60745e+06
560 1.60745e+06
561 1.60747e+06
562 1.6075e+06
563 1.60753e+06
564 1.60758e+06
565 1.60771e+06
566 1.60775e+06
567 1.60775e+06
568 1.60796e+06
569 1.60799e+06
570 1.60804e+06
571 1.60815e+06
572 1.60817e+06
573 1.60827e+06
574 1.6083e+06
575 1.6083e+06
576 1.60837e+06
577 1.60841e+06
578 1.60844e+06
579 1.60859e+06
580 1.60865e+06
581 1.60872e+06
582 1.60879e+06
583 1.60878e+06
584 1.60884e+06
585 1.6089e+06
586 1.60892e+06
587 1.60892e+06
588 1.609e+06
589 1.60901e+06
590 1.60905e+06
591 1.60909e+06
592 1.60911e+06
593 1.60913e+06
594 1.6092e+06
595 1.60927e+06
596 1.60937e+06
597 1.60938e+06
598 1.60947e+06
599 1.60949e+06
600 1.60957e+06
601 1.60964e+06
602 1.60966e+06
603 1.60982e+06
604 1.60984e+06
605 1.60987e+06
606 1.60994e+06
607 1.61e+06
608 1.61002e+06
609 1.61002e+06
610 1.61004e+06
611 1.61008e+06
612 1.6101e+06
613 1.61018e+06
614 1.61022e+06
615 1.61027e+06
616 1.61036e+06
617 1.61038e+06
618 1.61045e+06
619 1.61048e+06
620 1.61056e+06
621 1.6106e+06
622 1.61062e+06
623 1.61071e+06
624 1.61078e+06
625 1.61085e+06
626 1.61094e+06
627 1.61103e+06
628 1.61108e+06
629 1.6111e+06
630 1.61111e+06
631 1.61118e+06
632 1.61127e+06
633 1.61131e+06
634 1.61136e+06
635 1.61139e+06
636 1.61141e+06
637 1.61149e+06
638 1.61165e+06
639 1.6117e+06
640 1.61184e+06
641 1.61187e+06
642 1.61196e+06
643 1.61199e+06
644 1.61199e+06
645 1.6121e+06
646 1.61217e+06
647 1.61222e+06
648 1.6123e+06
649 1.61232e+06
650 1.61241e+06
651 1.61248e+06
652 1.61258e+06
653 1.61264e+06
654 1.61272e+06
655 1.61275e+06
656 1.61288e+06
657 1.61288e+06
658 1.61292e+06
659 1.61294e+06
660 1.61295e+06
661 1.61305e+06
662 1.61311e+06
663 1.6132e+06
664 1.61324e+06
665 1.61334e+06
666 1.61336e+06
667 1.61346e+06
668 1.6135e+06
669 1.61356e+06
670 1.61358e+06
671 1.6136e+06
672 1.61364e+06
673 1.61366e+06
674 1.6137e+06
675 1.61378e+06
676 1.61378e+06
677 1.6138e+06
678 1.61385e+06
679 1.61384e+06
680 1.61392e+06
681 1.61401e+06
682 1.61409e+06
683 1.61412e+06
684 1.61424e+06
685 1.6144e+06
686 1.61449e+06
687 1.61452e+06
688 1.61464e+06
689 1.61469e+06
690 1.61469e+06
691 1.6147e+06
692 1.61473e+06
693 1.61486e+06
694 1.61488e+06
695 1.61491e+06
696 1.61495e+06
697 1.6151e+06
698 1.61513e+06
699 1.61516e+06
700 1.61529e+06
701 1.61531e+06
702 1.61546e+06
703 1.6155e+06
704 1.61553e+06
705 1.61553e+06
706 1.61555e+06
707 1.61558e+06
708 1.61566e+06
709 1.61572e+06
710 1.61572e+06
711 1.61587e+06
712 1.61591e+06
713 1.61593e+06
714 1.61595e+06
715 1.61599e+06
716 1.61607e+06
717 1.61608e+06
718 1.61608e+06
719 1.6161e+06
720 1.61612e+06
721 1.61617e+06
722 1.6163e+06
723 1.6163e+06
724 1.61634e+06
725 1.61647e+06
726 1.61651e+06
727 1.61651e+06
728 1.6166e+06
729 1.61664e+06
730 1.61669e+06
731 1.61682e+06
732 1.61689e+06
733 1.61689e+06
734 1.61694e+06
735 1.61698e+06
736 1.61703e+06
737 1.61712e+06
738 1.61715e+06
739 1.61723e+06
740 1.61729e+06
741 1.61731e+06
742 1.61742e+06
743 1.61744e+06
744 1.6176e+06
745 1.61763e+06
746 1.61766e+06
747 1.61774e+06
748 1.61777e+06
749 1.61789e+06
750 1.61795e+06
751 1.61801e+06
752 1.61801e+06
753 1.61807e+06
754 1.61811e+06
755 1.61819e+06
756 1.61822e+06
757 1.61834e+06
758 1.61839e+06
759 1.6184e+06
760 1.61839e+06
761 1.61851e+06
762 1.61855e+06
763 1.6187e+06
764 1.61877e+06
765 1.61882e+06
766 1.61893e+06
767 1.61899e+06
768 1.61906e+06
769 1.61909e+06
770 1.61918e+06
771 1.61926e+06
772 1.61926e+06
773 1.6193e+06
774 1.61942e+06
775 1.61949e+06
776 1.6195e+06
777 1.6197e+06
778 1.6197e+06
779 1.6198e+06
780 1.61988e+06
781 1.62002e+06
782 1.62011e+06
783 1.62015e+06
784 1.62026e+06
785 1.62031e+06
786 1.62038e+06
787 1.62039e+06
788 1.62047e+06
789 1.62053e+06
790 1.62061e+06
791 1.62066e+06
792 1.62071e+06
793 1.62078e+06
794 1.62088e+06
795 1.62089e+06
796 1.62091e+06
797 1.62096e+06
798 1.62096e+06
799 1.62105e+06
800 1.62109e+06
801 1.62113e+06
802 1.62121e+06
803 1.62133e+06
804 1.62137e+06
805 1.62142e+06
806 1.62149e+06
807 1.62149e+06
808 1.62164e+06
809 1.62165e+06
810 1.6217e+06
811 1.62175e+06
812 1.6218e+06
813 1.62182e+06
814 1.62183e+06
815 1.62191e+06
816 1.62204e+06
817 1.62206e+06
818 1.6221e+06
819 1.62216e+06
820 1.62219e+06
821 1.62221e+06
822 1.62227e+06
823 1.62227e+06
824 1.62232e+06
825 1.62237e+06
826 1.6224e+06
827 1.6224e+06
828 1.62244e+06
829 1.62248e+06
830 1.62253e+06
831 1.62258e+06
832 1.62264e+06
833 1.62272e+06
834 1.62277e+06
835 1.62286e+06
836 1.62289e+06
837 1.62291e+06
838 1.62298e+06
839 1.62308e+06
840 1.62313e+06
841 1.6232e+06
842 1.62322e+06
843 1.6233e+06
844 1.62334e+06
845 1.62338e+06
846 1.62345e+06
847 1.62344e+06
848 1.62345e+06
849 1.62344e+06
850 1.62347e+06
851 1.62351e+06
852 1.62353e+06
853 1.62358e+06
854 1.62363e+06
855 1.62366e+06
856 1.62373e+06
857 1.62376e+06
858 1.62382e+06
859 1.6239e+06
860 1.62391e+06
861 1.62394e+06
862 1.62405e+06
863 1.6241e+06
864 1.62408e+06
865 1.62412e+06
866 1.6242e+06
867 1.6242e+06
868 1.62427e+06
869 1.6243e+06
870 1.62441e+06
871 1.62448e+06
872 1.62449e+06
873 1.62454e+06
874 1.62456e+06
875 1.62463e+06
876 1.62467e+06
877 1.62469e+06
878 1.62474e+06
879 1.62474e+06
880 1.62475e+06
881 1.62478e+06
882 1.62483e+06
883 1.62484e+06
884 1.62489e+06
885 1.62503e+06
886 1.62514e+06
887 1.6252e+06
888 1.62522e+06
889 1.62523e+06
890 1.62526e+06
891 1.6253e+06
892 1.62539e+06
893 1.62539e+06
894 1.62542e+06
895 1.62547e+06
896 1.62552e+06
897 1.62554e+06
898 1.62557e+06
899 1.62559e+06
900 1.6257e+06
901 1.62577e+06
902 1.62581e+06
903 1.62584e+06
904 1.6259e+06
905 1.626e+06
906 1.62607e+06
907 1.62606e+06
908 1.62608e+06
909 1.62616e+06
910 1.62631e+06
911 1.62637e+06
912 1.62642e+06
913 1.62651e+06
914 1.62658e+06
915 1.62665e+06
916 1.62669e+06
917 1.62669e+06
918 1.62678e+06
919 1.62682e+06
920 1.62684e+06
921 1.62697e+06
922 1.62703e+06
923 1.62705e+06
924 1.62708e+06
925 1.6271e+06
926 1.62714e+06
927 1.62722e+06
928 1.62735e+06
929 1.62734e+06
930 1.62742e+06
931 1.62744e+06
932 1.62747e+06
933 1.62751e+06
934 1.62756e+06
935 1.62759e+06
936 1.62772e+06
937 1.62781e+06
938 1.62785e+06
939 1.62788e+06
940 1.628e+06
941 1.62805e+06
942 1.62809e+06
943 1.62813e+06
944 1.62819e+06
945 1.62828e+06
946 1.62828e+06
947 1.62832e+06
948 1.62835e+06
949 1.62841e+06
950 1.62845e+06
951 1.62852e+06
952 1.62854e+06
953 1.62865e+06
954 1.62874e+06
955 1.62877e+06
956 1.62888e+06
957 1.62888e+06
958 1.629e+06
959 1.62908e+06
960 1.62909e+06
961 1.6292e+06
962 1.62924e+06
963 1.6293e+06
964 1.62943e+06
965 1.62953e+06
966 1.62957e+06
967 1.62973e+06
968 1.62979e+06
969 1.62982e+06
970 1.62984e+06
971 1.62984e+06
972 1.62988e+06
973 1.62998e+06
974 1.6301e+06
975 1.63019e+06
976 1.63026e+06
977 1.63031e+06
978 1.63037e+06
979 1.63037e+06
980 1.63038e+06
981 1.63045e+06
982 1.63053e+06
983 1.63054e+06
984 1.63062e+06
985 1.63063e+06
986 1.63064e+06
987 1.63069e+06
988 1.63077e+06
989 1.6308e+06
990 1.63088e+06
991 1.63092e+06
992 1.63093e+06
993 1.63099e+06
994 1.63103e+06
995 1.63113e+06
996 1.63122e+06
997 1.63125e+06
998 1.63124e+06
999 1.63124e+06
1000 1.63135e+06
