128 0.3 0.444
0 156776
1 1.56786e+06
2 1.56791e+06
3 1.56795e+06
4 1.56808e+06
5 1.56813e+06
6 1.56816e+06
7 1.56835e+06
8 1.5685e+06
9 1.56854e+06
10 1.56863e+06
11 1.56865e+06
12 1.56875e+06
13 1.56878e+06
14 1.56884e+06
15 1.56891e+06
16 1.56901e+06
17 1.56916e+06
18 1.56922e+06
19 1.5693e+06
20 1.56935e+06
21 1.56945e+06
22 1.5695e+06
23 1.5696e+06
24 1.56969e+06
25 1.56974e+06
26 1.56977e+06
27 1.57003e+06
28 1.57005e+06
29 1.57009e+06
30 1.57022e+06
31 1.57033e+06
32 1.57039e+06
33 1.57057e+06
34 1.57074e+06
35 1.57078e+06
36 1.57084e+06
37 1.5709e+06
38 1.57096e+06
39 1.57104e+06
40 1.5711e+06
41 1.57122e+06
42 1.57128e+06
43 1.57141e+06
44 1.57152e+06
45 1.57159e+06
46 1.57164e+06
47 1.57175e+06
48 1.57184e+06
49 1.57189e+06
50 1.57208e+06
51 1.57217e+06
52 1.57228e+06
53 1.57233e+06
54 1.5724e+06
55 1.57246e+06
56 1.57258e+06
57 1.57264e+06
58 1.57271e+06
59 1.57284e+06
60 1.57286e+06
61 1.57296e+06
62 1.57303e+06
63 1.57309e+06
64 1.57323e+06
65 1.57329e+06
66 1.57347e+06
67 1.57352e+06
68 1.57356e+06
69 1.57366e+06
70 1.57383e+06
71 1.57384e+06
72 1.57387e+06
73 1.57391e+06
74 1.57405e+06
75 1.57412e+06
76 1.57417e+06
77 1.57429e+06
78 1.57444e+06
79 1.57453e+06
80 1.57467e+06
81 1.57472e+06
82 1.57483e+06
83 1.57494e+06
84 1.57503e+06
85 1.57506e+06
86 1.57518e+06
87 1.57528e+06
88 1.57535e+06
89 1.57545e+06
90 1.57551e+06
91 1.57554e+06
92 1.5756e+06
93 1.57567e+06
94 1.57575e+06
95 1.57592e+06
96 1.57604e+06
97 1.5761e+06
98 1.57618e+06
99 1.5763e+06
100 1.57634e+06
101 1.57639e+06
102 1.57644e+06
103 1.57648e+06
104 1.57655e+06
105 1.57659e+06
106 1.57668e+06
107 1.57678e+06
108 1.57683e+06
109 1.57688e+06
110 1.57699e+06
111 1.57704e+06
112 1.57706e+06
113 1.57713e+06
114 1.57732e+06
115 1.57741e+06
116 1.57758e+06
117 1.57766e+06
118 1.57776e+06
119 1.57784e+06
120 1.57794e+06
121 1.578e+06
122 1.57802e+06
123 1.57808e+06
124 1.57818e+06
125 1.57825e+06
126 1.57826e+06
127 1.5783e+06
128 1.5784e+06
129 1.57841e+06
130 1.5785e+06
131 1.57853e+06
132 1.57867e+06
133 1.5787e+06
134 1.57878e+06
135 1.57894e+06
136 1.57909e+06
137 1.57916e+06
138 1.5793e+06
139 1.57934e+06
140 1.57941e+06
141 1.57959e+06
142 1.57969e+06
143 1.57984e+06
144 1.57991e+06
145 1.58004e+06
146 1.58005e+06
147 1.58017e+06
148 1.58026e+06
149 1.5803e+06
150 1.58031e+06
151 1.58042e+06
152 1.58053e+06
153 1.58055e+06
154 1.5806e+06
155 1.5807e+06
156 1.58075e+06
157 1.58086e+06
158 1.58096e+06
159 1.58097e+06
160 1.58102e+06
161 1.58109e+06
162 1.58112e+06
163 1.58123e+06
164 1.58131e+06
165 1.58134e+06
166 1.5814e+06
167 1.58145e+06
168 1.58153e+06
169 1.5816e+06
170 1.58171e+06
171 1.58176e+06
172 1.58186e+06
173 1.58193e+06
174 1.58203e+06
175 1.58214e+06
176 1.58227e+06
177 1.5824e+06
178 1.58246e+06
179 1.58249e+06
180 1.58268e+06
181 1.58279e+06
182 1.58291e+06
183 1.58303e+06
184 1.58309e+06
185 1.58311e+06
186 1.58316e+06
187 1.58322e+06
188 1.58332e+06
189 1.58342e+06
190 1.58355e+06
191 1.58364e+06
192 1.58372e+06
193 1.5838e+06
194 1.58388e+06
195 1.58391e+06
196 1.58395e+06
197 1.58404e+06
198 1.58416e+06
199 1.5842e+06
200 1.5843e+06
201 1.58433e+06
202 1.58438e+06
203 1.58441e+06
204 1.58445e+06
205 1.58453e+06
206 1.58455e+06
207 1.58463e+06
208 1.58466e+06
209 1.58482e+06
210 1.58487e+06
211 1.58495e+06
212 1.58506e+06
213 1.58517e+06
214 1.5852e+06
215 1.58522e+06
216 1.58534e+06
217 1.58536e+06
218 1.58548e+06
219 1.58557e+06
220 1.58565e+06
221 1.58573e+06
222 1.58577e+06
223 1.58584e+06
224 1.58588e+06
225 1.58606e+06
226 1.58619e+06
227 1.58621e+06
228 1.58633e+06
229 1.58638e+06
230 1.58645e+06
231 1.58652e+06
232 1.58672e+06
233 1.5868e+06
234 1.5868e+06
235 1.58688e+06
236 1.58694e+06
237 1.587e+06
238 1.58705e+06
239 1.5871e+06
240 1.58717e+06
241 1.58732e+06
242 1.58734e+06
243 1.58742e+06
244 1.5875e+06
245 1.58765e+06
246 1.58773e+06
247 1.58778e+06
248 1.58782e+06
249 1.58794e+06
250 1.58803e+06
251 1.58805e+06
252 1.58806e+06
253 1.58821e+06
254 1.58826e+06
255 1.5884e+06
256 1.58846e+06
257 1.5886e+06
258 1.58862e+06
259 1.58862e+06
260 1.58871e+06
261 1.58882e+06
262 1.58898e+06
263 1.58908e+06
264 1.58916e+06
265 1.58925e+06
266 1.58929e+06
267 1.58939e+06
268 1.58941e+06
269 1.58949e+06
270 1.58956e+06
271 1.58963e+06
272 1.58964e+06
273 1.5897e+06
274 1.58974e+06
275 1.58978e+06
276 1.58987e+06
277 1.58994e+06
278 1.58996e+06
279 1.59002e+06
280 1.59015e+06
281 1.59025e+06
282 1.59032e+06
283 1.59038e+06
284 1.59045e+06
285 1.59056e+06
286 1.59059e+06
287 1.59063e+06
288 1.59064e+06
289 1.59071e+06
290 1.59079e+06
291 1.59084e+06
292 1.59085e+06
293 1.59087e+06
294 1.59094e+06
295 1.59112e+06
296 1.59119e+06
297 1.59123e+06
298 1.59137e+06
299 1.59148e+06
300 1.59148e+06
301 1.59152e+06
302 1.59158e+06
303 1.59165e+06
304 1.59172e+06
305 1.59187e+06
306 1.59195e+06
307 1.59196e+06
308 1.59208e+06
309 1.59228e+06
310 1.59233e+06
311 1.59252e+06
312 1.59255e+06
313 1.59257e+06
314 1.5926e+06
315 1.59268e+06
316 1.59277e+06
317 1.59284e+06
318 1.5929e+06
319 1.59297e+06
320 1.59314e+06
321 1.59319e+06
322 1.59333e+06
323 1.59343e+06
324 1.59349e+06
325 1.59356e+06
326 1.59358e+06
327 1.59366e+06
328 1.5937e+06
329 1.5938e+06
330 1.59383e+06
331 1.59395e+06
332 1.59409e+06
333 1.59413e+06
334 1.59427e+06
335 1.59438e+06
336 1.59439e+06
337 1.59444e+06
338 1.59453e+06
339 1.59462e+06
340 1.59471e+06
341 1.59478e+06
342 1.59498e+06
343 1.595e+06
344 1.59503e+06
345 1.59506e+06
346 1.59517e+06
347 1.59521e+06
348 1.59544e+06
349 1.5955e+06
350 1.59557e+06
351 1.59561e+06
352 1.59571e+06
353 1.59577e+06
354 1.5958e+06
355 1.59586e+06
356 1.59588e+06
357 1.59597e+06
358 1.59601e+06
359 1.59602e+06
360 1.59608e+06
361 1.59614e+06
362 1.5962e+06
363 1.59624e+06
364 1.59628e+06
365 1.59629e+06
366 1.59639e+06
367 1.59642e+06
368 1.59648e+06
369 1.5965e+06
370 1.59654e+06
371 1.59656e+06
372 1.59663e+06
373 1.59667e+06
374 1.59672e+06
375 1.5968e+06
376 1.59685e+06
377 1.59692e+06
378 1.59699e+06
379 1.59708e+06
380 1.59717e+06
381 1.59731e+06
382 1.59733e+06
383 1.59734e+06
384 1.59743e+06
385 1.5975e+06
386 1.59751e+06
387 1.59758e+06
388 1.59761e+06
389 1.59766e+06
390 1.59773e+06
391 1.59784e+06
392 1.59794e+06
393 1.59797e+06
394 1.59803e+06
395 1.59804e+06
396 1.59813e+06
397 1.59822e+06
398 1.59826e+06
399 1.59828e+06
400 1.59835e+06
401 1.59842e+06
402 1.59851e+06
403 1.59858e+06
404 1.59858e+06
405 1.59865e+06
406 1.59867e+06
407 1.59879e+06
408 1.59893e+06
409 1.59897e+06
410 1.59899e+06
411 1.59905e+06
412 1.59914e+06
413 1.59918e+06
414 1.59924e+06
415 1.59924e+06
416 1.5993e+06
417 1.59932e+06
418 1.59935e+06
419 1.59941e+06
420 1.59951e+06
421 1.59966e+06
422 1.59973e+06
423 1.59977e+06
424 1.59983e+06
425 1.59987e+06
426 1.59995e+06
427 1.59998e+06
428 1.60004e+06
429 1.60013e+06
430 1.60022e+06
431 1.60025e+06
432 1.6003e+06
433 1.60048e+06
434 1.6005e+06
435 1.60055e+06
436 1.60063e+06
437 1.60067e+06
438 1.60073e+06
439 1.60087e+06
440 1.60094e+06
441 1.60099e+06
442 1.60099e+06
443 1.601e+06
444 1.60107e+06
445 1.60115e+06
446 1.6012e+06
447 1.60128e+06
448 1.60134e+06
449 1.60136e+06
450 1.60147e+06
451 1.60155e+06
452 1.60159e+06
453 1.60166e+06
454 1.60171e+06
455 1.6018e+06
456 1.60194e+06
457 1.602e+06
458 1.60203e+06
459 1.60206e+06
460 1.60216e+06
461 1.60219e+06
462 1.60224e+06
463 1.60228e+06
464 1.60239e+06
465 1.60243e+06
466 1.60257e+06
467 1.60262e+06
468 1.60263e+06
469 1.6027e+06
470 1.60288e+06
471 1.60298e+06
472 1.60305e+06
473 1.60313e+06
474 1.60318e+06
475 1.60322e+06
476 1.60323e+06
477 1.60327e+06
478 1.60338e+06
479 1.60347e+06
480 1.60358e+06
481 1.60364e+06
482 1.60366e+06
483 1.6037e+06
484 1.60376e+06
485 1.60386e+06
486 1.60404e+06
487 1.60414e+06
488 1.6042e+06
489 1.60428e+06
490 1.60432e+06
491 1.60436e+06
492 1.60442e+06
493 1.60443e+06
494 1.60456e+06
495 1.60463e+06
496 1.60466e+06
497 1.60478e+06
498 1.60484e+06
499 1.60493e+06
500 1.60502e+06
501 1.60511e+06
502 1.60521e+06
503 1.60526e+06
504 1.60527e+06
505 1.60542e+06
506 1.60545e+06
507 1.60553e+06
508 1.60558e+06
509 1.60566e+06
510 1.60578e+06
511 1.60588e+06
512 1.60591e+06
513 1.60593e+06
514 1.60606e+06
515 1.60611e+06
516 1.60617e+06
517 1.60621e+06
518 1.60639e+06
519 1.60642e+06
520 1.6065e+06
521 1.6066e+06
522 1.60661e+06
523 1.60666e+06
524 1.6067e+06
525 1.60675e+06
526 1.60679e+06
527 1.6069e+06
528 1.60692e+06
529 1.607e+06
530 1.60706e+06
531 1.60711e+06
532 1.60715e+06
533 1.60719e+06
534 1.60729e+06
535 1.60735e+06
536 1.60738e+06
537 1.60749e+06
538 1.6076e+06
539 1.60767e+06
540 1.60772e+06
541 1.60778e+06
542 1.60791e+06
543 1.60791e+06
544 1.60802e+06
545 1.60806e+06
546 1.60811e+06
547 1.60816e+06
548 1.60821e+06
549 1.60826e+06
550 1.60835e+06
551 1.60846e+06
552 1.60849e+06
553 1.60854e+06
554 1.60854e+06
555 1.60854e+06
556 1.6086e+06
557 1.60862e+06
558 1.60865e+06
559 1.60875e+06
560 1.60881e+06
561 1.60888e+06
562 1.60893e+06
563 1.60896e+06
564 1.60899e+06
565 1.60899e+06
566 1.60904e+06
567 1.60905e+06
568 1.60908e+06
569 1.60912e+06
570 1.60912e+06
571 1.60921e+06
572 1.60924e+06
573 1.60924e+06
574 1.60926e+06
575 1.60934e+06
576 1.60942e+06
577 1.60946e+06
578 1.6095e+06
579 1.60954e+06
580 1.60969e+06
581 1.60976e+06
582 1.60982e+06
583 1.60986e+06
584 1.60995e+06
585 1.61003e+06
586 1.61008e+06
587 1.61009e+06
588 1.6102e+06
589 1.61021e+06
590 1.61027e+06
591 1.61031e+06
592 1.61039e+06
593 1.6104e+06
594 1.61049e+06
595 1.61056e+06
596 1.61068e+06
597 1.61071e+06
598 1.61078e+06
599 1.61084e+06
600 1.61093e+06
601 1.61097e+06
602 1.61106e+06
603 1.61116e+06
604 1.61128e+06
605 1.61136e+06
606 1.61138e+06
607 1.61141e+06
608 1.61143e+06
609 1.61143e+06
610 1.61145e+06
611 1.6115e+06
612 1.61152e+06
613 1.61153e+06
614 1.61156e+06
615 1.61161e+06
616 1.6117e+06
617 1.61173e+06
618 1.61178e+06
619 1.61178e+06
620 1.61181e+06
621 1.61193e+06
622 1.61202e+06
623 1.61204e+06
624 1.61213e+06
625 1.6122e+06
626 1.61224e+06
627 1.61228e+06
628 1.61234e+06
629 1.61236e+06
630 1.61238e+06
631 1.61238e+06
632 1.61251e+06
633 1.61256e+06
634 1.61263e+06
635 1.61265e+06
636 1.61273e+06
637 1.61278e+06
638 1.61286e+06
639 1.61289e+06
640 1.61292e+06
641 1.61297e+06
642 1.61302e+06
643 1.6131e+06
644 1.61311e+06
645 1.61312e+06
646 1.61327e+06
647 1.61333e+06
648 1.61345e+06
649 1.61346e+06
650 1.61351e+06
651 1.61354e+06
652 1.61365e+06
653 1.61373e+06
654 1.61373e+06
655 1.61377e+06
656 1.61382e+06
657 1.61387e+06
658 1.614e+06
659 1.61402e+06
660 1.61403e+06
661 1.61403e+06
662 1.61411e+06
663 1.61413e+06
664 1.6142e+06
665 1.61424e+06
666 1.61432e+06
667 1.6144e+06
668 1.61447e+06
669 1.61453e+06
670 1.61455e+06
671 1.61455e+06
672 1.61456e+06
673 1.61465e+06
674 1.61472e+06
675 1.61489e+06
676 1.61492e+06
677 1.61505e+06
678 1.61518e+06
679 1.61522e+06
680 1.61528e+06
681 1.61539e+06
682 1.61544e+06
683 1.61553e+06
684 1.61565e+06
685 1.61581e+06
686 1.61592e+06
687 1.61595e+06
688 1.61595e+06
689 1.61609e+06
690 1.61611e+06
691 1.61616e+06
692 1.61632e+06
693 1.61635e+06
694 1.61641e+06
695 1.61641e+06
696 1.61644e+06
697 1.61648e+06
698 1.61656e+06
699 1.61666e+06
700 1.61679e+06
701 1.61685e+06
702 1.61687e+06
703 1.61691e+06
704 1.61706e+06
705 1.61711e+06
706 1.61714e+06
707 1.6172e+06
708 1.61723e+06
709 1.61743e+06
710 1.61743e+06
711 1.6175e+06
712 1.61754e+06
713 1.61758e+06
714 1.61772e+06
715 1.61777e+06
716 1.61786e+06
717 1.61796e+06
718 1.61798e+06
719 1.61813e+06
720 1.61829e+06
721 1.61832e+06
722 1.61839e+06
723 1.61845e+06
724 1.61854e+06
725 1.61855e+06
726 1.61858e+06
727 1.6186e+06
728 1.6187e+06
729 1.61874e+06
730 1.61878e+06
731 1.61882e+06
732 1.61889e+06
733 1.61889e+06
734 1.61892e+06
735 1.61897e+06
736 1.619e+06
737 1.61907e+06
738 1.61907e+06
739 1.6191e+06
740 1.61912e+06
741 1.61913e+06
742 1.61927e+06
743 1.61926e+06
744 1.61944e+06
745 1.61954e+06
746 1.6196e+06
747 1.61971e+06
748 1.61976e+06
749 1.61976e+06
750 1.61976e+06
751 1.61979e+06
752 1.61988e+06
753 1.61987e+06
754 1.61992e+06
755 1.61992e+06
756 1.61998e+06
757 1.62008e+06
758 1.62013e+06
759 1.62013e+06
760 1.62015e+06
761 1.62023e+06
762 1.62027e+06
763 1.62031e+06
764 1.62032e+06
765 1.62037e+06
766 1.62042e+06
767 1.62046e+06
768 1.62049e+06
769 1.62052e+06
770 1.62055e+06
771 1.62066e+06
772 1.62069e+06
773 1.62076e+06
774 1.62079e+06
775 1.62092e+06
776 1.62098e+06
777 1.62102e+06
778 1.62104e+06
779 1.62106e+06
780 1.62111e+06
781 1.62113e+06
782 1.6212e+06
783 1.62124e+06
784 1.62127e+06
785 1.62141e+06
786 1.62141e+06
787 1.62149e+06
788 1.62153e+06
789 1.62159e+06
790 1.62169e+06
791 1.6217e+06
792 1.62173e+06
793 1.62175e+06
794 1.62177e+06
795 1.62179e+06
796 1.6218e+06
797 1.6218e+06
798 1.62188e+06
799 1.62203e+06
800 1.62204e+06
801 1.62209e+06
802 1.62215e+06
803 1.62223e+06
804 1.62226e+06
805 1.6223e+06
806 1.62233e+06
807 1.62238e+06
808 1.62241e+06
809 1.62244e+06
810 1.62246e+06
811 1.62255e+06
812 1.62258e+06
813 1.62258e+06
814 1.62262e+06
815 1.62262e+06
816 1.6227e+06
817 1.62273e+06
818 1.62277e+06
819 1.62278e+06
820 1.62281e+06
821 1.62289e+06
822 1.62298e+06
823 1.62299e+06
824 1.62301e+06
825 1.62308e+06
826 1.62318e+06
827 1.62323e+06
828 1.62324e+06
829 1.6233e+06
830 1.6233e+06
831 1.62333e+06
832 1.62343e+06
833 1.62352e+06
834 1.62356e+06
835 1.62357e+06
836 1.6237e+06
837 1.62384e+06
838 1.62385e+06
839 1.6239e+06
840 1.62394e+06
841 1.62401e+06
842 1.62404e+06
843 1.62408e+06
844 1.62424e+06
845 1.62431e+06
846 1.62431e+06
847 1.62441e+06
848 1.62444e+06
849 1.62452e+06
850 1.62459e+06
851 1.62461e+06
852 1.62464e+06
853 1.62468e+06
854 1.62469e+06
855 1.62484e+06
856 1.62497e+06
857 1.62509e+06
858 1.62513e+06
859 1.6252e+06
860 1.62523e+06
861 1.62528e+06
862 1.6253e+06
863 1.62532e+06
864 1.62542e+06
865 1.62553e+06
866 1.62565e+06
867 1.62565e+06
868 1.62567e+06
869 1.62569e+06
870 1.62572e+06
871 1.62576e+06
872 1.62578e+06
873 1.62581e+06
874 1.62589e+06
875 1.6259e+06
876 1.6259e+06
877 1.62593e+06
878 1.62595e+06
879 1.626e+06
880 1.62602e+06
881 1.62607e+06
882 1.62608e+06
883 1.62614e+06
884 1.6262e+06
885 1.62622e+06
886 1.62624e+06
887 1.62627e+06
888 1.6263e+06
889 1.62636e+06
890 1.62639e+06
891 1.6265e+06
892 1.62652e+06
893 1.62655e+06
894 1.62659e+06
895 1.62666e+06
896 1.6267e+06
897 1.6267e+06
898 1.62678e+06
899 1.62679e+06
900 1.62689e+06
901 1.62691e+06
902 1.62709e+06
903 1.6271e+06
904 1.62717e+06
905 1.62723e+06
906 1.62733e+06
907 1.62733e+06
908 1.62739e+06
909 1.62739e+06
910 1.62742e+06
911 1.62745e+06
912 1.62747e+06
913 1.6275e+06
914 1.62753e+06
915 1.62756e+06
916 1.62756e+06
917 1.62772e+06
918 1.62782e+06
919 1.62782e+06
920 1.62795e+06
921 1.62796e+06
922 1.62803e+06
923 1.62813e+06
924 1.62813e+06
925 1.62815e+06
926 1.6282e+06
927 1.62824e+06
928 1.62825e+06
929 1.6283e+06
930 1.62838e+06
931 1.62841e+06
932 1.62843e+06
933 1.62854e+06
934 1.62858e+06
935 1.62859e+06
936 1.62859e+06
937 1.62868e+06
938 1.62869e+06
939 1.62871e+06
940 1.62876e+06
941 1.62883e+06
942 1.62887e+06
943 1.62893e+06
944 1.629e+06
945 1.62902e+06
946 1.62906e+06
947 1.62928e+06
948 1.62934e+06
949 1.62946e+06
950 1.62947e+06
951 1.62959e+06
952 1.6296e+06
953 1.62962e+06
954 1.62971e+06
955 1.62973e+06
956 1.62981e+06
957 1.62984e+06
958 1.62989e+06
959 1.62992e+06
960 1.62992e+06
961 1.62995e+06
962 1.62996e+06
963 1.63e+06
964 1.63004e+06
965 1.63006e+06
966 1.63009e+06
967 1.63011e+06
968 1.63011e+06
969 1.63018e+06
970 1.63021e+06
971 1.63022e+06
972 1.63022e+06
973 1.63029e+06
974 1.6303e+06
975 1.63041e+06
976 1.63043e+06
977 1.63051e+06
978 1.63054e+06
979 1.63054e+06
980 1.63054e+06
981 1.63057e+06
982 1.63067e+06
983 1.63068e+06
984 1.63075e+06
985 1.63081e+06
986 1.63082e+06
987 1.63093e+06
988 1.63098e+06
989 1.63101e+06
990 1.63106e+06
991 1.63112e+06
992 1.63125e+06
993 1.63128e+06
994 1.6314e+06
995 1.63141e+06
996 1.63148e+06
997 1.6315e+06
998 1.63158e+06
999 1.63158e+06
1000 1.63158e+06
