128 0.3 0.27
0 156776
1 1.56784e+06
2 1.56792e+06
3 1.568e+06
4 1.56815e+06
5 1.56828e+06
6 1.56835e+06
7 1.56847e+06
8 1.5685e+06
9 1.56853e+06
10 1.5686e+06
11 1.56869e+06
12 1.56877e+06
13 1.56879e+06
14 1.56882e+06
15 1.56891e+06
16 1.56903e+06
17 1.56915e+06
18 1.5692e+06
19 1.56946e+06
20 1.56953e+06
21 1.56962e+06
22 1.56971e+06
23 1.56979e+06
24 1.56994e+06
25 1.56996e+06
26 1.56999e+06
27 1.57004e+06
28 1.5701e+06
29 1.57019e+06
30 1.57034e+06
31 1.57038e+06
32 1.5705e+06
33 1.57052e+06
34 1.57059e+06
35 1.57074e+06
36 1.57077e+06
37 1.57085e+06
38 1.57094e+06
39 1.57101e+06
40 1.57109e+06
41 1.57121e+06
42 1.57133e+06
43 1.57144e+06
44 1.57147e+06
45 1.57153e+06
46 1.57157e+06
47 1.57168e+06
48 1.57179e+06
49 1.57182e+06
50 1.57196e+06
51 1.57197e+06
52 1.57206e+06
53 1.57213e+06
54 1.57228e+06
55 1.57235e+06
56 1.57248e+06
57 1.57258e+06
58 1.5727e+06
59 1.57279e+06
60 1.57289e+06
61 1.57308e+06
62 1.57312e+06
63 1.57325e+06
64 1.57337e+06
65 1.5735e+06
66 1.57354e+06
67 1.57358e+06
68 1.57359e+06
69 1.57368e+06
70 1.57377e+06
71 1.57386e+06
72 1.5739e+06
73 1.57401e+06
74 1.57413e+06
75 1.57432e+06
76 1.57439e+06
77 1.57454e+06
78 1.57456e+06
79 1.57463e+06
80 1.57467e+06
81 1.57476e+06
82 1.57484e+06
83 1.57493e+06
84 1.57506e+06
85 1.5752e+06
86 1.57528e+06
87 1.57538e+06
88 1.57546e+06
89 1.57554e+06
90 1.57562e+06
91 1.5757e+06
92 1.57574e+06
93 1.57586e+06
94 1.57601e+06
95 1.57609e+06
96 1.57621e+06
97 1.57636e+06
98 1.57642e+06
99 1.57659e+06
100 1.57661e+06
101 1.57672e+06
102 1.57677e+06
103 1.57685e+06
104 1.57695e+06
105 1.57696e+06
106 1.57709e+06
107 1.57714e+06
108 1.57722e+06
109 1.57731e+06
110 1.5774e+06
111 1.57749e+06
112 1.57752e+06
113 1.57766e+06
114 1.57776e+06
115 1.57786e+06
116 1.57793e+06
117 1.57796e+06
118 1.57805e+06
119 1.57818e+06
120 1.57825e+06
121 1.57835e+06
122 1.57843e+06
123 1.57845e+06
124 1.57854e+06
125 1.57866e+06
126 1.57874e+06
127 1.57881e+06
128 1.57891e+06
129 1.57901e+06
130 1.57904e+06
131 1.57918e+06
132 1.57926e+06
133 1.57932e+06
134 1.57934e+06
135 1.5794e+06
136 1.57942e+06
137 1.5795e+06
138 1.57958e+06
139 1.5797e+06
140 1.57974e+06
141 1.57985e+06
142 1.57986e+06
143 1.57995e+06
144 1.58005e+06
145 1.58015e+06
146 1.58019e+06
147 1.5803e+06
148 1.5804e+06
149 1.58047e+06
150 1.58057e+06
151 1.58064e+06
152 1.58076e+06
153 1.58088e+06
154 1.58091e+06
155 1.58092e+06
156 1.581e+06
157 1.58108e+06
158 1.58132e+06
159 1.58148e+06
160 1.58158e+06
161 1.58166e+06
162 1.58169e+06
163 1.58181e+06
164 1.58188e+06
165 1.58193e+06
166 1.58206e+06
167 1.58228e+06
168 1.58243e+06
169 1.58258e+06
170 1.58271e+06
171 1.58276e+06
172 1.58288e+06
173 1.58294e+06
174 1.58297e+06
175 1.58303e+06
176 1.58307e+06
177 1.58312e+06
178 1.58319e+06
179 1.58323e+06
180 1.58328e+06
181 1.58333e+06
182 1.58342e+06
183 1.58348e+06
184 1.58355e+06
185 1.58361e+06
186 1.58363e+06
187 1.58378e+06
188 1.58387e+06
189 1.58389e+06
190 1.58393e+06
191 1.584e+06
192 1.58404e+06
193 1.58417e+06
194 1.58419e+06
195 1.58428e+06
196 1.58433e+06
197 1.58442e+06
198 1.58446e+06
199 1.58458e+06
200 1.58468e+06
201 1.58478e+06
202 1.58482e+06
203 1.58497e+06
204 1.58503e+06
205 1.58506e+06
206 1.58519e+06
207 1.58523e+06
208 1.58529e+06
209 1.58531e+06
210 1.58541e+06
211 1.58555e+06
212 1.58555e+06
213 1.5856e+06
214 1.58575e+06
215 1.58586e+06
216 1.58596e+06
217 1.58604e+06
218 1.58606e+06
219 1.58616e+06
220 1.5863e+06
221 1.58631e+06
222 1.58638e+06
223 1.58645e+06
224 1.58649e+06
225 1.58654e+06
226 1.58662e+06
227 1.5867e+06
228 1.58675e+06
229 1.58684e+06
230 1.58698e+06
231 1.58702e+06
232 1.58704e+06
233 1.58705e+06
234 1.58713e+06
235 1.58718e+06
236 1.58738e+06
237 1.58744e+06
238 1.58752e+06
239 1.58756e+06
240 1.58767e+06
241 1.58771e+06
242 1.58778e+06
243 1.58779e+06
244 1.58782e+06
245 1.58792e+06
246 1.58802e+06
247 1.58806e+06
248 1.58809e+06
249 1.5882e+06
250 1.5883e+06
251 1.58838e+06
252 1.5884e+06
253 1.58851e+06
254 1.58864e+06
255 1.58874e+06
256 1.58875e+06
257 1.58881e+06
258 1.58884e+06
259 1.5889e+06
260 1.58906e+06
261 1.58913e+06
262 1.58919e+06
263 1.58923e+06
264 1.58939e+06
265 1.58944e+06
266 1.58948e+06
267 1.58958e+06
268 1.58964e+06
269 1.58976e+06
270 1.58983e+06
271 1.58993e+06
272 1.59e+06
273 1.59006e+06
274 1.59012e+06
275 1.59028e+06
276 1.59033e+06
277 1.59038e+06
278 1.59039e+06
279 1.5905e+06
280 1.59062e+06
281 1.59067e+06
282 1.5907e+06
283 1.59075e+06
284 1.59083e+06
285 1.59094e+06
286 1.59101e+06
287 1.59111e+06
288 1.59122e+06
289 1.59137e+06
290 1.59141e+06
291 1.59151e+06
292 1.59165e+06
293 1.59167e+06
294 1.5918e+06
295 1.59192e+06
296 1.59203e+06
297 1.59209e+06
298 1.59218e+06
299 1.59222e+06
300 1.59235e+06
301 1.59239e+06
302 1.59247e+06
303 1.59259e+06
304 1.5926e+06
305 1.59263e+06
306 1.59266e+06
307 1.59274e+06
308 1.59287e+06
309 1.59293e+06
310 1.59303e+06
311 1.59306e+06
312 1.59311e+06
313 1.59319e+06
314 1.59324e+06
315 1.59334e+06
316 1.59339e+06
317 1.59346e+06
318 1.59352e+06
319 1.59363e+06
320 1.59367e+06
321 1.59373e+06
322 1.59373e+06
323 1.59387e+06
324 1.59388e+06
325 1.59392e+06
326 1.59396e+06
327 1.59402e+06
328 1.59411e+06
329 1.59421e+06
330 1.5942e+06
331 1.59428e+06
332 1.59428e+06
333 1.59428e+06
334 1.59442e+06
335 1.59443e+06
336 1.59454e+06
337 1.59458e+06
338 1.5947e+06
339 1.59477e+06
340 1.59482e+06
341 1.59484e+06
342 1.59488e+06
343 1.59493e+06
344 1.59498e+06
345 1.59505e+06
346 1.59514e+06
347 1.59517e+06
348 1.59527e+06
349 1.59534e+06
350 1.59536e+06
351 1.59541e+06
352 1.59551e+06
353 1.59559e+06
354 1.59565e+06
355 1.59569e+06
356 1.5957e+06
357 1.59575e+06
358 1.59586e+06
359 1.59596e+06
360 1.59603e+06
361 1.59604e+06
362 1.59612e+06
363 1.5962e+06
364 1.59627e+06
365 1.59635e+06
366 1.59644e+06
367 1.59645e+06
368 1.5965e+06
369 1.59657e+06
370 1.5966e+06
371 1.59666e+06
372 1.59666e+06
373 1.59673e+06
374 1.59682e+06
375 1.59684e+06
376 1.59692e+06
377 1.59702e+06
378 1.59706e+06
379 1.59714e+06
380 1.5972e+06
381 1.59721e+06
382 1.59722e+06
383 1.59723e+06
384 1.59734e+06
385 1.59742e+06
386 1.59752e+06
387 1.59765e+06
388 1.59769e+06
389 1.59773e+06
390 1.59784e+06
391 1.59789e+06
392 1.59792e+06
393 1.59792e+06
394 1.59799e+06
395 1.59801e+06
396 1.5981e+06
397 1.5982e+06
398 1.59829e+06
399 1.59841e+06
400 1.59847e+06
401 1.59851e+06
402 1.59853e+06
403 1.59868e+06
404 1.5987e+06
405 1.59873e+06
406 1.59884e+06
407 1.59892e+06
408 1.59896e+06
409 1.59902e+06
410 1.59908e+06
411 1.5992e+06
412 1.59928e+06
413 1.59932e+06
414 1.59937e+06
415 1.5994e+06
416 1.59951e+06
417 1.59955e+06
418 1.59955e+06
419 1.59961e+06
420 1.59964e+06
421 1.59967e+06
422 1.59968e+06
423 1.59967e+06
424 1.59969e+06
425 1.59974e+06
426 1.59979e+06
427 1.5998e+06
428 1.59987e+06
429 1.59991e+06
430 1.59999e+06
431 1.59999e+06
432 1.60003e+06
433 1.60005e+06
434 1.60019e+06
435 1.60027e+06
436 1.60034e+06
437 1.60042e+06
438 1.60051e+06
439 1.6006e+06
440 1.60062e+06
441 1.60062e+06
442 1.60073e+06
443 1.60074e+06
444 1.60075e+06
445 1.60079e+06
446 1.60083e+06
447 1.60086e+06
448 1.60096e+06
449 1.60103e+06
450 1.60106e+06
451 1.60108e+06
452 1.60114e+06
453 1.60118e+06
454 1.60124e+06
455 1.60135e+06
456 1.60144e+06
457 1.60145e+06
458 1.60154e+06
459 1.60159e+06
460 1.6016e+06
461 1.60164e+06
462 1.60172e+06
463 1.60178e+06
464 1.6019e+06
465 1.60198e+06
466 1.60206e+06
467 1.60216e+06
468 1.60226e+06
469 1.60231e+06
470 1.60244e+06
471 1.60248e+06
472 1.60249e+06
473 1.60249e+06
474 1.60271e+06
475 1.60278e+06
476 1.6028e+06
477 1.60284e+06
478 1.6029e+06
479 1.60302e+06
480 1.60303e+06
481 1.60309e+06
482 1.60313e+06
483 1.60319e+06
484 1.60322e+06
485 1.60323e+06
486 1.60324e+06
487 1.6033e+06
488 1.60341e+06
489 1.60344e+06
490 1.60349e+06
491 1.60352e+06
492 1.60357e+06
493 1.60358e+06
494 1.60359e+06
495 1.60364e+06
496 1.60371e+06
497 1.60377e+06
498 1.60383e+06
499 1.60384e+06
500 1.60395e+06
501 1.60399e+06
502 1.60406e+06
503 1.6041e+06
504 1.60413e+06
505 1.60416e+06
506 1.60426e+06
507 1.60431e+06
508 1.60434e+06
509 1.6044e+06
510 1.60442e+06
511 1.60448e+06
512 1.60458e+06
513 1.6046e+06
514 1.60468e+06
515 1.6047e+06
516 1.60472e+06
517 1.60477e+06
518 1.60487e+06
519 1.60491e+06
520 1.60497e+06
521 1.60502e+06
522 1.60509e+06
523 1.60514e+06
524 1.60515e+06
525 1.60518e+06
526 1.60523e+06
527 1.60532e+06
528 1.60534e+06
529 1.60544e+06
530 1.60545e+06
531 1.60557e+06
532 1.60568e+06
533 1.60569e+06
534 1.60576e+06
535 1.60583e+06
536 1.60588e+06
537 1.60588e+06
538 1.60588e+06
539 1.60588e+06
540 1.60591e+06
541 1.60601e+06
542 1.60615e+06
543 1.60617e+06
544 1.60617e+06
545 1.60617e+06
546 1.60621e+06
547 1.60632e+06
548 1.60635e+06
549 1.60641e+06
550 1.60647e+06
551 1.60659e+06
552 1.60665e+06
553 1.60672e+06
554 1.60681e+06
555 1.60684e+06
556 1.60688e+06
557 1.60697e+06
558 1.60703e+06
559 1.60709e+06
560 1.60723e+06
561 1.60734e+06
562 1.60742e+06
563 1.60746e+06
564 1.60748e+06
565 1.60757e+06
566 1.60764e+06
567 1.60771e+06
568 1.60788e+06
569 1.60793e+06
570 1.60796e+06
571 1.60797e+06
572 1.60802e+06
573 1.60816e+06
574 1.60824e+06
575 1.60824e+06
576 1.60825e+06
577 1.60832e+06
578 1.60835e+06
579 1.60836e+06
580 1.60848e+06
581 1.60856e+06
582 1.60861e+06
583 1.60873e+06
584 1.60876e+06
585 1.60876e+06
586 1.60877e+06
587 1.60881e+06
588 1.60887e+06
589 1.60891e+06
590 1.60898e+06
591 1.60901e+06
592 1.60913e+06
593 1.60919e+06
594 1.60922e+06
595 1.60926e+06
596 1.60936e+06
597 1.60944e+06
598 1.6095e+06
599 1.60951e+06
600 1.60955e+06
601 1.60958e+06
602 1.60962e+06
603 1.60968e+06
604 1.60973e+06
605 1.60973e+06
606 1.60985e+06
607 1.60995e+06
608 1.60998e+06
609 1.61005e+06
610 1.61007e+06
611 1.61015e+06
612 1.61015e+06
613 1.61019e+06
614 1.61026e+06
615 1.6103e+06
616 1.61044e+06
617 1.61057e+06
618 1.61062e+06
619 1.61069e+06
620 1.61076e+06
621 1.61078e+06
622 1.61081e+06
623 1.61087e+06
624 1.61101e+06
625 1.61112e+06
626 1.61122e+06
627 1.61122e+06
628 1.61125e+06
629 1.61138e+06
630 1.61145e+06
631 1.61146e+06
632 1.6115e+06
633 1.61155e+06
634 1.61161e+06
635 1.61164e+06
636 1.61169e+06
637 1.61177e+06
638 1.61181e+06
639 1.61188e+06
640 1.6119e+06
641 1.61192e+06
642 1.61192e+06
643 1.61201e+06
644 1.61213e+06
645 1.6122e+06
646 1.61229e+06
647 1.6123e+06
648 1.61235e+06
649 1.61236e+06
650 1.6124e+06
651 1.61248e+06
652 1.61255e+06
653 1.61271e+06
654 1.61271e+06
655 1.61271e+06
656 1.61296e+06
657 1.61296e+06
658 1.61301e+06
659 1.61309e+06
660 1.61313e+06
661 1.61318e+06
662 1.61321e+06
663 1.61326e+06
664 1.6133e+06
665 1.61333e+06
666 1.61338e+06
667 1.61344e+06
668 1.6135e+06
669 1.61353e+06
670 1.61358e+06
671 1.61363e+06
672 1.61362e+06
673 1.61364e+06
674 1.61367e+06
675 1.61369e+06
676 1.61375e+06
677 1.6138e+06
678 1.61384e+06
679 1.61389e+06
680 1.61391e+06
681 1.61399e+06
682 1.61405e+06
683 1.61415e+06
684 1.61421e+06
685 1.61422e+06
686 1.61427e+06
687 1.61431e+06
688 1.6144e+06
689 1.6144e+06
690 1.61451e+06
691 1.61456e+06
692 1.61461e+06
693 1.61461e+06
694 1.61466e+06
695 1.61472e+06
696 1.61472e+06
697 1.61481e+06
698 1.61487e+06
699 1.61495e+06
700 1.61504e+06
701 1.61511e+06
702 1.6152e+06
703 1.61533e+06
704 1.61537e+06
705 1.61546e+06
706 1.61549e+06
707 1.61556e+06
708 1.61564e+06
709 1.6158e+06
710 1.61589e+06
711 1.616e+06
712 1.61612e+06
713 1.61627e+06
714 1.61629e+06
715 1.61637e+06
716 1.6164e+06
717 1.61642e+06
718 1.61642e+06
719 1.61653e+06
720 1.61665e+06
721 1.6168e+06
722 1.61687e+06
723 1.61696e+06
724 1.61702e+06
725 1.61705e+06
726 1.61709e+06
727 1.61719e+06
728 1.61721e+06
729 1.61725e+06
730 1.61731e+06
731 1.61737e+06
732 1.61739e+06
733 1.61741e+06
734 1.61747e+06
735 1.61756e+06
736 1.61758e+06
737 1.61758e+06
738 1.61765e+06
739 1.6177e+06
740 1.6177e+06
741 1.61777e+06
742 1.61778e+06
743 1.6178e+06
744 1.61787e+06
745 1.61791e+06
746 1.61792e+06
747 1.61797e+06
748 1.61802e+06
749 1.6181e+06
750 1.61811e+06
751 1.61822e+06
752 1.61827e+06
753 1.61832e+06
754 1.61846e+06
755 1.61853e+06
756 1.61858e+06
757 1.61865e+06
758 1.61887e+06
759 1.6189e+06
760 1.6189e+06
761 1.61891e+06
762 1.61895e+06
763 1.61903e+06
764 1.61904e+06
765 1.61907e+06
766 1.61909e+06
767 1.61923e+06
768 1.61934e+06
769 1.61943e+06
770 1.61946e+06
771 1.61948e+06
772 1.6195e+06
773 1.6195e+06
774 1.6195e+06
775 1.61958e+06
776 1.61966e+06
777 1.61967e+06
778 1.61968e+06
779 1.61981e+06
780 1.61981e+06
781 1.61988e+06
782 1.61989e+06
783 1.61996e+06
784 1.61999e+06
785 1.61999e+06
786 1.62003e+06
787 1.62004e+06
788 1.62005e+06
789 1.62018e+06
790 1.62027e+06
791 1.62027e+06
792 1.62029e+06
793 1.6203e+06
794 1.62032e+06
795 1.62035e+06
796 1.62035e+06
797 1.62048e+06
798 1.6205e+06
799 1.62052e+06
800 1.62052e+06
801 1.62061e+06
802 1.62066e+06
803 1.62068e+06
804 1.62074e+06
805 1.62092e+06
806 1.62092e+06
807 1.62092e+06
808 1.621e+06
809 1.62104e+06
810 1.62106e+06
811 1.6211e+06
812 1.62113e+06
813 1.6212e+06
814 1.62123e+06
815 1.62133e+06
816 1.6214e+06
817 1.6215e+06
818 1.62156e+06
819 1.62172e+06
820 1.62179e+06
821 1.62181e+06
822 1.62185e+06
823 1.62188e+06
824 1.62195e+06
825 1.62202e+06
826 1.62214e+06
827 1.62215e+06
828 1.62219e+06
829 1.62222e+06
830 1.62227e+06
831 1.62234e+06
832 1.62243e+06
833 1.62246e+06
834 1.62254e+06
835 1.62258e+06
836 1.62265e+06
837 1.62266e+06
838 1.62271e+06
839 1.62273e+06
840 1.62279e+06
841 1.62281e+06
842 1.62306e+06
843 1.62311e+06
844 1.62327e+06
845 1.62329e+06
846 1.62335e+06
847 1.62342e+06
848 1.62344e+06
849 1.62347e+06
850 1.62349e+06
851 1.62357e+06
852 1.6236e+06
853 1.6237e+06
854 1.62378e+06
855 1.62378e+06
856 1.62387e+06
857 1.62387e+06
858 1.62396e+06
859 1.62402e+06
860 1.62412e+06
861 1.62418e+06
862 1.62422e+06
863 1.6243e+06
864 1.62432e+06
865 1.62432e+06
866 1.62435e+06
867 1.62434e+06
868 1.62434e+06
869 1.62436e+06
870 1.62437e+06
871 1.6244e+06
872 1.62442e+06
873 1.62447e+06
874 1.62456e+06
875 1.62465e+06
876 1.62481e+06
877 1.62489e+06
878 1.62494e+06
879 1.625e+06
880 1.625e+06
881 1.62508e+06
882 1.6251e+06
883 1.62517e+06
884 1.62528e+06
885 1.62529e+06
886 1.62531e+06
887 1.62541e+06
888 1.62544e+06
889 1.62556e+06
890 1.62566e+06
891 1.62573e+06
892 1.62575e+06
893 1.62576e+06
894 1.62576e+06
895 1.62578e+06
896 1.62579e+06
897 1.62579e+06
898 1.62581e+06
899 1.62583e+06
900 1.62588e+06
901 1.62595e+06
902 1.62598e+06
903 1.62606e+06
904 1.62606e+06
905 1.62607e+06
906 1.62611e+06
907 1.62617e+06
908 1.62618e+06
909 1.6262e+06
910 1.62627e+06
911 1.62628e+06
912 1.62628e+06
913 1.62635e+06
914 1.62636e+06
915 1.62648e+06
916 1.62648e+06
917 1.62654e+06
918 1.62662e+06
919 1.62673e+06
920 1.62677e+06
921 1.6268e+06
922 1.6268e+06
923 1.62684e+06
924 1.62692e+06
925 1.62697e+06
926 1.62697e+06
927 1.62699e+06
928 1.62704e+06
929 1.62714e+06
930 1.62722e+06
931 1.62732e+06
932 1.62734e+06
933 1.62734e+06
934 1.62748e+06
935 1.6275e+06
936 1.62751e+06
937 1.62762e+06
938 1.62764e+06
939 1.62767e+06
940 1.62774e+06
941 1.6278e+06
942 1.6278e+06
943 1.62783e+06
944 1.62782e+06
945 1.62782e+06
946 1.62783e+06
947 1.62788e+06
948 1.62792e+06
949 1.62796e+06
950 1.62804e+06
951 1.62818e+06
952 1.62826e+06
953 1.62837e+06
954 1.62844e+06
955 1.62844e+06
956 1.62857e+06
957 1.6287e+06
958 1.62878e+06
959 1.62883e+06
960 1.62889e+06
961 1.62901e+06
962 1.62911e+06
963 1.62917e+06
964 1.62922e+06
965 1.62926e+06
966 1.62928e+06
967 1.62928e+06
968 1.62929e+06
969 1.62932e+06
970 1.62937e+06
971 1.62941e+06
972 1.62943e+06
973 1.62951e+06
974 1.6296e+06
975 1.62961e+06
976 1.62965e+06
977 1.62967e+06
978 1.6297e+06
979 1.62975e+06
980 1.62976e+06
981 1.62978e+06
982 1.6298e+06
983 1.6299e+06
984 1.6299e+06
985 1.62997e+06
986 1.63004e+06
987 1.63016e+06
988 1.63018e+06
989 1.63025e+06
990 1.6303e+06
991 1.63036e+06
992 1.63048e+06
993 1.63055e+06
994 1.63065e+06
995 1.63071e+06
996 1.63071e+06
997 1.63076e+06
998 1.63081e+06
999 1.63086e+06
1000 1.63092e+06
