128 0.3 0.359
0 156776
1 1.56785e+06
2 1.56789e+06
3 1.56799e+06
4 1.56813e+06
5 1.56837e+06
6 1.56849e+06
7 1.56855e+06
8 1.5686e+06
9 1.56862e+06
10 1.56873e+06
11 1.5688e+06
12 1.5688e+06
13 1.56891e+06
14 1.56895e+06
15 1.56902e+06
16 1.56918e+06
17 1.56948e+06
18 1.5695e+06
19 1.56953e+06
20 1.56972e+06
21 1.56973e+06
22 1.56978e+06
23 1.56981e+06
24 1.57005e+06
25 1.5701e+06
26 1.5702e+06
27 1.57036e+06
28 1.57041e+06
29 1.57053e+06
30 1.57061e+06
31 1.57066e+06
32 1.57084e+06
33 1.57086e+06
34 1.57092e+06
35 1.57121e+06
36 1.57126e+06
37 1.57139e+06
38 1.57141e+06
39 1.57142e+06
40 1.57144e+06
41 1.5716e+06
42 1.5717e+06
43 1.57182e+06
44 1.57186e+06
45 1.57188e+06
46 1.57189e+06
47 1.57203e+06
48 1.57216e+06
49 1.57222e+06
50 1.57229e+06
51 1.57233e+06
52 1.57244e+06
53 1.57256e+06
54 1.57262e+06
55 1.57271e+06
56 1.57274e+06
57 1.57293e+06
58 1.57295e+06
59 1.57304e+06
60 1.57315e+06
61 1.5732e+06
62 1.5733e+06
63 1.57332e+06
64 1.57359e+06
65 1.57369e+06
66 1.57383e+06
67 1.574e+06
68 1.57403e+06
69 1.5741e+06
70 1.57414e+06
71 1.57426e+06
72 1.57435e+06
73 1.57449e+06
74 1.57462e+06
75 1.57476e+06
76 1.57489e+06
77 1.57499e+06
78 1.57501e+06
79 1.57501e+06
80 1.57506e+06
81 1.57511e+06
82 1.5752e+06
83 1.57523e+06
84 1.57531e+06
85 1.57535e+06
86 1.57545e+06
87 1.57562e+06
88 1.57575e+06
89 1.57581e+06
90 1.57591e+06
91 1.57593e+06
92 1.57604e+06
93 1.57614e+06
94 1.57628e+06
95 1.57638e+06
96 1.57645e+06
97 1.57657e+06
98 1.57673e+06
99 1.57692e+06
100 1.57696e+06
101 1.577e+06
102 1.57704e+06
103 1.57706e+06
104 1.5772e+06
105 1.57721e+06
106 1.57734e+06
107 1.57734e+06
108 1.57741e+06
109 1.57752e+06
110 1.57756e+06
111 1.57771e+06
112 1.57778e+06
113 1.57802e+06
114 1.57811e+06
115 1.5782e+06
116 1.57826e+06
117 1.57835e+06
118 1.57844e+06
119 1.57853e+06
120 1.57859e+06
121 1.57867e+06
122 1.57867e+06
123 1.57869e+06
124 1.57882e+06
125 1.57894e+06
126 1.57897e+06
127 1.57909e+06
128 1.57911e+06
129 1.57917e+06
130 1.5792e+06
131 1.57929e+06
132 1.57934e+06
133 1.5794e+06
134 1.5795e+06
135 1.57958e+06
136 1.57969e+06
137 1.57971e+06
138 1.57975e+06
139 1.57979e+06
140 1.5799e+06
141 1.57997e+06
142 1.57999e+06
143 1.58014e+06
144 1.58025e+06
145 1.58029e+06
146 1.58033e+06
147 1.58038e+06
148 1.58043e+06
149 1.58046e+06
150 1.58053e+06
151 1.58058e+06
152 1.58063e+06
153 1.58065e+06
154 1.58072e+06
155 1.58073e+06
156 1.58077e+06
157 1.58084e+06
158 1.58094e+06
159 1.58101e+06
160 1.58102e+06
161 1.58108e+06
162 1.58112e+06
163 1.58125e+06
164 1.58131e+06
165 1.58134e+06
166 1.58141e+06
167 1.58149e+06
168 1.58164e+06
169 1.58179e+06
170 1.58179e+06
171 1.5818e+06
172 1.58189e+06
173 1.58191e+06
174 1.58198e+06
175 1.58208e+06
176 1.5821e+06
177 1.58213e+06
178 1.58218e+06
179 1.58223e+06
180 1.58226e+06
181 1.58234e+06
182 1.5825e+06
183 1.58257e+06
184 1.58271e+06
185 1.58279e+06
186 1.58295e+06
187 1.58301e+06
188 1.5831e+06
189 1.58324e+06
190 1.58325e+06
191 1.58334e+06
192 1.58342e+06
193 1.58348e+06
194 1.58355e+06
195 1.58366e+06
196 1.58371e+06
197 1.58375e+06
198 1.58378e+06
199 1.58386e+06
200 1.58388e+06
201 1.58395e+06
202 1.58396e+06
203 1.58404e+06
204 1.58414e+06
205 1.58415e+06
206 1.58428e+06
207 1.58432e+06
208 1.58439e+06
209 1.58442e+06
210 1.58449e+06
211 1.58463e+06
212 1.58473e+06
213 1.58473e+06
214 1.58483e+06
215 1.58492e+06
216 1.58509e+06
217 1.58515e+06
218 1.58521e+06
219 1.58527e+06
220 1.58536e+06
221 1.5854e+06
222 1.58541e+06
223 1.58551e+06
224 1.58562e+06
225 1.58564e+06
226 1.58567e+06
227 1.58569e+06
228 1.58575e+06
229 1.58585e+06
230 1.58593e+06
231 1.58596e+06
232 1.58598e+06
233 1.58612e+06
234 1.58623e+06
235 1.58624e+06
236 1.58631e+06
237 1.58634e+06
238 1.58641e+06
239 1.58652e+06
240 1.58655e+06
241 1.58663e+06
242 1.58674e+06
243 1.58674e+06
244 1.58676e+06
245 1.58686e+06
246 1.58688e+06
247 1.58688e+06
248 1.58704e+06
249 1.58711e+06
250 1.58714e+06
251 1.58716e+06
252 1.58719e+06
253 1.58726e+06
254 1.5873e+06
255 1.58737e+06
256 1.58747e+06
257 1.5875e+06
258 1.58754e+06
259 1.58755e+06
260 1.58761e+06
261 1.58768e+06
262 1.58781e+06
263 1.5879e+06
264 1.58795e+06
265 1.58804e+06
266 1.58817e+06
267 1.58836e+06
268 1.58855e+06
269 1.58857e+06
270 1.58867e+06
271 1.58876e+06
272 1.58881e+06
273 1.58887e+06
274 1.58888e+06
275 1.58894e+06
276 1.58902e+06
277 1.5891e+06
278 1.58917e+06
279 1.58932e+06
280 1.58961e+06
281 1.58976e+06
282 1.58982e+06
283 1.58988e+06
284 1.58996e+06
285 1.59007e+06
286 1.59015e+06
287 1.59017e+06
288 1.59019e+06
289 1.59038e+06
290 1.59048e+06
291 1.5905e+06
292 1.59062e+06
293 1.59072e+06
294 1.59086e+06
295 1.59089e+06
296 1.59097e+06
297 1.59108e+06
298 1.59129e+06
299 1.5914e+06
300 1.59148e+06
301 1.59154e+06
302 1.59167e+06
303 1.59173e+06
304 1.59183e+06
305 1.59194e+06
306 1.59197e+06
307 1.59206e+06
308 1.59217e+06
309 1.59234e+06
310 1.59236e+06
311 1.5924e+06
312 1.59244e+06
313 1.59246e+06
314 1.59254e+06
315 1.59262e+06
316 1.59267e+06
317 1.59275e+06
318 1.59288e+06
319 1.5931e+06
320 1.59316e+06
321 1.59316e+06
322 1.5932e+06
323 1.59324e+06
324 1.59325e+06
325 1.59327e+06
326 1.5934e+06
327 1.59354e+06
328 1.59354e+06
329 1.59366e+06
330 1.59369e+06
331 1.59378e+06
332 1.59378e+06
333 1.5939e+06
334 1.59392e+06
335 1.594e+06
336 1.59413e+06
337 1.59418e+06
338 1.59428e+06
339 1.5944e+06
340 1.59445e+06
341 1.59454e+06
342 1.59456e+06
343 1.59465e+06
344 1.59481e+06
345 1.59498e+06
346 1.595e+06
347 1.59501e+06
348 1.59512e+06
349 1.59522e+06
350 1.59525e+06
351 1.59531e+06
352 1.5954e+06
353 1.59541e+06
354 1.59548e+06
355 1.59555e+06
356 1.59558e+06
357 1.59559e+06
358 1.59579e+06
359 1.59593e+06
360 1.59609e+06
361 1.59609e+06
362 1.59617e+06
363 1.59621e+06
364 1.59631e+06
365 1.59638e+06
366 1.59653e+06
367 1.59661e+06
368 1.5967e+06
369 1.59682e+06
370 1.59687e+06
371 1.59695e+06
372 1.59695e+06
373 1.59696e+06
374 1.59702e+06
375 1.59706e+06
376 1.59713e+06
377 1.59721e+06
378 1.59721e+06
379 1.59728e+06
380 1.59739e+06
381 1.59742e+06
382 1.59745e+06
383 1.59749e+06
384 1.59753e+06
385 1.59755e+06
386 1.5976e+06
387 1.59763e+06
388 1.59769e+06
389 1.59772e+06
390 1.59776e+06
391 1.59777e+06
392 1.59782e+06
393 1.59783e+06
394 1.59787e+06
395 1.5979e+06
396 1.59794e+06
397 1.59799e+06
398 1.59805e+06
399 1.59821e+06
400 1.59826e+06
401 1.5983e+06
402 1.59836e+06
403 1.59842e+06
404 1.59847e+06
405 1.5985e+06
406 1.59862e+06
407 1.5987e+06
408 1.59875e+06
409 1.5988e+06
410 1.59894e+06
411 1.59898e+06
412 1.59902e+06
413 1.59908e+06
414 1.59917e+06
415 1.59918e+06
416 1.59942e+06
417 1.59949e+06
418 1.59951e+06
419 1.59959e+06
420 1.59968e+06
421 1.59975e+06
422 1.59979e+06
423 1.59982e+06
424 1.59985e+06
425 1.59986e+06
426 1.59988e+06
427 1.59996e+06
428 1.60002e+06
429 1.60004e+06
430 1.6002e+06
431 1.60023e+06
432 1.6003e+06
433 1.6003e+06
434 1.60039e+06
435 1.60049e+06
436 1.60057e+06
437 1.60063e+06
438 1.60067e+06
439 1.60074e+06
440 1.6008e+06
441 1.60087e+06
442 1.60095e+06
443 1.60095e+06
444 1.60097e+06
445 1.60101e+06
446 1.60103e+06
447 1.60107e+06
448 1.60112e+06
449 1.6013e+06
450 1.60138e+06
451 1.60153e+06
452 1.60158e+06
453 1.60166e+06
454 1.60176e+06
455 1.60201e+06
456 1.60222e+06
457 1.60222e+06
458 1.60226e+06
459 1.60231e+06
460 1.60237e+06
461 1.60238e+06
462 1.60241e+06
463 1.60249e+06
464 1.6025e+06
465 1.60258e+06
466 1.60267e+06
467 1.60279e+06
468 1.60281e+06
469 1.60282e+06
470 1.60296e+06
471 1.60297e+06
472 1.60297e+06
473 1.60302e+06
474 1.60314e+06
475 1.60318e+06
476 1.60322e+06
477 1.6033e+06
478 1.60337e+06
479 1.60345e+06
480 1.60351e+06
481 1.60359e+06
482 1.60364e+06
483 1.60366e+06
484 1.60371e+06
485 1.60378e+06
486 1.60381e+06
487 1.60393e+06
488 1.60402e+06
489 1.60407e+06
490 1.60418e+06
491 1.60429e+06
492 1.60431e+06
493 1.6044e+06
494 1.60447e+06
495 1.60448e+06
496 1.6045e+06
497 1.60456e+06
498 1.60456e+06
499 1.60461e+06
500 1.60465e+06
501 1.60472e+06
502 1.60474e+06
503 1.60478e+06
504 1.6048e+06
505 1.60488e+06
506 1.60497e+06
507 1.60499e+06
508 1.60506e+06
509 1.60519e+06
510 1.60532e+06
511 1.60545e+06
512 1.60549e+06
513 1.60552e+06
514 1.60558e+06
515 1.60565e+06
516 1.60565e+06
517 1.60577e+06
518 1.60582e+06
519 1.60586e+06
520 1.60588e+06
521 1.60595e+06
522 1.606e+06
523 1.60606e+06
524 1.60613e+06
525 1.6062e+06
526 1.60623e+06
527 1.60624e+06
528 1.60628e+06
529 1.60639e+06
530 1.60653e+06
531 1.60657e+06
532 1.60664e+06
533 1.60665e+06
534 1.60674e+06
535 1.60684e+06
536 1.60684e+06
537 1.60688e+06
538 1.60694e+06
539 1.60699e+06
540 1.60708e+06
541 1.60716e+06
542 1.60728e+06
543 1.60734e+06
544 1.6074e+06
545 1.60744e+06
546 1.60756e+06
547 1.60764e+06
548 1.60766e+06
549 1.60767e+06
550 1.6077e+06
551 1.60775e+06
552 1.60788e+06
553 1.60793e+06
554 1.60798e+06
555 1.60801e+06
556 1.6081e+06
557 1.60812e+06
558 1.60818e+06
559 1.60825e+06
560 1.6083e+06
561 1.60833e+06
562 1.60841e+06
563 1.60843e+06
564 1.60849e+06
565 1.6085e+06
566 1.60854e+06
567 1.6086e+06
568 1.60867e+06
569 1.60878e+06
570 1.60881e+06
571 1.6089e+06
572 1.60898e+06
573 1.60903e+06
574 1.60908e+06
575 1.60908e+06
576 1.60912e+06
577 1.60916e+06
578 1.60923e+06
579 1.60935e+06
580 1.60941e+06
581 1.60948e+06
582 1.6095e+06
583 1.60952e+06
584 1.60956e+06
585 1.60959e+06
586 1.60964e+06
587 1.60973e+06
588 1.60981e+06
589 1.60985e+06
590 1.60988e+06
591 1.6099e+06
592 1.60998e+06
593 1.61003e+06
594 1.61006e+06
595 1.61015e+06
596 1.61032e+06
597 1.61038e+06
598 1.61047e+06
599 1.61059e+06
600 1.61065e+06
601 1.61069e+06
602 1.61077e+06
603 1.61087e+06
604 1.61094e+06
605 1.61095e+06
606 1.61108e+06
607 1.61114e+06
608 1.61127e+06
609 1.61136e+06
610 1.61146e+06
611 1.61153e+06
612 1.61153e+06
613 1.61165e+06
614 1.6117e+06
615 1.61176e+06
616 1.61193e+06
617 1.61202e+06
618 1.61206e+06
619 1.61212e+06
620 1.61217e+06
621 1.61225e+06
622 1.61225e+06
623 1.61227e+06
624 1.61233e+06
625 1.6124e+06
626 1.61252e+06
627 1.61254e+06
628 1.6126e+06
629 1.61261e+06
630 1.61269e+06
631 1.61284e+06
632 1.61288e+06
633 1.61291e+06
634 1.61303e+06
635 1.61308e+06
636 1.61312e+06
637 1.61317e+06
638 1.61318e+06
639 1.61327e+06
640 1.61329e+06
641 1.61334e+06
642 1.61334e+06
643 1.61335e+06
644 1.61338e+06
645 1.61345e+06
646 1.61353e+06
647 1.61359e+06
648 1.61361e+06
649 1.61369e+06
650 1.61374e+06
651 1.61378e+06
652 1.61389e+06
653 1.61396e+06
654 1.61408e+06
655 1.6141e+06
656 1.6142e+06
657 1.6142e+06
658 1.61423e+06
659 1.61428e+06
660 1.61435e+06
661 1.61446e+06
662 1.6145e+06
663 1.61452e+06
664 1.61458e+06
665 1.61465e+06
666 1.61472e+06
667 1.61478e+06
668 1.61481e+06
669 1.61483e+06
670 1.61487e+06
671 1.615e+06
672 1.61503e+06
673 1.61504e+06
674 1.61505e+06
675 1.61514e+06
676 1.61515e+06
677 1.61527e+06
678 1.6153e+06
679 1.61534e+06
680 1.61535e+06
681 1.61538e+06
682 1.6155e+06
683 1.61554e+06
684 1.61562e+06
685 1.61564e+06
686 1.6157e+06
687 1.61577e+06
688 1.61578e+06
689 1.61584e+06
690 1.61587e+06
691 1.61596e+06
692 1.61604e+06
693 1.61606e+06
694 1.61613e+06
695 1.61616e+06
696 1.61616e+06
697 1.61618e+06
698 1.61632e+06
699 1.61641e+06
700 1.61644e+06
701 1.61645e+06
702 1.61645e+06
703 1.61657e+06
704 1.6166e+06
705 1.61665e+06
706 1.61671e+06
707 1.61691e+06
708 1.61703e+06
709 1.61712e+06
710 1.61724e+06
711 1.6174e+06
712 1.61741e+06
713 1.61747e+06
714 1.61749e+06
715 1.61761e+06
716 1.61763e+06
717 1.61768e+06
718 1.61778e+06
719 1.61783e+06
720 1.61786e+06
721 1.6179e+06
722 1.61799e+06
723 1.61804e+06
724 1.61812e+06
725 1.61816e+06
726 1.61821e+06
727 1.61827e+06
728 1.61834e+06
729 1.61843e+06
730 1.6185e+06
731 1.61852e+06
732 1.61856e+06
733 1.61862e+06
734 1.61866e+06
735 1.61882e+06
736 1.6189e+06
737 1.61898e+06
738 1.61907e+06
739 1.61907e+06
740 1.61909e+06
741 1.61917e+06
742 1.6192e+06
743 1.61924e+06
744 1.6194e+06
745 1.61941e+06
746 1.61942e+06
747 1.61948e+06
748 1.61951e+06
749 1.61956e+06
750 1.61962e+06
751 1.61975e+06
752 1.61979e+06
753 1.61986e+06
754 1.61998e+06
755 1.62006e+06
756 1.62018e+06
757 1.62022e+06
758 1.62038e+06
759 1.62047e+06
760 1.62053e+06
761 1.62061e+06
762 1.62072e+06
763 1.62072e+06
764 1.62075e+06
765 1.62083e+06
766 1.62088e+06
767 1.62098e+06
768 1.62103e+06
769 1.6211e+06
770 1.62112e+06
771 1.6212e+06
772 1.62122e+06
773 1.62124e+06
774 1.62124e+06
775 1.6213e+06
776 1.62133e+06
777 1.62136e+06
778 1.62137e+06
779 1.62142e+06
780 1.62149e+06
781 1.62156e+06
782 1.6216e+06
783 1.62177e+06
784 1.6218e+06
785 1.62187e+06
786 1.62189e+06
787 1.62196e+06
788 1.62206e+06
789 1.62209e+06
790 1.62219e+06
791 1.62219e+06
792 1.62223e+06
793 1.6223e+06
794 1.62234e+06
795 1.62242e+06
796 1.62245e+06
797 1.62249e+06
798 1.62256e+06
799 1.62258e+06
800 1.62262e+06
801 1.62272e+06
802 1.62276e+06
803 1.62278e+06
804 1.62284e+06
805 1.62288e+06
806 1.6229e+06
807 1.62294e+06
808 1.623e+06
809 1.62301e+06
810 1.62304e+06
811 1.6232e+06
812 1.62326e+06
813 1.62331e+06
814 1.62338e+06
815 1.62344e+06
816 1.62348e+06
817 1.62348e+06
818 1.6235e+06
819 1.62355e+06
820 1.62367e+06
821 1.62368e+06
822 1.62376e+06
823 1.62384e+06
824 1.62392e+06
825 1.62396e+06
826 1.62404e+06
827 1.62409e+06
828 1.62414e+06
829 1.6242e+06
830 1.62429e+06
831 1.62437e+06
832 1.62445e+06
833 1.62449e+06
834 1.62457e+06
835 1.62461e+06
836 1.62462e+06
837 1.62463e+06
838 1.62465e+06
839 1.62468e+06
840 1.62471e+06
841 1.62483e+06
842 1.62494e+06
843 1.62494e+06
844 1.62496e+06
845 1.62496e+06
846 1.62501e+06
847 1.62509e+06
848 1.62517e+06
849 1.6252e+06
850 1.6253e+06
851 1.62537e+06
852 1.62545e+06
853 1.62546e+06
854 1.62547e+06
855 1.6255e+06
856 1.62556e+06
857 1.62556e+06
858 1.6256e+06
859 1.6256e+06
860 1.62566e+06
861 1.62582e+06
862 1.6259e+06
863 1.62599e+06
864 1.62603e+06
865 1.62604e+06
866 1.62616e+06
867 1.62621e+06
868 1.62624e+06
869 1.62626e+06
870 1.62633e+06
871 1.62637e+06
872 1.62644e+06
873 1.62649e+06
874 1.62655e+06
875 1.62663e+06
876 1.62675e+06
877 1.62678e+06
878 1.62689e+06
879 1.627e+06
880 1.62703e+06
881 1.62705e+06
882 1.62713e+06
883 1.62717e+06
884 1.62718e+06
885 1.62719e+06
886 1.62719e+06
887 1.62723e+06
888 1.62731e+06
889 1.62734e+06
890 1.62736e+06
891 1.62738e+06
892 1.62745e+06
893 1.62747e+06
894 1.62752e+06
895 1.62762e+06
896 1.62762e+06
897 1.62764e+06
898 1.62774e+06
899 1.62783e+06
900 1.62791e+06
901 1.62798e+06
902 1.62807e+06
903 1.62814e+06
904 1.62816e+06
905 1.62819e+06
906 1.62823e+06
907 1.62824e+06
908 1.62829e+06
909 1.62831e+06
910 1.62837e+06
911 1.62842e+06
912 1.62851e+06
913 1.62851e+06
914 1.62851e+06
915 1.62855e+06
916 1.62855e+06
917 1.62863e+06
918 1.6287e+06
919 1.62881e+06
920 1.62888e+06
921 1.62895e+06
922 1.629e+06
923 1.62907e+06
924 1.62907e+06
925 1.62907e+06
926 1.62913e+06
927 1.62914e+06
928 1.62915e+06
929 1.62917e+06
930 1.62927e+06
931 1.62927e+06
932 1.62939e+06
933 1.62944e+06
934 1.62951e+06
935 1.62956e+06
936 1.6296e+06
937 1.62961e+06
938 1.62965e+06
939 1.6297e+06
940 1.62978e+06
941 1.62984e+06
942 1.62988e+06
943 1.62994e+06
944 1.62998e+06
945 1.62999e+06
946 1.63003e+06
947 1.63007e+06
948 1.63012e+06
949 1.63018e+06
950 1.63026e+06
951 1.63035e+06
952 1.63038e+06
953 1.6304e+06
954 1.63041e+06
955 1.63051e+06
956 1.63055e+06
957 1.63055e+06
958 1.63064e+06
959 1.63068e+06
960 1.63072e+06
961 1.63083e+06
962 1.63088e+06
963 1.63093e+06
964 1.63098e+06
965 1.63106e+06
966 1.63118e+06
967 1.63125e+06
968 1.6313e+06
969 1.63137e+06
970 1.63154e+06
971 1.63154e+06
972 1.63158e+06
973 1.63162e+06
974 1.63173e+06
975 1.63178e+06
976 1.63182e+06
977 1.63182e+06
978 1.63189e+06
979 1.63199e+06
980 1.63199e+06
981 1.63204e+06
982 1.63208e+06
983 1.63217e+06
984 1.63218e+06
985 1.63222e+06
986 1.63229e+06
987 1.63249e+06
988 1.63254e+06
989 1.63255e+06
990 1.63258e+06
991 1.63264e+06
992 1.63264e+06
993 1.63271e+06
994 1.63274e+06
995 1.6328e+06
996 1.6328e+06
997 1.63286e+06
998 1.63291e+06
999 1.63298e+06
1000 1.63305e+06
