128 0.3 0.499
0 156776
1 1.56782e+06
2 1.56788e+06
3 1.56789e+06
4 1.56805e+06
5 1.56808e+06
6 1.56818e+06
7 1.5683e+06
8 1.56836e+06
9 1.56843e+06
10 1.56854e+06
11 1.5686e+06
12 1.56866e+06
13 1.5688e+06
14 1.56899e+06
15 1.56913e+06
16 1.56915e+06
17 1.56924e+06
18 1.56945e+06
19 1.56962e+06
20 1.56975e+06
21 1.56983e+06
22 1.56989e+06
23 1.56999e+06
24 1.57e+06
25 1.57023e+06
26 1.57026e+06
27 1.57034e+06
28 1.57055e+06
29 1.57074e+06
30 1.57086e+06
31 1.57094e+06
32 1.57096e+06
33 1.57108e+06
34 1.57122e+06
35 1.57142e+06
36 1.57153e+06
37 1.57182e+06
38 1.57195e+06
39 1.57208e+06
40 1.57221e+06
41 1.57224e+06
42 1.57238e+06
43 1.57239e+06
44 1.5725e+06
45 1.57265e+06
46 1.57266e+06
47 1.57272e+06
48 1.57278e+06
49 1.57287e+06
50 1.57292e+06
51 1.57298e+06
52 1.57312e+06
53 1.57327e+06
54 1.57342e+06
55 1.57352e+06
56 1.57355e+06
57 1.5736e+06
58 1.57378e+06
59 1.57392e+06
60 1.57398e+06
61 1.57411e+06
62 1.57426e+06
63 1.57441e+06
64 1.57451e+06
65 1.57454e+06
66 1.57458e+06
67 1.57464e+06
68 1.57474e+06
69 1.57488e+06
70 1.57493e+06
71 1.57501e+06
72 1.57508e+06
73 1.57512e+06
74 1.57525e+06
75 1.57535e+06
76 1.57545e+06
77 1.57555e+06
78 1.57569e+06
79 1.57578e+06
80 1.5759e+06
81 1.576e+06
82 1.57604e+06
83 1.57609e+06
84 1.57624e+06
85 1.57636e+06
86 1.57644e+06
87 1.57656e+06
88 1.57668e+06
89 1.57675e+06
90 1.57688e+06
91 1.57696e+06
92 1.57704e+06
93 1.57715e+06
94 1.57716e+06
95 1.57727e+06
96 1.57735e+06
97 1.57753e+06
98 1.57765e+06
99 1.57768e+06
100 1.57768e+06
101 1.57773e+06
102 1.57784e+06
103 1.57796e+06
104 1.57799e+06
105 1.57806e+06
106 1.57818e+06
107 1.57827e+06
108 1.57835e+06
109 1.57842e+06
110 1.5785e+06
111 1.57858e+06
112 1.57859e+06
113 1.57872e+06
114 1.57879e+06
115 1.57887e+06
116 1.57895e+06
117 1.57907e+06
118 1.57912e+06
119 1.5792e+06
120 1.5793e+06
121 1.57935e+06
122 1.5794e+06
123 1.57949e+06
124 1.57954e+06
125 1.57958e+06
126 1.57964e+06
127 1.57964e+06
128 1.57976e+06
129 1.57983e+06
130 1.57993e+06
131 1.58004e+06
132 1.58019e+06
133 1.58026e+06
134 1.58033e+06
135 1.58034e+06
136 1.5804e+06
137 1.58052e+06
138 1.58059e+06
139 1.58062e+06
140 1.58069e+06
141 1.58084e+06
142 1.58086e+06
143 1.58099e+06
144 1.58103e+06
145 1.58108e+06
146 1.58117e+06
147 1.58131e+06
148 1.58133e+06
149 1.58144e+06
150 1.58145e+06
151 1.58152e+06
152 1.58165e+06
153 1.58168e+06
154 1.58178e+06
155 1.58185e+06
156 1.58197e+06
157 1.58207e+06
158 1.58218e+06
159 1.58231e+06
160 1.58246e+06
161 1.58254e+06
162 1.58266e+06
163 1.5827e+06
164 1.58284e+06
165 1.58296e+06
166 1.58299e+06
167 1.5831e+06
168 1.58317e+06
169 1.58329e+06
170 1.58344e+06
171 1.58348e+06
172 1.58353e+06
173 1.58357e+06
174 1.58363e+06
175 1.58369e+06
176 1.58376e+06
177 1.58384e+06
178 1.58387e+06
179 1.58393e+06
180 1.58397e+06
181 1.5841e+06
182 1.5842e+06
183 1.58424e+06
184 1.58428e+06
185 1.58433e+06
186 1.5844e+06
187 1.58441e+06
188 1.58451e+06
189 1.58457e+06
190 1.58461e+06
191 1.58465e+06
192 1.58474e+06
193 1.58485e+06
194 1.58492e+06
195 1.58501e+06
196 1.58511e+06
197 1.5852e+06
198 1.58526e+06
199 1.58531e+06
200 1.58539e+06
201 1.58548e+06
202 1.58551e+06
203 1.58559e+06
204 1.58564e+06
205 1.58571e+06
206 1.58578e+06
207 1.58583e+06
208 1.58586e+06
209 1.58597e+06
210 1.58602e+06
211 1.58609e+06
212 1.58613e+06
213 1.58628e+06
214 1.58647e+06
215 1.58649e+06
216 1.58659e+06
217 1.58661e+06
218 1.58664e+06
219 1.58667e+06
220 1.58671e+06
221 1.58684e+06
222 1.58698e+06
223 1.58702e+06
224 1.58708e+06
225 1.58718e+06
226 1.58723e+06
227 1.58734e+06
228 1.58744e+06
229 1.58751e+06
230 1.58768e+06
231 1.58777e+06
232 1.58793e+06
233 1.58801e+06
234 1.58816e+06
235 1.58823e+06
236 1.58841e+06
237 1.58852e+06
238 1.58861e+06
239 1.58869e+06
240 1.58883e+06
241 1.58898e+06
242 1.58908e+06
243 1.58911e+06
244 1.58922e+06
245 1.58929e+06
246 1.58939e+06
247 1.58945e+06
248 1.58948e+06
249 1.5896e+06
250 1.58969e+06
251 1.58983e+06
252 1.58984e+06
253 1.58991e+06
254 1.58999e+06
255 1.59005e+06
256 1.59011e+06
257 1.59013e+06
258 1.59023e+06
259 1.59023e+06
260 1.59035e+06
261 1.59047e+06
262 1.59065e+06
263 1.59074e+06
264 1.59082e+06
265 1.59084e+06
266 1.59088e+06
267 1.59096e+06
268 1.59104e+06
269 1.59111e+06
270 1.59114e+06
271 1.59124e+06
272 1.59132e+06
273 1.59138e+06
274 1.59143e+06
275 1.59145e+06
276 1.59149e+06
277 1.5915e+06
278 1.59156e+06
279 1.59163e+06
280 1.59167e+06
281 1.59175e+06
282 1.59179e+06
283 1.59189e+06
284 1.592e+06
285 1.59203e+06
286 1.59211e+06
287 1.59223e+06
288 1.5923e+06
289 1.59231e+06
290 1.59233e+06
291 1.59243e+06
292 1.59248e+06
293 1.59252e+06
294 1.59254e+06
295 1.59266e+06
296 1.59281e+06
297 1.59288e+06
298 1.59292e+06
299 1.59302e+06
300 1.59306e+06
301 1.59313e+06
302 1.59324e+06
303 1.5933e+06
304 1.59333e+06
305 1.59336e+06
306 1.59339e+06
307 1.59348e+06
308 1.59355e+06
309 1.59365e+06
310 1.59375e+06
311 1.5938e+06
312 1.59387e+06
313 1.59397e+06
314 1.59406e+06
315 1.59413e+06
316 1.59426e+06
317 1.5944e+06
318 1.59442e+06
319 1.59455e+06
320 1.59466e+06
321 1.59478e+06
322 1.59482e+06
323 1.59485e+06
324 1.59491e+06
325 1.59497e+06
326 1.59501e+06
327 1.59509e+06
328 1.59519e+06
329 1.59524e+06
330 1.59533e+06
331 1.59542e+06
332 1.59547e+06
333 1.59551e+06
334 1.59564e+06
335 1.59577e+06
336 1.59583e+06
337 1.59584e+06
338 1.59589e+06
339 1.59594e+06
340 1.59596e+06
341 1.59598e+06
342 1.59602e+06
343 1.59618e+06
344 1.59622e+06
345 1.59627e+06
346 1.59638e+06
347 1.59644e+06
348 1.59646e+06
349 1.59646e+06
350 1.59649e+06
351 1.59651e+06
352 1.59656e+06
353 1.59662e+06
354 1.59665e+06
355 1.59673e+06
356 1.59678e+06
357 1.59679e+06
358 1.59688e+06
359 1.59693e+06
360 1.59704e+06
361 1.59713e+06
362 1.59724e+06
363 1.59726e+06
364 1.59732e+06
365 1.5974e+06
366 1.59744e+06
367 1.59755e+06
368 1.59758e+06
369 1.59768e+06
370 1.59775e+06
371 1.59781e+06
372 1.59789e+06
373 1.59792e+06
374 1.59802e+06
375 1.59806e+06
376 1.59806e+06
377 1.5982e+06
378 1.5983e+06
379 1.59842e+06
380 1.59849e+06
381 1.59853e+06
382 1.5986e+06
383 1.59868e+06
384 1.59872e+06
385 1.59874e+06
386 1.59879e+06
387 1.59892e+06
388 1.59895e+06
389 1.59905e+06
390 1.59909e+06
391 1.59918e+06
392 1.59922e+06
393 1.5993e+06
394 1.59936e+06
395 1.59944e+06
396 1.59952e+06
397 1.59961e+06
398 1.59966e+06
399 1.59969e+06
400 1.59976e+06
401 1.59986e+06
402 1.59991e+06
403 1.59996e+06
404 1.60004e+06
405 1.60011e+06
406 1.60012e+06
407 1.6002e+06
408 1.60027e+06
409 1.60029e+06
410 1.60035e+06
411 1.60041e+06
412 1.60048e+06
413 1.60049e+06
414 1.60052e+06
415 1.60063e+06
416 1.60072e+06
417 1.60072e+06
418 1.60085e+06
419 1.60096e+06
420 1.60101e+06
421 1.60105e+06
422 1.60114e+06
423 1.6012e+06
424 1.60124e+06
425 1.60125e+06
426 1.60139e+06
427 1.60142e+06
428 1.60145e+06
429 1.6016e+06
430 1.60166e+06
431 1.6017e+06
432 1.60174e+06
433 1.60178e+06
434 1.60189e+06
435 1.60197e+06
436 1.60202e+06
437 1.60204e+06
438 1.60216e+06
439 1.60216e+06
440 1.60227e+06
441 1.60231e+06
442 1.60238e+06
443 1.60243e+06
444 1.6025e+06
445 1.60265e+06
446 1.60269e+06
447 1.60272e+06
448 1.60275e+06
449 1.60284e+06
450 1.60294e+06
451 1.60294e+06
452 1.60301e+06
453 1.60309e+06
454 1.60311e+06
455 1.6032e+06
456 1.60324e+06
457 1.60329e+06
458 1.60334e+06
459 1.60338e+06
460 1.60346e+06
461 1.6035e+06
462 1.60358e+06
463 1.60359e+06
464 1.60359e+06
465 1.60366e+06
466 1.60378e+06
467 1.60386e+06
468 1.6039e+06
469 1.60398e+06
470 1.60406e+06
471 1.60409e+06
472 1.60421e+06
473 1.60427e+06
474 1.60428e+06
475 1.60431e+06
476 1.60442e+06
477 1.60442e+06
478 1.60444e+06
479 1.6045e+06
480 1.60453e+06
481 1.60463e+06
482 1.60471e+06
483 1.6048e+06
484 1.60482e+06
485 1.60483e+06
486 1.60486e+06
487 1.60493e+06
488 1.60498e+06
489 1.605e+06
490 1.60503e+06
491 1.60512e+06
492 1.60514e+06
493 1.60515e+06
494 1.60521e+06
495 1.60522e+06
496 1.60526e+06
497 1.60536e+06
498 1.6056e+06
499 1.6056e+06
500 1.60569e+06
501 1.60585e+06
502 1.60597e+06
503 1.60602e+06
504 1.60606e+06
505 1.60607e+06
506 1.60619e+06
507 1.60626e+06
508 1.60635e+06
509 1.60646e+06
510 1.6065e+06
511 1.60656e+06
512 1.60658e+06
513 1.60661e+06
514 1.60668e+06
515 1.60671e+06
516 1.60678e+06
517 1.60683e+06
518 1.60684e+06
519 1.60693e+06
520 1.60695e+06
521 1.60703e+06
522 1.60707e+06
523 1.60713e+06
524 1.6072e+06
525 1.60729e+06
526 1.60732e+06
527 1.60738e+06
528 1.60742e+06
529 1.60751e+06
530 1.60754e+06
531 1.60762e+06
532 1.60768e+06
533 1.60779e+06
534 1.60785e+06
535 1.60792e+06
536 1.60798e+06
537 1.60805e+06
538 1.60813e+06
539 1.60815e+06
540 1.6082e+06
541 1.60824e+06
542 1.60824e+06
543 1.60825e+06
544 1.60828e+06
545 1.60833e+06
546 1.60838e+06
547 1.60847e+06
548 1.60851e+06
549 1.60855e+06
550 1.60855e+06
551 1.60862e+06
552 1.60867e+06
553 1.6088e+06
554 1.60887e+06
555 1.6089e+06
556 1.60896e+06
557 1.60902e+06
558 1.60908e+06
559 1.60916e+06
560 1.60923e+06
561 1.60924e+06
562 1.60934e+06
563 1.60942e+06
564 1.60952e+06
565 1.60955e+06
566 1.60958e+06
567 1.60968e+06
568 1.60984e+06
569 1.60989e+06
570 1.60993e+06
571 1.61002e+06
572 1.61006e+06
573 1.61006e+06
574 1.6101e+06
575 1.61017e+06
576 1.61022e+06
577 1.6104e+06
578 1.6104e+06
579 1.61044e+06
580 1.61046e+06
581 1.61049e+06
582 1.61054e+06
583 1.61054e+06
584 1.6106e+06
585 1.61061e+06
586 1.61077e+06
587 1.61078e+06
588 1.61079e+06
589 1.6108e+06
590 1.61081e+06
591 1.61091e+06
592 1.61091e+06
593 1.61099e+06
594 1.61101e+06
595 1.61109e+06
596 1.61111e+06
597 1.61117e+06
598 1.61121e+06
599 1.61129e+06
600 1.6114e+06
601 1.61144e+06
602 1.61148e+06
603 1.61149e+06
604 1.61151e+06
605 1.61156e+06
606 1.61164e+06
607 1.6117e+06
608 1.61178e+06
609 1.6118e+06
610 1.6118e+06
611 1.6118e+06
612 1.61187e+06
613 1.61192e+06
614 1.61194e+06
615 1.61197e+06
616 1.61205e+06
617 1.6121e+06
618 1.61216e+06
619 1.61219e+06
620 1.61222e+06
621 1.61229e+06
622 1.61237e+06
623 1.61241e+06
624 1.61243e+06
625 1.61252e+06
626 1.61263e+06
627 1.61264e+06
628 1.61274e+06
629 1.61277e+06
630 1.61284e+06
631 1.6129e+06
632 1.61304e+06
633 1.6131e+06
634 1.61325e+06
635 1.61327e+06
636 1.61328e+06
637 1.6133e+06
638 1.61331e+06
639 1.61339e+06
640 1.61349e+06
641 1.61351e+06
642 1.61352e+06
643 1.61358e+06
644 1.6136e+06
645 1.61364e+06
646 1.61374e+06
647 1.61383e+06
648 1.61396e+06
649 1.61396e+06
650 1.61403e+06
651 1.61406e+06
652 1.6141e+06
653 1.61412e+06
654 1.61416e+06
655 1.61422e+06
656 1.61424e+06
657 1.61433e+06
658 1.61435e+06
659 1.61447e+06
660 1.61449e+06
661 1.61454e+06
662 1.6146e+06
663 1.61468e+06
664 1.61469e+06
665 1.61474e+06
666 1.61482e+06
667 1.61491e+06
668 1.61493e+06
669 1.61497e+06
670 1.6151e+06
671 1.6151e+06
672 1.61514e+06
673 1.61519e+06
674 1.61526e+06
675 1.61538e+06
676 1.61544e+06
677 1.61555e+06
678 1.61561e+06
679 1.61562e+06
680 1.61566e+06
681 1.61572e+06
682 1.61575e+06
683 1.61575e+06
684 1.61577e+06
685 1.61578e+06
686 1.61579e+06
687 1.61584e+06
688 1.61586e+06
689 1.61594e+06
690 1.61598e+06
691 1.61601e+06
692 1.61601e+06
693 1.61604e+06
694 1.61614e+06
695 1.61633e+06
696 1.61638e+06
697 1.6164e+06
698 1.61644e+06
699 1.61652e+06
700 1.61657e+06
701 1.61664e+06
702 1.61667e+06
703 1.61676e+06
704 1.61678e+06
705 1.61685e+06
706 1.6169e+06
707 1.617e+06
708 1.61703e+06
709 1.61703e+06
710 1.61708e+06
711 1.61712e+06
712 1.61716e+06
713 1.61718e+06
714 1.6172e+06
715 1.61729e+06
716 1.61733e+06
717 1.61742e+06
718 1.61742e+06
719 1.6175e+06
720 1.6175e+06
721 1.61759e+06
722 1.61771e+06
723 1.61779e+06
724 1.61784e+06
725 1.6179e+06
726 1.61793e+06
727 1.61804e+06
728 1.61804e+06
729 1.61819e+06
730 1.61833e+06
731 1.61843e+06
732 1.61846e+06
733 1.61855e+06
734 1.61855e+06
735 1.61855e+06
736 1.61864e+06
737 1.61866e+06
738 1.61874e+06
739 1.61874e+06
740 1.61879e+06
741 1.61881e+06
742 1.61881e+06
743 1.61891e+06
744 1.619e+06
745 1.61902e+06
746 1.61904e+06
747 1.61907e+06
748 1.61909e+06
749 1.6191e+06
750 1.61915e+06
751 1.61915e+06
752 1.61923e+06
753 1.61927e+06
754 1.61928e+06
755 1.61934e+06
756 1.61939e+06
757 1.6195e+06
758 1.61953e+06
759 1.61956e+06
760 1.6196e+06
761 1.61961e+06
762 1.61968e+06
763 1.61969e+06
764 1.61973e+06
765 1.61977e+06
766 1.61993e+06
767 1.61997e+06
768 1.62e+06
769 1.62001e+06
770 1.62009e+06
771 1.6201e+06
772 1.62014e+06
773 1.6202e+06
774 1.6202e+06
775 1.6202e+06
776 1.62024e+06
777 1.62033e+06
778 1.62042e+06
779 1.62045e+06
780 1.62049e+06
781 1.62061e+06
782 1.62062e+06
783 1.62066e+06
784 1.6207e+06
785 1.62075e+06
786 1.62083e+06
787 1.62084e+06
788 1.62086e+06
789 1.62089e+06
790 1.62092e+06
791 1.62098e+06
792 1.62098e+06
793 1.621e+06
794 1.62101e+06
795 1.62104e+06
796 1.62112e+06
797 1.62116e+06
798 1.62122e+06
799 1.6213e+06
800 1.62134e+06
801 1.62143e+06
802 1.62152e+06
803 1.62158e+06
804 1.62162e+06
805 1.62168e+06
806 1.62176e+06
807 1.62181e+06
808 1.62188e+06
809 1.62193e+06
810 1.62203e+06
811 1.62206e+06
812 1.62208e+06
813 1.62208e+06
814 1.62217e+06
815 1.62221e+06
816 1.62221e+06
817 1.62225e+06
818 1.6223e+06
819 1.6223e+06
820 1.62242e+06
821 1.62246e+06
822 1.6226e+06
823 1.62264e+06
824 1.62269e+06
825 1.62273e+06
826 1.62274e+06
827 1.62296e+06
828 1.62296e+06
829 1.623e+06
830 1.62302e+06
831 1.6231e+06
832 1.62317e+06
833 1.62324e+06
834 1.62326e+06
835 1.62333e+06
836 1.62334e+06
837 1.62341e+06
838 1.62353e+06
839 1.62365e+06
840 1.62369e+06
841 1.62369e+06
842 1.62376e+06
843 1.62377e+06
844 1.62383e+06
845 1.62386e+06
846 1.62397e+06
847 1.62397e+06
848 1.62402e+06
849 1.62407e+06
850 1.62411e+06
851 1.62412e+06
852 1.62415e+06
853 1.62417e+06
854 1.62417e+06
855 1.62427e+06
856 1.62439e+06
857 1.62443e+06
858 1.6245e+06
859 1.62451e+06
860 1.62461e+06
861 1.6247e+06
862 1.62483e+06
863 1.62487e+06
864 1.62498e+06
865 1.62504e+06
866 1.62515e+06
867 1.62517e+06
868 1.62523e+06
869 1.62527e+06
870 1.6253e+06
871 1.62534e+06
872 1.62544e+06
873 1.62556e+06
874 1.62562e+06
875 1.62566e+06
876 1.62567e+06
877 1.62576e+06
878 1.62577e+06
879 1.62589e+06
880 1.626e+06
881 1.6261e+06
882 1.62618e+06
883 1.62634e+06
884 1.62636e+06
885 1.62643e+06
886 1.62646e+06
887 1.6265e+06
888 1.62656e+06
889 1.62661e+06
890 1.62667e+06
891 1.62679e+06
892 1.62685e+06
893 1.62687e+06
894 1.6269e+06
895 1.62689e+06
896 1.627e+06
897 1.627e+06
898 1.62707e+06
899 1.62714e+06
900 1.62721e+06
901 1.62721e+06
902 1.62724e+06
903 1.62731e+06
904 1.62738e+06
905 1.62746e+06
906 1.62754e+06
907 1.62766e+06
908 1.62772e+06
909 1.62776e+06
910 1.62778e+06
911 1.62786e+06
912 1.62788e+06
913 1.62797e+06
914 1.62799e+06
915 1.62804e+06
916 1.6281e+06
917 1.62814e+06
918 1.6283e+06
919 1.62832e+06
920 1.62833e+06
921 1.62836e+06
922 1.62842e+06
923 1.62846e+06
924 1.62856e+06
925 1.62868e+06
926 1.6287e+06
927 1.62873e+06
928 1.6288e+06
929 1.62884e+06
930 1.62886e+06
931 1.62896e+06
932 1.62902e+06
933 1.62902e+06
934 1.62908e+06
935 1.62914e+06
936 1.6292e+06
937 1.62923e+06
938 1.62937e+06
939 1.6294e+06
940 1.62948e+06
941 1.62958e+06
942 1.62968e+06
943 1.62979e+06
944 1.62986e+06
945 1.62988e+06
946 1.62989e+06
947 1.62992e+06
948 1.62999e+06
949 1.62999e+06
950 1.62999e+06
951 1.63003e+06
952 1.6301e+06
953 1.63014e+06
954 1.63016e+06
955 1.63016e+06
956 1.63024e+06
957 1.63032e+06
958 1.63038e+06
959 1.63044e+06
960 1.63048e+06
961 1.63054e+06
962 1.63055e+06
963 1.63061e+06
964 1.63066e+06
965 1.6307e+06
966 1.63081e+06
967 1.63085e+06
968 1.63086e+06
969 1.63092e+06
970 1.63093e+06
971 1.63093e+06
972 1.63097e+06
973 1.63106e+06
974 1.63111e+06
975 1.63113e+06
976 1.63117e+06
977 1.63117e+06
978 1.63127e+06
979 1.63129e+06
980 1.63134e+06
981 1.63139e+06
982 1.6314e+06
983 1.6314e+06
984 1.63146e+06
985 1.63158e+06
986 1.63164e+06
987 1.63164e+06
988 1.63176e+06
989 1.63182e+06
990 1.63186e+06
991 1.6319e+06
992 1.63195e+06
993 1.63204e+06
994 1.63205e+06
995 1.63206e+06
996 1.63206e+06
997 1.63209e+06
998 1.63222e+06
999 1.63225e+06
1000 1.63228e+06
