128 0.3 0.333
0 156776
1 1.56784e+06
2 1.56788e+06
3 1.56792e+06
4 1.56811e+06
5 1.56819e+06
6 1.56826e+06
7 1.56835e+06
8 1.56841e+06
9 1.56858e+06
10 1.56862e+06
11 1.56872e+06
12 1.56879e+06
13 1.56882e+06
14 1.56888e+06
15 1.56892e+06
16 1.56902e+06
17 1.56917e+06
18 1.56926e+06
19 1.5693e+06
20 1.56934e+06
21 1.56941e+06
22 1.56948e+06
23 1.56966e+06
24 1.56986e+06
25 1.56992e+06
26 1.57002e+06
27 1.57011e+06
28 1.57014e+06
29 1.57015e+06
30 1.57016e+06
31 1.57024e+06
32 1.57029e+06
33 1.57042e+06
34 1.57046e+06
35 1.5705e+06
36 1.57061e+06
37 1.57068e+06
38 1.57073e+06
39 1.57085e+06
40 1.57085e+06
41 1.5709e+06
42 1.57093e+06
43 1.57116e+06
44 1.57125e+06
45 1.57138e+06
46 1.57148e+06
47 1.57149e+06
48 1.57165e+06
49 1.57172e+06
50 1.57177e+06
51 1.57191e+06
52 1.57202e+06
53 1.57208e+06
54 1.57207e+06
55 1.57218e+06
56 1.57229e+06
57 1.57239e+06
58 1.57243e+06
59 1.57258e+06
60 1.57259e+06
61 1.57267e+06
62 1.57277e+06
63 1.57285e+06
64 1.57293e+06
65 1.57302e+06
66 1.57306e+06
67 1.57308e+06
68 1.57315e+06
69 1.57323e+06
70 1.5734e+06
71 1.57342e+06
72 1.57342e+06
73 1.57357e+06
74 1.57362e+06
75 1.57365e+06
76 1.57372e+06
77 1.5738e+06
78 1.57385e+06
79 1.5739e+06
80 1.57392e+06
81 1.574e+06
82 1.57405e+06
83 1.57409e+06
84 1.57418e+06
85 1.5743e+06
86 1.57445e+06
87 1.5745e+06
88 1.57452e+06
89 1.57456e+06
90 1.57462e+06
91 1.57471e+06
92 1.57479e+06
93 1.5749e+06
94 1.57499e+06
95 1.57506e+06
96 1.57511e+06
97 1.57524e+06
98 1.57528e+06
99 1.57532e+06
100 1.57542e+06
101 1.57546e+06
102 1.57553e+06
103 1.57566e+06
104 1.57581e+06
105 1.57585e+06
106 1.57598e+06
107 1.57604e+06
108 1.57617e+06
109 1.57629e+06
110 1.57647e+06
111 1.57654e+06
112 1.57657e+06
113 1.57666e+06
114 1.57672e+06
115 1.5768e+06
116 1.57695e+06
117 1.577e+06
118 1.57709e+06
119 1.57716e+06
120 1.57723e+06
121 1.57727e+06
122 1.5773e+06
123 1.57737e+06
124 1.5775e+06
125 1.57758e+06
126 1.5777e+06
127 1.57783e+06
128 1.57793e+06
129 1.57805e+06
130 1.5781e+06
131 1.57822e+06
132 1.57828e+06
133 1.57848e+06
134 1.57865e+06
135 1.57869e+06
136 1.5788e+06
137 1.57884e+06
138 1.57884e+06
139 1.57894e+06
140 1.57896e+06
141 1.57913e+06
142 1.5792e+06
143 1.57925e+06
144 1.57936e+06
145 1.57948e+06
146 1.57953e+06
147 1.57957e+06
148 1.57964e+06
149 1.57965e+06
150 1.5797e+06
151 1.5798e+06
152 1.57997e+06
153 1.58002e+06
154 1.58004e+06
155 1.58015e+06
156 1.58037e+06
157 1.58042e+06
158 1.58055e+06
159 1.58074e+06
160 1.58093e+06
161 1.58096e+06
162 1.581e+06
163 1.5811e+06
164 1.58113e+06
165 1.5812e+06
166 1.58138e+06
167 1.5814e+06
168 1.58141e+06
169 1.5815e+06
170 1.5816e+06
171 1.58165e+06
172 1.5817e+06
173 1.5818e+06
174 1.58186e+06
175 1.58188e+06
176 1.58189e+06
177 1.58197e+06
178 1.58206e+06
179 1.58213e+06
180 1.5822e+06
181 1.5824e+06
182 1.58245e+06
183 1.58254e+06
184 1.58254e+06
185 1.58259e+06
186 1.58259e+06
187 1.58267e+06
188 1.5827e+06
189 1.58278e+06
190 1.58283e+06
191 1.58308e+06
192 1.58323e+06
193 1.58324e+06
194 1.58338e+06
195 1.58346e+06
196 1.5835e+06
197 1.58363e+06
198 1.58366e+06
199 1.58377e+06
200 1.58382e+06
201 1.58393e+06
202 1.5841e+06
203 1.58426e+06
204 1.58432e+06
205 1.58436e+06
206 1.58445e+06
207 1.58454e+06
208 1.58461e+06
209 1.58479e+06
210 1.5849e+06
211 1.58506e+06
212 1.58508e+06
213 1.58512e+06
214 1.58517e+06
215 1.58527e+06
216 1.58533e+06
217 1.58539e+06
218 1.58541e+06
219 1.58547e+06
220 1.58553e+06
221 1.58557e+06
222 1.5856e+06
223 1.58566e+06
224 1.58577e+06
225 1.58593e+06
226 1.58603e+06
227 1.58604e+06
228 1.58608e+06
229 1.58608e+06
230 1.58622e+06
231 1.58622e+06
232 1.58643e+06
233 1.58649e+06
234 1.58661e+06
235 1.58668e+06
236 1.58672e+06
237 1.58679e+06
238 1.58687e+06
239 1.58692e+06
240 1.58696e+06
241 1.58705e+06
242 1.58712e+06
243 1.58718e+06
244 1.58727e+06
245 1.58735e+06
246 1.58735e+06
247 1.58748e+06
248 1.58755e+06
249 1.58756e+06
250 1.58767e+06
251 1.58773e+06
252 1.58785e+06
253 1.58786e+06
254 1.58792e+06
255 1.58808e+06
256 1.58816e+06
257 1.58826e+06
258 1.58836e+06
259 1.58841e+06
260 1.58841e+06
261 1.58844e+06
262 1.58846e+06
263 1.58859e+06
264 1.58869e+06
265 1.58878e+06
266 1.58885e+06
267 1.58901e+06
268 1.5891e+06
269 1.58929e+06
270 1.58939e+06
271 1.5895e+06
272 1.58957e+06
273 1.58964e+06
274 1.58965e+06
275 1.58984e+06
276 1.58993e+06
277 1.58998e+06
278 1.59003e+06
279 1.59009e+06
280 1.59019e+06
281 1.59023e+06
282 1.59031e+06
283 1.59033e+06
284 1.59037e+06
285 1.59047e+06
286 1.59054e+06
287 1.59057e+06
288 1.59064e+06
289 1.59066e+06
290 1.59071e+06
291 1.5908e+06
292 1.59083e+06
293 1.59088e+06
294 1.59092e+06
295 1.59102e+06
296 1.59114e+06
297 1.59119e+06
298 1.59128e+06
299 1.59137e+06
300 1.59155e+06
301 1.59168e+06
302 1.59172e+06
303 1.59178e+06
304 1.59182e+06
305 1.59206e+06
306 1.59212e+06
307 1.59228e+06
308 1.59238e+06
309 1.59242e+06
310 1.5925e+06
311 1.5925e+06
312 1.59261e+06
313 1.59263e+06
314 1.59273e+06
315 1.59276e+06
316 1.59286e+06
317 1.59299e+06
318 1.59303e+06
319 1.59316e+06
320 1.59319e+06
321 1.59329e+06
322 1.59335e+06
323 1.5934e+06
324 1.59345e+06
325 1.5935e+06
326 1.59354e+06
327 1.59365e+06
328 1.59376e+06
329 1.59382e+06
330 1.59384e+06
331 1.5939e+06
332 1.59395e+06
333 1.59402e+06
334 1.59412e+06
335 1.59418e+06
336 1.59426e+06
337 1.59434e+06
338 1.59452e+06
339 1.59454e+06
340 1.59459e+06
341 1.59465e+06
342 1.59473e+06
343 1.59473e+06
344 1.59478e+06
345 1.59488e+06
346 1.5949e+06
347 1.59495e+06
348 1.59506e+06
349 1.59518e+06
350 1.59533e+06
351 1.59538e+06
352 1.59544e+06
353 1.59563e+06
354 1.59571e+06
355 1.59575e+06
356 1.59592e+06
357 1.59599e+06
358 1.59599e+06
359 1.5961e+06
360 1.59623e+06
361 1.59629e+06
362 1.59632e+06
363 1.59631e+06
364 1.59634e+06
365 1.59641e+06
366 1.59654e+06
367 1.5966e+06
368 1.59673e+06
369 1.59681e+06
370 1.59689e+06
371 1.59707e+06
372 1.59713e+06
373 1.59718e+06
374 1.59726e+06
375 1.59738e+06
376 1.59741e+06
377 1.5976e+06
378 1.59765e+06
379 1.59772e+06
380 1.5978e+06
381 1.59787e+06
382 1.5979e+06
383 1.59792e+06
384 1.59799e+06
385 1.59807e+06
386 1.59812e+06
387 1.59822e+06
388 1.59829e+06
389 1.5983e+06
390 1.59836e+06
391 1.59845e+06
392 1.59848e+06
393 1.59867e+06
394 1.59872e+06
395 1.59875e+06
396 1.59885e+06
397 1.59888e+06
398 1.59892e+06
399 1.59899e+06
400 1.59905e+06
401 1.5991e+06
402 1.59926e+06
403 1.59933e+06
404 1.59941e+06
405 1.59944e+06
406 1.59948e+06
407 1.59962e+06
408 1.59974e+06
409 1.59988e+06
410 1.59995e+06
411 1.59998e+06
412 1.60007e+06
413 1.60016e+06
414 1.60018e+06
415 1.60029e+06
416 1.60038e+06
417 1.60043e+06
418 1.60057e+06
419 1.6006e+06
420 1.60065e+06
421 1.60067e+06
422 1.60075e+06
423 1.6008e+06
424 1.60088e+06
425 1.60095e+06
426 1.60098e+06
427 1.60104e+06
428 1.60109e+06
429 1.60115e+06
430 1.60123e+06
431 1.60128e+06
432 1.6013e+06
433 1.60133e+06
434 1.60135e+06
435 1.60139e+06
436 1.60139e+06
437 1.60147e+06
438 1.60154e+06
439 1.60156e+06
440 1.60164e+06
441 1.60172e+06
442 1.60176e+06
443 1.60188e+06
444 1.60199e+06
445 1.60207e+06
446 1.60216e+06
447 1.60224e+06
448 1.60233e+06
449 1.60241e+06
450 1.60247e+06
451 1.60255e+06
452 1.60258e+06
453 1.60265e+06
454 1.60269e+06
455 1.60273e+06
456 1.60278e+06
457 1.60286e+06
458 1.6029e+06
459 1.60294e+06
460 1.60296e+06
461 1.60297e+06
462 1.60302e+06
463 1.60308e+06
464 1.60318e+06
465 1.60323e+06
466 1.60325e+06
467 1.60328e+06
468 1.60331e+06
469 1.60343e+06
470 1.60343e+06
471 1.60362e+06
472 1.60366e+06
473 1.60377e+06
474 1.60388e+06
475 1.60391e+06
476 1.60405e+06
477 1.60405e+06
478 1.60411e+06
479 1.60421e+06
480 1.60435e+06
481 1.60441e+06
482 1.60449e+06
483 1.60464e+06
484 1.60474e+06
485 1.60479e+06
486 1.60486e+06
487 1.60504e+06
488 1.60508e+06
489 1.60514e+06
490 1.60516e+06
491 1.60519e+06
492 1.60532e+06
493 1.60539e+06
494 1.60551e+06
495 1.60553e+06
496 1.60555e+06
497 1.60561e+06
498 1.60563e+06
499 1.60571e+06
500 1.60579e+06
501 1.60583e+06
502 1.60594e+06
503 1.60602e+06
504 1.6061e+06
505 1.60619e+06
506 1.60625e+06
507 1.60634e+06
508 1.6064e+06
509 1.60641e+06
510 1.60647e+06
511 1.60654e+06
512 1.6066e+06
513 1.60666e+06
514 1.60669e+06
515 1.60676e+06
516 1.60684e+06
517 1.60687e+06
518 1.60691e+06
519 1.60695e+06
520 1.60697e+06
521 1.60706e+06
522 1.60708e+06
523 1.60711e+06
524 1.60724e+06
525 1.60731e+06
526 1.60739e+06
527 1.60743e+06
528 1.60752e+06
529 1.60764e+06
530 1.60769e+06
531 1.60777e+06
532 1.60784e+06
533 1.60787e+06
534 1.6079e+06
535 1.60794e+06
536 1.60796e+06
537 1.60798e+06
538 1.60805e+06
539 1.60805e+06
540 1.60808e+06
541 1.60819e+06
542 1.60819e+06
543 1.60835e+06
544 1.60844e+06
545 1.60848e+06
546 1.6085e+06
547 1.60854e+06
548 1.60857e+06
549 1.60871e+06
550 1.60875e+06
551 1.60881e+06
552 1.60887e+06
553 1.60887e+06
554 1.60894e+06
555 1.60898e+06
556 1.60906e+06
557 1.60917e+06
558 1.6092e+06
559 1.60933e+06
560 1.6094e+06
561 1.60948e+06
562 1.6095e+06
563 1.6095e+06
564 1.60953e+06
565 1.60955e+06
566 1.60957e+06
567 1.60968e+06
568 1.60972e+06
569 1.60977e+06
570 1.60985e+06
571 1.60991e+06
572 1.60993e+06
573 1.61001e+06
574 1.61004e+06
575 1.61008e+06
576 1.61008e+06
577 1.61014e+06
578 1.61017e+06
579 1.61026e+06
580 1.6104e+06
581 1.61049e+06
582 1.61059e+06
583 1.61066e+06
584 1.61074e+06
585 1.61076e+06
586 1.6108e+06
587 1.61081e+06
588 1.61084e+06
589 1.61094e+06
590 1.61098e+06
591 1.61103e+06
592 1.61109e+06
593 1.61113e+06
594 1.6112e+06
595 1.61134e+06
596 1.61135e+06
597 1.61138e+06
598 1.61146e+06
599 1.6115e+06
600 1.6116e+06
601 1.6116e+06
602 1.61167e+06
603 1.61168e+06
604 1.61171e+06
605 1.61183e+06
606 1.61194e+06
607 1.61194e+06
608 1.61201e+06
609 1.61201e+06
610 1.61202e+06
611 1.61215e+06
612 1.61216e+06
613 1.6122e+06
614 1.61224e+06
615 1.61224e+06
616 1.6123e+06
617 1.61242e+06
618 1.6125e+06
619 1.61253e+06
620 1.6126e+06
621 1.61268e+06
622 1.6127e+06
623 1.61277e+06
624 1.61281e+06
625 1.61281e+06
626 1.61287e+06
627 1.61292e+06
628 1.61302e+06
629 1.61307e+06
630 1.61312e+06
631 1.61324e+06
632 1.61324e+06
633 1.61331e+06
634 1.61333e+06
635 1.61334e+06
636 1.61335e+06
637 1.61338e+06
638 1.6134e+06
639 1.61346e+06
640 1.61349e+06
641 1.61352e+06
642 1.61357e+06
643 1.6136e+06
644 1.61362e+06
645 1.61368e+06
646 1.61369e+06
647 1.61378e+06
648 1.61384e+06
649 1.61389e+06
650 1.61394e+06
651 1.61405e+06
652 1.61407e+06
653 1.61411e+06
654 1.61412e+06
655 1.6142e+06
656 1.61424e+06
657 1.61431e+06
658 1.61437e+06
659 1.6144e+06
660 1.61442e+06
661 1.61446e+06
662 1.6145e+06
663 1.61455e+06
664 1.6146e+06
665 1.61463e+06
666 1.61464e+06
667 1.61469e+06
668 1.61474e+06
669 1.61482e+06
670 1.61489e+06
671 1.61493e+06
672 1.61505e+06
673 1.61508e+06
674 1.61528e+06
675 1.61529e+06
676 1.61535e+06
677 1.61538e+06
678 1.61549e+06
679 1.61559e+06
680 1.61573e+06
681 1.61586e+06
682 1.61588e+06
683 1.61598e+06
684 1.61601e+06
685 1.61607e+06
686 1.6161e+06
687 1.61616e+06
688 1.61624e+06
689 1.61632e+06
690 1.61636e+06
691 1.61638e+06
692 1.61644e+06
693 1.61644e+06
694 1.61647e+06
695 1.61661e+06
696 1.61668e+06
697 1.6167e+06
698 1.61677e+06
699 1.61684e+06
700 1.61697e+06
701 1.61706e+06
702 1.61717e+06
703 1.61722e+06
704 1.61739e+06
705 1.61743e+06
706 1.61743e+06
707 1.61747e+06
708 1.61752e+06
709 1.6176e+06
710 1.61767e+06
711 1.6177e+06
712 1.61778e+06
713 1.61784e+06
714 1.61788e+06
715 1.61795e+06
716 1.61799e+06
717 1.61801e+06
718 1.61803e+06
719 1.61814e+06
720 1.61814e+06
721 1.61819e+06
722 1.61826e+06
723 1.61832e+06
724 1.61834e+06
725 1.61835e+06
726 1.61836e+06
727 1.61841e+06
728 1.61845e+06
729 1.61853e+06
730 1.61857e+06
731 1.61861e+06
732 1.6187e+06
733 1.61877e+06
734 1.61881e+06
735 1.61886e+06
736 1.61894e+06
737 1.61903e+06
738 1.61912e+06
739 1.6192e+06
740 1.61928e+06
741 1.61931e+06
742 1.61939e+06
743 1.61952e+06
744 1.61952e+06
745 1.61952e+06
746 1.61957e+06
747 1.61962e+06
748 1.61968e+06
749 1.61968e+06
750 1.61971e+06
751 1.61981e+06
752 1.61982e+06
753 1.61982e+06
754 1.61985e+06
755 1.61989e+06
756 1.61998e+06
757 1.62004e+06
758 1.62004e+06
759 1.62006e+06
760 1.62015e+06
761 1.62028e+06
762 1.62032e+06
763 1.62042e+06
764 1.62042e+06
765 1.62045e+06
766 1.62047e+06
767 1.62052e+06
768 1.6206e+06
769 1.6206e+06
770 1.62068e+06
771 1.62069e+06
772 1.62077e+06
773 1.6208e+06
774 1.62083e+06
775 1.62091e+06
776 1.62094e+06
777 1.62099e+06
778 1.62105e+06
779 1.62106e+06
780 1.62111e+06
781 1.62116e+06
782 1.62123e+06
783 1.62129e+06
784 1.62132e+06
785 1.62137e+06
786 1.62151e+06
787 1.62151e+06
788 1.62161e+06
789 1.62165e+06
790 1.62168e+06
791 1.62173e+06
792 1.6218e+06
793 1.62181e+06
794 1.62187e+06
795 1.62187e+06
796 1.6219e+06
797 1.62192e+06
798 1.62197e+06
799 1.62198e+06
800 1.62206e+06
801 1.62206e+06
802 1.62212e+06
803 1.62213e+06
804 1.62214e+06
805 1.6222e+06
806 1.62227e+06
807 1.62235e+06
808 1.62241e+06
809 1.62248e+06
810 1.62258e+06
811 1.62265e+06
812 1.62268e+06
813 1.62271e+06
814 1.62279e+06
815 1.62288e+06
816 1.62288e+06
817 1.62296e+06
818 1.623e+06
819 1.62303e+06
820 1.62306e+06
821 1.62307e+06
822 1.62314e+06
823 1.62321e+06
824 1.6233e+06
825 1.62334e+06
826 1.62336e+06
827 1.62348e+06
828 1.62351e+06
829 1.62351e+06
830 1.62356e+06
831 1.62361e+06
832 1.62364e+06
833 1.62366e+06
834 1.62372e+06
835 1.62372e+06
836 1.62377e+06
837 1.62382e+06
838 1.62396e+06
839 1.62398e+06
840 1.62397e+06
841 1.62406e+06
842 1.62406e+06
843 1.62407e+06
844 1.62414e+06
845 1.62416e+06
846 1.6242e+06
847 1.62424e+06
848 1.6243e+06
849 1.62435e+06
850 1.6244e+06
851 1.6244e+06
852 1.62447e+06
853 1.6245e+06
854 1.62458e+06
855 1.62461e+06
856 1.62467e+06
857 1.62467e+06
858 1.6247e+06
859 1.62481e+06
860 1.62486e+06
861 1.62488e+06
862 1.62492e+06
863 1.62506e+06
864 1.62507e+06
865 1.62513e+06
866 1.62513e+06
867 1.62522e+06
868 1.62527e+06
869 1.62528e+06
870 1.62547e+06
871 1.62549e+06
872 1.62553e+06
873 1.62557e+06
874 1.62557e+06
875 1.62559e+06
876 1.62564e+06
877 1.62568e+06
878 1.62576e+06
879 1.62578e+06
880 1.62584e+06
881 1.62584e+06
882 1.62589e+06
883 1.62593e+06
884 1.62599e+06
885 1.62603e+06
886 1.62609e+06
887 1.6261e+06
888 1.62617e+06
889 1.62621e+06
890 1.62622e+06
891 1.62627e+06
892 1.62632e+06
893 1.6264e+06
894 1.62649e+06
895 1.62662e+06
896 1.62664e+06
897 1.6267e+06
898 1.6267e+06
899 1.62679e+06
900 1.62681e+06
901 1.62684e+06
902 1.62691e+06
903 1.62694e+06
904 1.627e+06
905 1.62702e+06
906 1.62706e+06
907 1.62708e+06
908 1.62713e+06
909 1.62727e+06
910 1.62732e+06
911 1.62736e+06
912 1.62742e+06
913 1.62744e+06
914 1.62762e+06
915 1.62767e+06
916 1.62776e+06
917 1.62785e+06
918 1.6279e+06
919 1.62795e+06
920 1.62807e+06
921 1.62813e+06
922 1.62815e+06
923 1.62818e+06
924 1.62824e+06
925 1.62837e+06
926 1.62844e+06
927 1.62847e+06
928 1.62852e+06
929 1.6287e+06
930 1.6288e+06
931 1.6288e+06
932 1.6288e+06
933 1.62884e+06
934 1.62895e+06
935 1.62902e+06
936 1.62911e+06
937 1.62912e+06
938 1.62914e+06
939 1.6292e+06
940 1.62926e+06
941 1.62928e+06
942 1.62929e+06
943 1.62934e+06
944 1.62939e+06
945 1.62939e+06
946 1.62939e+06
947 1.62948e+06
948 1.6295e+06
949 1.62956e+06
950 1.62966e+06
951 1.62983e+06
952 1.62984e+06
953 1.62992e+06
954 1.62992e+06
955 1.62998e+06
956 1.63004e+06
957 1.63008e+06
958 1.63023e+06
959 1.63024e+06
960 1.63024e+06
961 1.63025e+06
962 1.63028e+06
963 1.63032e+06
964 1.63036e+06
965 1.63042e+06
966 1.63049e+06
967 1.63059e+06
968 1.63063e+06
969 1.63066e+06
970 1.63068e+06
971 1.63068e+06
972 1.63075e+06
973 1.63075e+06
974 1.63079e+06
975 1.63081e+06
976 1.63081e+06
977 1.63083e+06
978 1.63084e+06
979 1.63084e+06
980 1.63086e+06
981 1.63087e+06
982 1.63097e+06
983 1.63102e+06
984 1.63105e+06
985 1.63112e+06
986 1.6312e+06
987 1.63139e+06
988 1.63142e+06
989 1.63146e+06
990 1.63152e+06
991 1.63155e+06
992 1.63159e+06
993 1.63166e+06
994 1.63168e+06
995 1.63173e+06
996 1.63184e+06
997 1.63186e+06
998 1.6319e+06
999 1.63196e+06
1000 1.63197e+06
