128 0.3 0.444
0 156776
1 1.56782e+06
2 1.56789e+06
3 1.5679e+06
4 1.56804e+06
5 1.56809e+06
6 1.56817e+06
7 1.56827e+06
8 1.56832e+06
9 1.56839e+06
10 1.5685e+06
11 1.56855e+06
12 1.56864e+06
13 1.56879e+06
14 1.56899e+06
15 1.56911e+06
16 1.56913e+06
17 1.56924e+06
18 1.56948e+06
19 1.56959e+06
20 1.56972e+06
21 1.5698e+06
22 1.56982e+06
23 1.5699e+06
24 1.5699e+06
25 1.57016e+06
26 1.57019e+06
27 1.57029e+06
28 1.57052e+06
29 1.57071e+06
30 1.57083e+06
31 1.57091e+06
32 1.57092e+06
33 1.57106e+06
34 1.57116e+06
35 1.57131e+06
36 1.57143e+06
37 1.57169e+06
38 1.57183e+06
39 1.57192e+06
40 1.57202e+06
41 1.57205e+06
42 1.57219e+06
43 1.57221e+06
44 1.57234e+06
45 1.57247e+06
46 1.57248e+06
47 1.57256e+06
48 1.57261e+06
49 1.5727e+06
50 1.57275e+06
51 1.57282e+06
52 1.57298e+06
53 1.57316e+06
54 1.57335e+06
55 1.57346e+06
56 1.57349e+06
57 1.57352e+06
58 1.57367e+06
59 1.57378e+06
60 1.57384e+06
61 1.57397e+06
62 1.57411e+06
63 1.57426e+06
64 1.57438e+06
65 1.57442e+06
66 1.57446e+06
67 1.57452e+06
68 1.57462e+06
69 1.57476e+06
70 1.57481e+06
71 1.57486e+06
72 1.57496e+06
73 1.57498e+06
74 1.57511e+06
75 1.57521e+06
76 1.57535e+06
77 1.57543e+06
78 1.57556e+06
79 1.57567e+06
80 1.5758e+06
81 1.57591e+06
82 1.57593e+06
83 1.57597e+06
84 1.57614e+06
85 1.5763e+06
86 1.57636e+06
87 1.57649e+06
88 1.57663e+06
89 1.5767e+06
90 1.57684e+06
91 1.57695e+06
92 1.57703e+06
93 1.57713e+06
94 1.57714e+06
95 1.57729e+06
96 1.57734e+06
97 1.57749e+06
98 1.57766e+06
99 1.57767e+06
100 1.57768e+06
101 1.57773e+06
102 1.57785e+06
103 1.57799e+06
104 1.57805e+06
105 1.57814e+06
106 1.57826e+06
107 1.57836e+06
108 1.57842e+06
109 1.57847e+06
110 1.57852e+06
111 1.5786e+06
112 1.5786e+06
113 1.57871e+06
114 1.57879e+06
115 1.57888e+06
116 1.57906e+06
117 1.57913e+06
118 1.57916e+06
119 1.57922e+06
120 1.57932e+06
121 1.57934e+06
122 1.57942e+06
123 1.57953e+06
124 1.57956e+06
125 1.5796e+06
126 1.57966e+06
127 1.57969e+06
128 1.57978e+06
129 1.57985e+06
130 1.57998e+06
131 1.58007e+06
132 1.58022e+06
133 1.5803e+06
134 1.58043e+06
135 1.58044e+06
136 1.58046e+06
137 1.58057e+06
138 1.58065e+06
139 1.58066e+06
140 1.58072e+06
141 1.58084e+06
142 1.58087e+06
143 1.581e+06
144 1.58102e+06
145 1.58106e+06
146 1.58116e+06
147 1.58126e+06
148 1.58126e+06
149 1.58137e+06
150 1.58137e+06
151 1.58145e+06
152 1.58146e+06
153 1.58149e+06
154 1.58154e+06
155 1.58164e+06
156 1.58178e+06
157 1.58188e+06
158 1.58197e+06
159 1.58202e+06
160 1.58212e+06
161 1.5822e+06
162 1.58231e+06
163 1.58237e+06
164 1.58251e+06
165 1.5827e+06
166 1.58271e+06
167 1.58279e+06
168 1.58283e+06
169 1.58294e+06
170 1.58311e+06
171 1.58312e+06
172 1.58315e+06
173 1.58321e+06
174 1.58326e+06
175 1.58331e+06
176 1.58336e+06
177 1.58345e+06
178 1.58357e+06
179 1.58366e+06
180 1.58366e+06
181 1.5838e+06
182 1.58385e+06
183 1.58387e+06
184 1.5839e+06
185 1.58396e+06
186 1.5841e+06
187 1.58411e+06
188 1.58426e+06
189 1.58432e+06
190 1.58436e+06
191 1.58438e+06
192 1.5845e+06
193 1.58455e+06
194 1.58464e+06
195 1.58472e+06
196 1.58477e+06
197 1.58481e+06
198 1.58491e+06
199 1.58505e+06
200 1.58511e+06
201 1.58516e+06
202 1.58523e+06
203 1.58532e+06
204 1.58537e+06
205 1.5854e+06
206 1.5854e+06
207 1.58552e+06
208 1.58557e+06
209 1.58561e+06
210 1.58565e+06
211 1.58579e+06
212 1.58583e+06
213 1.58589e+06
214 1.58605e+06
215 1.58605e+06
216 1.58612e+06
217 1.58618e+06
218 1.5862e+06
219 1.58623e+06
220 1.58633e+06
221 1.58641e+06
222 1.58649e+06
223 1.58652e+06
224 1.58658e+06
225 1.58661e+06
226 1.58672e+06
227 1.58687e+06
228 1.58698e+06
229 1.58703e+06
230 1.58706e+06
231 1.58718e+06
232 1.58732e+06
233 1.58734e+06
234 1.58743e+06
235 1.58757e+06
236 1.58769e+06
237 1.58776e+06
238 1.58786e+06
239 1.58794e+06
240 1.58802e+06
241 1.58812e+06
242 1.58826e+06
243 1.58829e+06
244 1.58834e+06
245 1.58844e+06
246 1.58857e+06
247 1.58858e+06
248 1.58859e+06
249 1.58864e+06
250 1.58866e+06
251 1.58873e+06
252 1.58875e+06
253 1.5888e+06
254 1.58889e+06
255 1.58892e+06
256 1.58892e+06
257 1.58895e+06
258 1.58901e+06
259 1.58902e+06
260 1.58911e+06
261 1.58928e+06
262 1.58938e+06
263 1.58944e+06
264 1.58951e+06
265 1.58956e+06
266 1.58967e+06
267 1.58976e+06
268 1.58988e+06
269 1.58998e+06
270 1.59008e+06
271 1.59016e+06
272 1.59021e+06
273 1.59025e+06
274 1.5903e+06
275 1.59032e+06
276 1.59036e+06
277 1.59043e+06
278 1.59058e+06
279 1.59065e+06
280 1.5907e+06
281 1.59081e+06
282 1.59083e+06
283 1.59091e+06
284 1.59098e+06
285 1.59101e+06
286 1.59105e+06
287 1.59117e+06
288 1.5913e+06
289 1.59133e+06
290 1.59137e+06
291 1.59137e+06
292 1.59141e+06
293 1.59152e+06
294 1.59157e+06
295 1.59161e+06
296 1.59168e+06
297 1.59187e+06
298 1.59192e+06
299 1.59208e+06
300 1.59208e+06
301 1.59214e+06
302 1.59218e+06
303 1.5923e+06
304 1.59234e+06
305 1.59237e+06
306 1.59242e+06
307 1.59255e+06
308 1.59262e+06
309 1.59269e+06
310 1.59274e+06
311 1.5928e+06
312 1.59291e+06
313 1.59303e+06
314 1.59307e+06
315 1.59312e+06
316 1.59312e+06
317 1.59328e+06
318 1.59331e+06
319 1.59341e+06
320 1.59355e+06
321 1.59362e+06
322 1.59364e+06
323 1.5937e+06
324 1.5938e+06
325 1.59384e+06
326 1.59387e+06
327 1.59393e+06
328 1.59406e+06
329 1.59407e+06
330 1.59418e+06
331 1.5943e+06
332 1.59435e+06
333 1.59441e+06
334 1.59451e+06
335 1.59456e+06
336 1.5946e+06
337 1.59466e+06
338 1.59472e+06
339 1.59474e+06
340 1.59475e+06
341 1.59485e+06
342 1.59491e+06
343 1.59508e+06
344 1.59512e+06
345 1.59514e+06
346 1.59521e+06
347 1.59529e+06
348 1.59531e+06
349 1.59534e+06
350 1.59538e+06
351 1.59544e+06
352 1.59548e+06
353 1.59564e+06
354 1.59571e+06
355 1.59579e+06
356 1.59589e+06
357 1.59591e+06
358 1.59599e+06
359 1.59602e+06
360 1.59611e+06
361 1.59612e+06
362 1.5962e+06
363 1.59625e+06
364 1.59631e+06
365 1.59636e+06
366 1.59644e+06
367 1.59653e+06
368 1.59666e+06
369 1.59676e+06
370 1.59678e+06
371 1.59683e+06
372 1.59686e+06
373 1.597e+06
374 1.59711e+06
375 1.59717e+06
376 1.59719e+06
377 1.59728e+06
378 1.59744e+06
379 1.59751e+06
380 1.59751e+06
381 1.59759e+06
382 1.59766e+06
383 1.59774e+06
384 1.59783e+06
385 1.59791e+06
386 1.598e+06
387 1.59808e+06
388 1.59812e+06
389 1.59815e+06
390 1.59823e+06
391 1.59829e+06
392 1.59834e+06
393 1.59842e+06
394 1.59849e+06
395 1.59863e+06
396 1.59867e+06
397 1.59867e+06
398 1.59871e+06
399 1.5988e+06
400 1.59891e+06
401 1.59901e+06
402 1.59907e+06
403 1.59919e+06
404 1.59932e+06
405 1.59941e+06
406 1.59942e+06
407 1.59949e+06
408 1.59953e+06
409 1.5996e+06
410 1.59961e+06
411 1.59967e+06
412 1.59974e+06
413 1.5998e+06
414 1.59984e+06
415 1.59994e+06
416 1.60001e+06
417 1.60003e+06
418 1.60017e+06
419 1.60022e+06
420 1.60035e+06
421 1.60041e+06
422 1.60046e+06
423 1.60052e+06
424 1.60055e+06
425 1.60056e+06
426 1.60066e+06
427 1.60075e+06
428 1.60076e+06
429 1.60082e+06
430 1.6009e+06
431 1.60093e+06
432 1.60094e+06
433 1.60096e+06
434 1.60105e+06
435 1.60111e+06
436 1.60122e+06
437 1.6013e+06
438 1.60138e+06
439 1.60139e+06
440 1.60149e+06
441 1.60154e+06
442 1.60165e+06
443 1.60169e+06
444 1.60181e+06
445 1.60186e+06
446 1.60193e+06
447 1.60206e+06
448 1.60208e+06
449 1.60211e+06
450 1.60223e+06
451 1.60224e+06
452 1.6023e+06
453 1.60236e+06
454 1.60242e+06
455 1.60251e+06
456 1.60255e+06
457 1.60265e+06
458 1.60271e+06
459 1.60286e+06
460 1.60288e+06
461 1.60294e+06
462 1.60301e+06
463 1.60301e+06
464 1.60302e+06
465 1.60308e+06
466 1.60317e+06
467 1.60325e+06
468 1.6033e+06
469 1.60334e+06
470 1.60336e+06
471 1.60338e+06
472 1.60351e+06
473 1.60358e+06
474 1.60362e+06
475 1.60366e+06
476 1.6037e+06
477 1.6037e+06
478 1.60373e+06
479 1.60377e+06
480 1.60382e+06
481 1.60392e+06
482 1.60396e+06
483 1.60399e+06
484 1.604e+06
485 1.60404e+06
486 1.60412e+06
487 1.60418e+06
488 1.60425e+06
489 1.60428e+06
490 1.60428e+06
491 1.60433e+06
492 1.60438e+06
493 1.60441e+06
494 1.60442e+06
495 1.60444e+06
496 1.60459e+06
497 1.60463e+06
498 1.60484e+06
499 1.60488e+06
500 1.60496e+06
501 1.60504e+06
502 1.60511e+06
503 1.60523e+06
504 1.60527e+06
505 1.60534e+06
506 1.6054e+06
507 1.60544e+06
508 1.6055e+06
509 1.60565e+06
510 1.60569e+06
511 1.60577e+06
512 1.60581e+06
513 1.60597e+06
514 1.60605e+06
515 1.60612e+06
516 1.60617e+06
517 1.60622e+06
518 1.60626e+06
519 1.60646e+06
520 1.60652e+06
521 1.60656e+06
522 1.60662e+06
523 1.60673e+06
524 1.60678e+06
525 1.6068e+06
526 1.60684e+06
527 1.60692e+06
528 1.60701e+06
529 1.60708e+06
530 1.60724e+06
531 1.60726e+06
532 1.60728e+06
533 1.60733e+06
534 1.60735e+06
535 1.60742e+06
536 1.6075e+06
537 1.6075e+06
538 1.60758e+06
539 1.60768e+06
540 1.60781e+06
541 1.60788e+06
542 1.60793e+06
543 1.60798e+06
544 1.60799e+06
545 1.608e+06
546 1.60801e+06
547 1.60805e+06
548 1.60811e+06
549 1.60816e+06
550 1.60821e+06
551 1.60827e+06
552 1.60836e+06
553 1.60839e+06
554 1.60845e+06
555 1.60847e+06
556 1.60856e+06
557 1.60859e+06
558 1.6086e+06
559 1.60872e+06
560 1.60878e+06
561 1.60882e+06
562 1.60884e+06
563 1.60889e+06
564 1.60897e+06
565 1.60902e+06
566 1.60909e+06
567 1.60918e+06
568 1.60925e+06
569 1.60938e+06
570 1.60943e+06
571 1.60951e+06
572 1.60952e+06
573 1.60958e+06
574 1.6096e+06
575 1.60965e+06
576 1.60974e+06
577 1.60985e+06
578 1.60988e+06
579 1.60992e+06
580 1.60994e+06
581 1.61001e+06
582 1.61007e+06
583 1.61008e+06
584 1.61018e+06
585 1.61022e+06
586 1.61034e+06
587 1.61035e+06
588 1.61035e+06
589 1.61038e+06
590 1.61042e+06
591 1.6105e+06
592 1.6106e+06
593 1.61065e+06
594 1.61068e+06
595 1.61074e+06
596 1.61076e+06
597 1.61085e+06
598 1.61088e+06
599 1.61098e+06
600 1.61101e+06
601 1.61102e+06
602 1.61105e+06
603 1.61108e+06
604 1.61121e+06
605 1.61124e+06
606 1.61124e+06
607 1.61124e+06
608 1.61128e+06
609 1.61129e+06
610 1.61132e+06
611 1.61135e+06
612 1.61138e+06
613 1.6115e+06
614 1.61152e+06
615 1.61158e+06
616 1.61173e+06
617 1.61178e+06
618 1.61184e+06
619 1.61186e+06
620 1.61186e+06
621 1.61194e+06
622 1.61204e+06
623 1.61212e+06
624 1.61211e+06
625 1.61216e+06
626 1.61236e+06
627 1.6124e+06
628 1.61252e+06
629 1.61259e+06
630 1.61263e+06
631 1.61268e+06
632 1.61281e+06
633 1.61281e+06
634 1.61293e+06
635 1.61296e+06
636 1.61298e+06
637 1.61301e+06
638 1.61305e+06
639 1.61306e+06
640 1.61319e+06
641 1.61324e+06
642 1.61328e+06
643 1.61341e+06
644 1.61347e+06
645 1.61358e+06
646 1.61368e+06
647 1.61377e+06
648 1.61393e+06
649 1.61394e+06
650 1.614e+06
651 1.61404e+06
652 1.61407e+06
653 1.61413e+06
654 1.61424e+06
655 1.61429e+06
656 1.61434e+06
657 1.6145e+06
658 1.61455e+06
659 1.61464e+06
660 1.61468e+06
661 1.61472e+06
662 1.61474e+06
663 1.61482e+06
664 1.61485e+06
665 1.61488e+06
666 1.61495e+06
667 1.61502e+06
668 1.61514e+06
669 1.61515e+06
670 1.6152e+06
671 1.61523e+06
672 1.6153e+06
673 1.61534e+06
674 1.61542e+06
675 1.6155e+06
676 1.61555e+06
677 1.61562e+06
678 1.6157e+06
679 1.61573e+06
680 1.61582e+06
681 1.61584e+06
682 1.61591e+06
683 1.61591e+06
684 1.61597e+06
685 1.61598e+06
686 1.616e+06
687 1.61603e+06
688 1.61603e+06
689 1.61604e+06
690 1.61611e+06
691 1.61617e+06
692 1.61621e+06
693 1.61628e+06
694 1.61633e+06
695 1.61634e+06
696 1.61639e+06
697 1.61639e+06
698 1.61642e+06
699 1.61649e+06
700 1.61653e+06
701 1.6166e+06
702 1.6166e+06
703 1.61668e+06
704 1.61668e+06
705 1.61674e+06
706 1.6168e+06
707 1.61682e+06
708 1.61682e+06
709 1.61688e+06
710 1.61688e+06
711 1.61694e+06
712 1.617e+06
713 1.61702e+06
714 1.61702e+06
715 1.61711e+06
716 1.61716e+06
717 1.61719e+06
718 1.61728e+06
719 1.61728e+06
720 1.61732e+06
721 1.61741e+06
722 1.61744e+06
723 1.61744e+06
724 1.61747e+06
725 1.6175e+06
726 1.61752e+06
727 1.61765e+06
728 1.61773e+06
729 1.61782e+06
730 1.61795e+06
731 1.61804e+06
732 1.61806e+06
733 1.61812e+06
734 1.61813e+06
735 1.61821e+06
736 1.61825e+06
737 1.61838e+06
738 1.61856e+06
739 1.61866e+06
740 1.61869e+06
741 1.61872e+06
742 1.61875e+06
743 1.61878e+06
744 1.61881e+06
745 1.61884e+06
746 1.61888e+06
747 1.61899e+06
748 1.61909e+06
749 1.6191e+06
750 1.61913e+06
751 1.61916e+06
752 1.61926e+06
753 1.61928e+06
754 1.6193e+06
755 1.61937e+06
756 1.61937e+06
757 1.61939e+06
758 1.61941e+06
759 1.61942e+06
760 1.61946e+06
761 1.61949e+06
762 1.61957e+06
763 1.61963e+06
764 1.61969e+06
765 1.6197e+06
766 1.61977e+06
767 1.61986e+06
768 1.61992e+06
769 1.61992e+06
770 1.61998e+06
771 1.61999e+06
772 1.62005e+06
773 1.6201e+06
774 1.62011e+06
775 1.62015e+06
776 1.62024e+06
777 1.62034e+06
778 1.62037e+06
779 1.62047e+06
780 1.62052e+06
781 1.62052e+06
782 1.62057e+06
783 1.62064e+06
784 1.62068e+06
785 1.62072e+06
786 1.62076e+06
787 1.62078e+06
788 1.6208e+06
789 1.62081e+06
790 1.62084e+06
791 1.62091e+06
792 1.62092e+06
793 1.62098e+06
794 1.62101e+06
795 1.62103e+06
796 1.62114e+06
797 1.62122e+06
798 1.62126e+06
799 1.62137e+06
800 1.62138e+06
801 1.62148e+06
802 1.62154e+06
803 1.62158e+06
804 1.62161e+06
805 1.62165e+06
806 1.6218e+06
807 1.62184e+06
808 1.62188e+06
809 1.62193e+06
810 1.62196e+06
811 1.62201e+06
812 1.62208e+06
813 1.62212e+06
814 1.62218e+06
815 1.62222e+06
816 1.62226e+06
817 1.62229e+06
818 1.62232e+06
819 1.62233e+06
820 1.6224e+06
821 1.62244e+06
822 1.62248e+06
823 1.62252e+06
824 1.62254e+06
825 1.6226e+06
826 1.62263e+06
827 1.6227e+06
828 1.62274e+06
829 1.62279e+06
830 1.62281e+06
831 1.62283e+06
832 1.62285e+06
833 1.62295e+06
834 1.62299e+06
835 1.62302e+06
836 1.62308e+06
837 1.62317e+06
838 1.6232e+06
839 1.62328e+06
840 1.62328e+06
841 1.62329e+06
842 1.62342e+06
843 1.62344e+06
844 1.62352e+06
845 1.62352e+06
846 1.62355e+06
847 1.62363e+06
848 1.62368e+06
849 1.6237e+06
850 1.62372e+06
851 1.62373e+06
852 1.62376e+06
853 1.62383e+06
854 1.62387e+06
855 1.62391e+06
856 1.624e+06
857 1.6241e+06
858 1.62414e+06
859 1.62415e+06
860 1.62422e+06
861 1.62428e+06
862 1.62431e+06
863 1.62435e+06
864 1.62446e+06
865 1.62453e+06
866 1.62465e+06
867 1.62471e+06
868 1.62471e+06
869 1.62471e+06
870 1.62482e+06
871 1.62491e+06
872 1.62496e+06
873 1.62508e+06
874 1.6251e+06
875 1.62515e+06
876 1.6252e+06
877 1.62523e+06
878 1.62528e+06
879 1.62531e+06
880 1.62536e+06
881 1.62539e+06
882 1.62541e+06
883 1.62549e+06
884 1.62554e+06
885 1.62558e+06
886 1.62564e+06
887 1.62572e+06
888 1.62573e+06
889 1.62579e+06
890 1.62582e+06
891 1.62587e+06
892 1.6259e+06
893 1.62596e+06
894 1.62598e+06
895 1.62598e+06
896 1.62602e+06
897 1.62606e+06
898 1.62615e+06
899 1.62617e+06
900 1.62627e+06
901 1.62632e+06
902 1.62644e+06
903 1.62647e+06
904 1.62656e+06
905 1.62656e+06
906 1.62663e+06
907 1.62667e+06
908 1.62676e+06
909 1.62677e+06
910 1.62684e+06
911 1.62686e+06
912 1.6269e+06
913 1.62695e+06
914 1.62703e+06
915 1.62706e+06
916 1.62706e+06
917 1.62713e+06
918 1.62721e+06
919 1.62721e+06
920 1.62732e+06
921 1.62735e+06
922 1.62748e+06
923 1.6276e+06
924 1.62776e+06
925 1.62782e+06
926 1.62784e+06
927 1.6279e+06
928 1.62799e+06
929 1.62801e+06
930 1.62803e+06
931 1.62806e+06
932 1.62817e+06
933 1.62827e+06
934 1.62831e+06
935 1.62831e+06
936 1.62844e+06
937 1.6286e+06
938 1.62864e+06
939 1.62872e+06
940 1.62877e+06
941 1.62877e+06
942 1.62878e+06
943 1.62887e+06
944 1.62896e+06
945 1.62897e+06
946 1.62897e+06
947 1.62897e+06
948 1.62898e+06
949 1.62906e+06
950 1.62912e+06
951 1.62912e+06
952 1.62912e+06
953 1.62917e+06
954 1.62928e+06
955 1.6293e+06
956 1.62931e+06
957 1.62933e+06
958 1.62935e+06
959 1.62943e+06
960 1.62947e+06
961 1.62957e+06
962 1.62957e+06
963 1.62962e+06
964 1.62963e+06
965 1.62969e+06
966 1.62969e+06
967 1.62969e+06
968 1.62971e+06
969 1.62973e+06
970 1.62973e+06
971 1.6298e+06
972 1.62985e+06
973 1.62989e+06
974 1.63006e+06
975 1.63007e+06
976 1.63008e+06
977 1.63018e+06
978 1.6302e+06
979 1.63023e+06
980 1.6303e+06
981 1.63045e+06
982 1.63046e+06
983 1.63052e+06
984 1.6306e+06
985 1.6307e+06
986 1.63079e+06
987 1.6308e+06
988 1.63089e+06
989 1.63099e+06
990 1.63102e+06
991 1.63106e+06
992 1.63119e+06
993 1.6312e+06
994 1.63126e+06
995 1.63127e+06
996 1.63127e+06
997 1.63128e+06
998 1.6313e+06
999 1.6313e+06
1000 1.63132e+06
