128 0.3 0.251
0 156776
1 1.56784e+06
2 1.56789e+06
3 1.56796e+06
4 1.56812e+06
5 1.56834e+06
6 1.56847e+06
7 1.56852e+06
8 1.56856e+06
9 1.56861e+06
10 1.56874e+06
11 1.56881e+06
12 1.56881e+06
13 1.56892e+06
14 1.569e+06
15 1.56906e+06
16 1.56919e+06
17 1.56946e+06
18 1.56949e+06
19 1.56952e+06
20 1.56969e+06
21 1.5697e+06
22 1.56975e+06
23 1.56982e+06
24 1.57007e+06
25 1.57013e+06
26 1.57022e+06
27 1.57038e+06
28 1.57042e+06
29 1.57054e+06
30 1.57062e+06
31 1.57067e+06
32 1.57084e+06
33 1.57087e+06
34 1.57095e+06
35 1.57111e+06
36 1.57121e+06
37 1.5713e+06
38 1.57131e+06
39 1.57132e+06
40 1.57134e+06
41 1.57156e+06
42 1.57166e+06
43 1.57177e+06
44 1.57183e+06
45 1.5719e+06
46 1.57199e+06
47 1.57205e+06
48 1.57209e+06
49 1.57214e+06
50 1.57226e+06
51 1.57229e+06
52 1.57232e+06
53 1.57238e+06
54 1.57248e+06
55 1.57267e+06
56 1.57275e+06
57 1.57289e+06
58 1.57298e+06
59 1.57312e+06
60 1.57318e+06
61 1.57326e+06
62 1.57335e+06
63 1.57337e+06
64 1.57354e+06
65 1.57361e+06
66 1.5737e+06
67 1.57383e+06
68 1.57387e+06
69 1.57393e+06
70 1.57401e+06
71 1.57405e+06
72 1.57407e+06
73 1.57418e+06
74 1.57433e+06
75 1.57442e+06
76 1.57458e+06
77 1.57464e+06
78 1.57467e+06
79 1.57473e+06
80 1.57476e+06
81 1.57484e+06
82 1.575e+06
83 1.57501e+06
84 1.57506e+06
85 1.57514e+06
86 1.57526e+06
87 1.57542e+06
88 1.57548e+06
89 1.57554e+06
90 1.57561e+06
91 1.57568e+06
92 1.57575e+06
93 1.57585e+06
94 1.57602e+06
95 1.57611e+06
96 1.57618e+06
97 1.57624e+06
98 1.5763e+06
99 1.57644e+06
100 1.57644e+06
101 1.57653e+06
102 1.57654e+06
103 1.57654e+06
104 1.57668e+06
105 1.57674e+06
106 1.57687e+06
107 1.57692e+06
108 1.57703e+06
109 1.57712e+06
110 1.5772e+06
111 1.57721e+06
112 1.57728e+06
113 1.57739e+06
114 1.57746e+06
115 1.57757e+06
116 1.5776e+06
117 1.57764e+06
118 1.57764e+06
119 1.57765e+06
120 1.57776e+06
121 1.57785e+06
122 1.5779e+06
123 1.57791e+06
124 1.57802e+06
125 1.57808e+06
126 1.57815e+06
127 1.57827e+06
128 1.57848e+06
129 1.57857e+06
130 1.57862e+06
131 1.57878e+06
132 1.57884e+06
133 1.579e+06
134 1.57908e+06
135 1.57926e+06
136 1.57936e+06
137 1.57947e+06
138 1.57956e+06
139 1.57959e+06
140 1.57971e+06
141 1.57987e+06
142 1.58006e+06
143 1.58009e+06
144 1.58012e+06
145 1.58017e+06
146 1.58023e+06
147 1.5803e+06
148 1.58036e+06
149 1.58053e+06
150 1.5806e+06
151 1.58066e+06
152 1.58077e+06
153 1.58084e+06
154 1.58093e+06
155 1.581e+06
156 1.58106e+06
157 1.58115e+06
158 1.58124e+06
159 1.5813e+06
160 1.58149e+06
161 1.5817e+06
162 1.58175e+06
163 1.5819e+06
164 1.58194e+06
165 1.58209e+06
166 1.5822e+06
167 1.58226e+06
168 1.58229e+06
169 1.58234e+06
170 1.58236e+06
171 1.58243e+06
172 1.58246e+06
173 1.58249e+06
174 1.58254e+06
175 1.58262e+06
176 1.58269e+06
177 1.5827e+06
178 1.58277e+06
179 1.58296e+06
180 1.58301e+06
181 1.58308e+06
182 1.58316e+06
183 1.58324e+06
184 1.58331e+06
185 1.58334e+06
186 1.58337e+06
187 1.58343e+06
188 1.58356e+06
189 1.58366e+06
190 1.58378e+06
191 1.58387e+06
192 1.58396e+06
193 1.58403e+06
194 1.58406e+06
195 1.58407e+06
196 1.58413e+06
197 1.58419e+06
198 1.58428e+06
199 1.58436e+06
200 1.58444e+06
201 1.58453e+06
202 1.58468e+06
203 1.5849e+06
204 1.58498e+06
205 1.58503e+06
206 1.58513e+06
207 1.58525e+06
208 1.58529e+06
209 1.58539e+06
210 1.58544e+06
211 1.58552e+06
212 1.58556e+06
213 1.5856e+06
214 1.58567e+06
215 1.58571e+06
216 1.5858e+06
217 1.5859e+06
218 1.58598e+06
219 1.58608e+06
220 1.58613e+06
221 1.58629e+06
222 1.58635e+06
223 1.58642e+06
224 1.58649e+06
225 1.58658e+06
226 1.58672e+06
227 1.58689e+06
228 1.58695e+06
229 1.58706e+06
230 1.5871e+06
231 1.58716e+06
232 1.58734e+06
233 1.58739e+06
234 1.58741e+06
235 1.58752e+06
236 1.58762e+06
237 1.58766e+06
238 1.58771e+06
239 1.5878e+06
240 1.58782e+06
241 1.5879e+06
242 1.58796e+06
243 1.58801e+06
244 1.58804e+06
245 1.58808e+06
246 1.58818e+06
247 1.58826e+06
248 1.58829e+06
249 1.58838e+06
250 1.5884e+06
251 1.58843e+06
252 1.58845e+06
253 1.5885e+06
254 1.58856e+06
255 1.5886e+06
256 1.58865e+06
257 1.58869e+06
258 1.58871e+06
259 1.5888e+06
260 1.58897e+06
261 1.58898e+06
262 1.58898e+06
263 1.58904e+06
264 1.58908e+06
265 1.58921e+06
266 1.58926e+06
267 1.58948e+06
268 1.58952e+06
269 1.58959e+06
270 1.58962e+06
271 1.58969e+06
272 1.58972e+06
273 1.58976e+06
274 1.58983e+06
275 1.5899e+06
276 1.58997e+06
277 1.59004e+06
278 1.59013e+06
279 1.59022e+06
280 1.5904e+06
281 1.59043e+06
282 1.59049e+06
283 1.59058e+06
284 1.59066e+06
285 1.59068e+06
286 1.59072e+06
287 1.59074e+06
288 1.59075e+06
289 1.59082e+06
290 1.59084e+06
291 1.5909e+06
292 1.59102e+06
293 1.59111e+06
294 1.59124e+06
295 1.59126e+06
296 1.59128e+06
297 1.59133e+06
298 1.59137e+06
299 1.59142e+06
300 1.59167e+06
301 1.59178e+06
302 1.59182e+06
303 1.59185e+06
304 1.59187e+06
305 1.59187e+06
306 1.59196e+06
307 1.59207e+06
308 1.59219e+06
309 1.59231e+06
310 1.59236e+06
311 1.59246e+06
312 1.59254e+06
313 1.59264e+06
314 1.59266e+06
315 1.59271e+06
316 1.59276e+06
317 1.59284e+06
318 1.59294e+06
319 1.59297e+06
320 1.59297e+06
321 1.59307e+06
322 1.59308e+06
323 1.59314e+06
324 1.5932e+06
325 1.59322e+06
326 1.59324e+06
327 1.59327e+06
328 1.59327e+06
329 1.59333e+06
330 1.59341e+06
331 1.59345e+06
332 1.59349e+06
333 1.59367e+06
334 1.59371e+06
335 1.5938e+06
336 1.59383e+06
337 1.5939e+06
338 1.5939e+06
339 1.59394e+06
340 1.5941e+06
341 1.59421e+06
342 1.59423e+06
343 1.5943e+06
344 1.59448e+06
345 1.5945e+06
346 1.59452e+06
347 1.59462e+06
348 1.5947e+06
349 1.59472e+06
350 1.59476e+06
351 1.59477e+06
352 1.59487e+06
353 1.59488e+06
354 1.5949e+06
355 1.59491e+06
356 1.59501e+06
357 1.59501e+06
358 1.59514e+06
359 1.59528e+06
360 1.59534e+06
361 1.5954e+06
362 1.59555e+06
363 1.59569e+06
364 1.59575e+06
365 1.59578e+06
366 1.59599e+06
367 1.59601e+06
368 1.59606e+06
369 1.59614e+06
370 1.59628e+06
371 1.5963e+06
372 1.59639e+06
373 1.59649e+06
374 1.59657e+06
375 1.59661e+06
376 1.59667e+06
377 1.59675e+06
378 1.59682e+06
379 1.59689e+06
380 1.597e+06
381 1.59709e+06
382 1.59711e+06
383 1.59728e+06
384 1.59738e+06
385 1.59738e+06
386 1.59743e+06
387 1.59753e+06
388 1.59765e+06
389 1.59771e+06
390 1.59785e+06
391 1.59791e+06
392 1.59797e+06
393 1.598e+06
394 1.59817e+06
395 1.59825e+06
396 1.5983e+06
397 1.59838e+06
398 1.59845e+06
399 1.59852e+06
400 1.59861e+06
401 1.59874e+06
402 1.59886e+06
403 1.59889e+06
404 1.59898e+06
405 1.59901e+06
406 1.59906e+06
407 1.59908e+06
408 1.59918e+06
409 1.59922e+06
410 1.5993e+06
411 1.5993e+06
412 1.59939e+06
413 1.59942e+06
414 1.59945e+06
415 1.59968e+06
416 1.59977e+06
417 1.59981e+06
418 1.59989e+06
419 1.60003e+06
420 1.60005e+06
421 1.60012e+06
422 1.60021e+06
423 1.60021e+06
424 1.60027e+06
425 1.60032e+06
426 1.60036e+06
427 1.60037e+06
428 1.60041e+06
429 1.60043e+06
430 1.6005e+06
431 1.60053e+06
432 1.60054e+06
433 1.60058e+06
434 1.6006e+06
435 1.60065e+06
436 1.60073e+06
437 1.60079e+06
438 1.60092e+06
439 1.60101e+06
440 1.60108e+06
441 1.6011e+06
442 1.60113e+06
443 1.60125e+06
444 1.60134e+06
445 1.60148e+06
446 1.60149e+06
447 1.60158e+06
448 1.60165e+06
449 1.60174e+06
450 1.60175e+06
451 1.60189e+06
452 1.60197e+06
453 1.60203e+06
454 1.60204e+06
455 1.60209e+06
456 1.60219e+06
457 1.60228e+06
458 1.60239e+06
459 1.60246e+06
460 1.60248e+06
461 1.60254e+06
462 1.60263e+06
463 1.60277e+06
464 1.60281e+06
465 1.60283e+06
466 1.60292e+06
467 1.60296e+06
468 1.603e+06
469 1.60304e+06
470 1.60304e+06
471 1.6031e+06
472 1.60322e+06
473 1.60329e+06
474 1.60335e+06
475 1.60336e+06
476 1.60341e+06
477 1.60348e+06
478 1.60363e+06
479 1.60368e+06
480 1.60376e+06
481 1.60379e+06
482 1.60385e+06
483 1.60393e+06
484 1.604e+06
485 1.60403e+06
486 1.60411e+06
487 1.60424e+06
488 1.60428e+06
489 1.60431e+06
490 1.60435e+06
491 1.6044e+06
492 1.60444e+06
493 1.60446e+06
494 1.60456e+06
495 1.60459e+06
496 1.60465e+06
497 1.60464e+06
498 1.60475e+06
499 1.6048e+06
500 1.60483e+06
501 1.60492e+06
502 1.60494e+06
503 1.60498e+06
504 1.60508e+06
505 1.60515e+06
506 1.60521e+06
507 1.60526e+06
508 1.60538e+06
509 1.60538e+06
510 1.6054e+06
511 1.60542e+06
512 1.60545e+06
513 1.60549e+06
514 1.60554e+06
515 1.60558e+06
516 1.60561e+06
517 1.60566e+06
518 1.60567e+06
519 1.60574e+06
520 1.60579e+06
521 1.60586e+06
522 1.60592e+06
523 1.60607e+06
524 1.60607e+06
525 1.60607e+06
526 1.60614e+06
527 1.60632e+06
528 1.60636e+06
529 1.60636e+06
530 1.60639e+06
531 1.6064e+06
532 1.60642e+06
533 1.60655e+06
534 1.60655e+06
535 1.60658e+06
536 1.6067e+06
537 1.60672e+06
538 1.60676e+06
539 1.60684e+06
540 1.60688e+06
541 1.6069e+06
542 1.60692e+06
543 1.60696e+06
544 1.60701e+06
545 1.6071e+06
546 1.60716e+06
547 1.60717e+06
548 1.60723e+06
549 1.60724e+06
550 1.60731e+06
551 1.60742e+06
552 1.60752e+06
553 1.60762e+06
554 1.60764e+06
555 1.60766e+06
556 1.60769e+06
557 1.60771e+06
558 1.60772e+06
559 1.60779e+06
560 1.60788e+06
561 1.60797e+06
562 1.60801e+06
563 1.60807e+06
564 1.60818e+06
565 1.60833e+06
566 1.60837e+06
567 1.60842e+06
568 1.6085e+06
569 1.60856e+06
570 1.60863e+06
571 1.60868e+06
572 1.60875e+06
573 1.60885e+06
574 1.60898e+06
575 1.60902e+06
576 1.60908e+06
577 1.60913e+06
578 1.60915e+06
579 1.60931e+06
580 1.60931e+06
581 1.60935e+06
582 1.60936e+06
583 1.60946e+06
584 1.60948e+06
585 1.60956e+06
586 1.60964e+06
587 1.60979e+06
588 1.60979e+06
589 1.6098e+06
590 1.60986e+06
591 1.60989e+06
592 1.60994e+06
593 1.60999e+06
594 1.60999e+06
595 1.61009e+06
596 1.6101e+06
597 1.61017e+06
598 1.61021e+06
599 1.61026e+06
600 1.6103e+06
601 1.61033e+06
602 1.61039e+06
603 1.61044e+06
604 1.61048e+06
605 1.61053e+06
606 1.61063e+06
607 1.61064e+06
608 1.61065e+06
609 1.61069e+06
610 1.61074e+06
611 1.61074e+06
612 1.61078e+06
613 1.61079e+06
614 1.61087e+06
615 1.61091e+06
616 1.61108e+06
617 1.61116e+06
618 1.6112e+06
619 1.6113e+06
620 1.6113e+06
621 1.6114e+06
622 1.61143e+06
623 1.6115e+06
624 1.61154e+06
625 1.61157e+06
626 1.61157e+06
627 1.6116e+06
628 1.61166e+06
629 1.61172e+06
630 1.61176e+06
631 1.61179e+06
632 1.61182e+06
633 1.61186e+06
634 1.61196e+06
635 1.61199e+06
636 1.61201e+06
637 1.61201e+06
638 1.61209e+06
639 1.61212e+06
640 1.61226e+06
641 1.61236e+06
642 1.61246e+06
643 1.61248e+06
644 1.61253e+06
645 1.61262e+06
646 1.61264e+06
647 1.61271e+06
648 1.6128e+06
649 1.61286e+06
650 1.61295e+06
651 1.61298e+06
652 1.61302e+06
653 1.61307e+06
654 1.61312e+06
655 1.61331e+06
656 1.61331e+06
657 1.61344e+06
658 1.61352e+06
659 1.6137e+06
660 1.61383e+06
661 1.61385e+06
662 1.61394e+06
663 1.61398e+06
664 1.61402e+06
665 1.61415e+06
666 1.61421e+06
667 1.61431e+06
668 1.61436e+06
669 1.61438e+06
670 1.61442e+06
671 1.61446e+06
672 1.61448e+06
673 1.61457e+06
674 1.61466e+06
675 1.61472e+06
676 1.61475e+06
677 1.61478e+06
678 1.61486e+06
679 1.6149e+06
680 1.6149e+06
681 1.61495e+06
682 1.61499e+06
683 1.61501e+06
684 1.61511e+06
685 1.61515e+06
686 1.61519e+06
687 1.61521e+06
688 1.61527e+06
689 1.61533e+06
690 1.61535e+06
691 1.61539e+06
692 1.61557e+06
693 1.61561e+06
694 1.61576e+06
695 1.6158e+06
696 1.61584e+06
697 1.61587e+06
698 1.616e+06
699 1.61601e+06
700 1.61616e+06
701 1.61616e+06
702 1.61619e+06
703 1.61622e+06
704 1.61625e+06
705 1.61628e+06
706 1.6163e+06
707 1.61633e+06
708 1.6164e+06
709 1.61644e+06
710 1.61646e+06
711 1.61646e+06
712 1.61656e+06
713 1.61659e+06
714 1.61664e+06
715 1.61665e+06
716 1.61669e+06
717 1.61672e+06
718 1.61686e+06
719 1.6169e+06
720 1.61706e+06
721 1.61714e+06
722 1.61718e+06
723 1.61727e+06
724 1.61728e+06
725 1.61733e+06
726 1.61734e+06
727 1.61735e+06
728 1.61738e+06
729 1.61741e+06
730 1.61756e+06
731 1.61777e+06
732 1.61779e+06
733 1.61792e+06
734 1.61804e+06
735 1.61806e+06
736 1.61806e+06
737 1.61822e+06
738 1.61831e+06
739 1.61839e+06
740 1.61839e+06
741 1.61845e+06
742 1.61858e+06
743 1.61863e+06
744 1.6187e+06
745 1.61872e+06
746 1.61876e+06
747 1.61884e+06
748 1.61892e+06
749 1.61894e+06
750 1.61904e+06
751 1.61905e+06
752 1.61916e+06
753 1.61917e+06
754 1.61919e+06
755 1.61923e+06
756 1.6193e+06
757 1.61937e+06
758 1.61938e+06
759 1.6194e+06
760 1.6195e+06
761 1.61957e+06
762 1.61966e+06
763 1.61976e+06
764 1.61978e+06
765 1.6198e+06
766 1.61981e+06
767 1.61985e+06
768 1.61986e+06
769 1.61989e+06
770 1.61996e+06
771 1.61996e+06
772 1.62005e+06
773 1.62008e+06
774 1.62009e+06
775 1.62015e+06
776 1.62017e+06
777 1.62017e+06
778 1.62019e+06
779 1.62028e+06
780 1.62033e+06
781 1.62041e+06
782 1.62043e+06
783 1.62055e+06
784 1.62061e+06
785 1.62062e+06
786 1.62067e+06
787 1.62074e+06
788 1.62084e+06
789 1.6209e+06
790 1.62093e+06
791 1.62098e+06
792 1.62112e+06
793 1.62117e+06
794 1.62123e+06
795 1.62129e+06
796 1.6213e+06
797 1.62132e+06
798 1.62136e+06
799 1.6214e+06
800 1.62148e+06
801 1.62154e+06
802 1.62156e+06
803 1.62166e+06
804 1.62168e+06
805 1.62177e+06
806 1.62182e+06
807 1.62184e+06
808 1.62188e+06
809 1.62193e+06
810 1.62199e+06
811 1.62206e+06
812 1.62216e+06
813 1.62224e+06
814 1.62228e+06
815 1.62228e+06
816 1.62233e+06
817 1.62236e+06
818 1.62236e+06
819 1.62236e+06
820 1.62243e+06
821 1.62249e+06
822 1.62253e+06
823 1.62256e+06
824 1.62261e+06
825 1.62261e+06
826 1.62263e+06
827 1.62266e+06
828 1.62271e+06
829 1.62276e+06
830 1.62279e+06
831 1.62287e+06
832 1.6231e+06
833 1.62326e+06
834 1.62337e+06
835 1.6234e+06
836 1.62349e+06
837 1.62359e+06
838 1.62364e+06
839 1.62372e+06
840 1.62377e+06
841 1.62387e+06
842 1.62396e+06
843 1.624e+06
844 1.62404e+06
845 1.62411e+06
846 1.62414e+06
847 1.62422e+06
848 1.62422e+06
849 1.62429e+06
850 1.62431e+06
851 1.6244e+06
852 1.62447e+06
853 1.62457e+06
854 1.62465e+06
855 1.62473e+06
856 1.62476e+06
857 1.62479e+06
858 1.62488e+06
859 1.62489e+06
860 1.62494e+06
861 1.62499e+06
862 1.62503e+06
863 1.62505e+06
864 1.62507e+06
865 1.62509e+06
866 1.62528e+06
867 1.62528e+06
868 1.62532e+06
869 1.62536e+06
870 1.62539e+06
871 1.62546e+06
872 1.6255e+06
873 1.6256e+06
874 1.62575e+06
875 1.62577e+06
876 1.62583e+06
877 1.62592e+06
878 1.62607e+06
879 1.62607e+06
880 1.6261e+06
881 1.62615e+06
882 1.62619e+06
883 1.62622e+06
884 1.62624e+06
885 1.62629e+06
886 1.6263e+06
887 1.62632e+06
888 1.62632e+06
889 1.62633e+06
890 1.62639e+06
891 1.62642e+06
892 1.62642e+06
893 1.62652e+06
894 1.62658e+06
895 1.62658e+06
896 1.62659e+06
897 1.62664e+06
898 1.62666e+06
899 1.62668e+06
900 1.62671e+06
901 1.62671e+06
902 1.6268e+06
903 1.62695e+06
904 1.62695e+06
905 1.627e+06
906 1.62706e+06
907 1.62712e+06
908 1.62715e+06
909 1.62722e+06
910 1.62724e+06
911 1.62732e+06
912 1.62734e+06
913 1.62735e+06
914 1.62744e+06
915 1.6275e+06
916 1.62754e+06
917 1.62757e+06
918 1.62763e+06
919 1.62769e+06
920 1.62783e+06
921 1.62795e+06
922 1.62802e+06
923 1.62803e+06
924 1.62811e+06
925 1.62813e+06
926 1.62825e+06
927 1.62832e+06
928 1.62831e+06
929 1.62836e+06
930 1.62849e+06
931 1.62854e+06
932 1.62855e+06
933 1.62871e+06
934 1.62879e+06
935 1.62882e+06
936 1.62882e+06
937 1.62892e+06
938 1.62899e+06
939 1.62907e+06
940 1.62909e+06
941 1.62917e+06
942 1.6292e+06
943 1.6292e+06
944 1.6292e+06
945 1.62924e+06
946 1.62929e+06
947 1.62932e+06
948 1.6294e+06
949 1.62949e+06
950 1.62948e+06
951 1.62948e+06
952 1.62965e+06
953 1.62973e+06
954 1.62978e+06
955 1.62996e+06
956 1.62999e+06
957 1.63e+06
958 1.63005e+06
959 1.63006e+06
960 1.63007e+06
961 1.63014e+06
962 1.63017e+06
963 1.63024e+06
964 1.63026e+06
965 1.63036e+06
966 1.63036e+06
967 1.63038e+06
968 1.6304e+06
969 1.63043e+06
970 1.63044e+06
971 1.63045e+06
972 1.63045e+06
973 1.63054e+06
974 1.63055e+06
975 1.63069e+06
976 1.63076e+06
977 1.63077e+06
978 1.63085e+06
979 1.63093e+06
980 1.63095e+06
981 1.63101e+06
982 1.63103e+06
983 1.63113e+06
984 1.63123e+06
985 1.63128e+06
986 1.63133e+06
987 1.63135e+06
988 1.63142e+06
989 1.63142e+06
990 1.63148e+06
991 1.63154e+06
992 1.63157e+06
993 1.63169e+06
994 1.63184e+06
995 1.6319e+06
996 1.63197e+06
997 1.632e+06
998 1.63207e+06
999 1.63208e+06
1000 1.63218e+06
