128 0.3 0.432
0 156776
1 1.56787e+06
2 1.56795e+06
3 1.568e+06
4 1.56814e+06
5 1.56817e+06
6 1.56826e+06
7 1.56834e+06
8 1.56837e+06
9 1.5684e+06
10 1.56847e+06
11 1.5686e+06
12 1.56872e+06
13 1.56872e+06
14 1.56878e+06
15 1.56887e+06
16 1.56893e+06
17 1.56901e+06
18 1.56909e+06
19 1.56937e+06
20 1.56941e+06
21 1.56954e+06
22 1.56963e+06
23 1.5697e+06
24 1.56985e+06
25 1.56991e+06
26 1.56994e+06
27 1.56998e+06
28 1.57003e+06
29 1.5701e+06
30 1.57033e+06
31 1.57037e+06
32 1.57049e+06
33 1.57054e+06
34 1.57062e+06
35 1.57077e+06
36 1.57079e+06
37 1.57086e+06
38 1.57095e+06
39 1.57106e+06
40 1.57114e+06
41 1.57122e+06
42 1.57132e+06
43 1.57146e+06
44 1.57149e+06
45 1.57153e+06
46 1.57157e+06
47 1.57168e+06
48 1.57181e+06
49 1.57187e+06
50 1.57204e+06
51 1.57206e+06
52 1.57223e+06
53 1.57241e+06
54 1.57256e+06
55 1.57261e+06
56 1.57274e+06
57 1.57281e+06
58 1.57296e+06
59 1.57305e+06
60 1.57316e+06
61 1.57335e+06
62 1.57339e+06
63 1.57356e+06
64 1.57363e+06
65 1.57375e+06
66 1.5738e+06
67 1.5738e+06
68 1.57385e+06
69 1.5739e+06
70 1.57409e+06
71 1.5742e+06
72 1.57422e+06
73 1.57432e+06
74 1.57439e+06
75 1.57455e+06
76 1.57459e+06
77 1.57474e+06
78 1.57476e+06
79 1.57488e+06
80 1.57492e+06
81 1.57501e+06
82 1.57504e+06
83 1.57518e+06
84 1.57532e+06
85 1.57548e+06
86 1.57553e+06
87 1.57567e+06
88 1.57578e+06
89 1.57595e+06
90 1.576e+06
91 1.57608e+06
92 1.57609e+06
93 1.57617e+06
94 1.57633e+06
95 1.57642e+06
96 1.57653e+06
97 1.57667e+06
98 1.57671e+06
99 1.57678e+06
100 1.57684e+06
101 1.57696e+06
102 1.577e+06
103 1.57712e+06
104 1.57727e+06
105 1.57727e+06
106 1.57743e+06
107 1.57746e+06
108 1.57751e+06
109 1.57754e+06
110 1.57759e+06
111 1.57764e+06
112 1.5777e+06
113 1.57783e+06
114 1.57789e+06
115 1.57806e+06
116 1.57816e+06
117 1.57823e+06
118 1.57827e+06
119 1.57835e+06
120 1.57839e+06
121 1.5784e+06
122 1.57849e+06
123 1.57856e+06
124 1.57868e+06
125 1.57879e+06
126 1.57882e+06
127 1.57893e+06
128 1.57911e+06
129 1.57912e+06
130 1.57924e+06
131 1.57928e+06
132 1.57938e+06
133 1.57945e+06
134 1.57955e+06
135 1.57965e+06
136 1.57971e+06
137 1.57977e+06
138 1.57993e+06
139 1.58002e+06
140 1.58026e+06
141 1.58034e+06
142 1.58046e+06
143 1.5805e+06
144 1.58061e+06
145 1.58072e+06
146 1.58072e+06
147 1.58082e+06
148 1.58092e+06
149 1.58097e+06
150 1.58104e+06
151 1.58115e+06
152 1.58117e+06
153 1.58129e+06
154 1.58147e+06
155 1.58151e+06
156 1.58164e+06
157 1.58172e+06
158 1.58182e+06
159 1.58188e+06
160 1.58194e+06
161 1.58209e+06
162 1.58215e+06
163 1.58225e+06
164 1.58235e+06
165 1.58239e+06
166 1.58256e+06
167 1.58262e+06
168 1.58267e+06
169 1.58274e+06
170 1.58294e+06
171 1.583e+06
172 1.58306e+06
173 1.58312e+06
174 1.58314e+06
175 1.58327e+06
176 1.58334e+06
177 1.58344e+06
178 1.58345e+06
179 1.58346e+06
180 1.58355e+06
181 1.58362e+06
182 1.58369e+06
183 1.58377e+06
184 1.58377e+06
185 1.58382e+06
186 1.58395e+06
187 1.58426e+06
188 1.58435e+06
189 1.58439e+06
190 1.58442e+06
191 1.58446e+06
192 1.5846e+06
193 1.58473e+06
194 1.58479e+06
195 1.5849e+06
196 1.58496e+06
197 1.58501e+06
198 1.58502e+06
199 1.58503e+06
200 1.5851e+06
201 1.58516e+06
202 1.58526e+06
203 1.58538e+06
204 1.58544e+06
205 1.58547e+06
206 1.5856e+06
207 1.58566e+06
208 1.58571e+06
209 1.58576e+06
210 1.58584e+06
211 1.58592e+06
212 1.58596e+06
213 1.58601e+06
214 1.58612e+06
215 1.58616e+06
216 1.58622e+06
217 1.58625e+06
218 1.58628e+06
219 1.58634e+06
220 1.58646e+06
221 1.5865e+06
222 1.5866e+06
223 1.58674e+06
224 1.58679e+06
225 1.5869e+06
226 1.58699e+06
227 1.58703e+06
228 1.58711e+06
229 1.58718e+06
230 1.5872e+06
231 1.5872e+06
232 1.58733e+06
233 1.58737e+06
234 1.58738e+06
235 1.58756e+06
236 1.58759e+06
237 1.58774e+06
238 1.58782e+06
239 1.58785e+06
240 1.58791e+06
241 1.58796e+06
242 1.58807e+06
243 1.58814e+06
244 1.58814e+06
245 1.58817e+06
246 1.58828e+06
247 1.58832e+06
248 1.58835e+06
249 1.58836e+06
250 1.58836e+06
251 1.5885e+06
252 1.5885e+06
253 1.58857e+06
254 1.58862e+06
255 1.5887e+06
256 1.58879e+06
257 1.58883e+06
258 1.5889e+06
259 1.58898e+06
260 1.58913e+06
261 1.58928e+06
262 1.58934e+06
263 1.5894e+06
264 1.58943e+06
265 1.58948e+06
266 1.58955e+06
267 1.5896e+06
268 1.58977e+06
269 1.58981e+06
270 1.58988e+06
271 1.5899e+06
272 1.58995e+06
273 1.59005e+06
274 1.59015e+06
275 1.59027e+06
276 1.59034e+06
277 1.59044e+06
278 1.59045e+06
279 1.59053e+06
280 1.59062e+06
281 1.59064e+06
282 1.59065e+06
283 1.59065e+06
284 1.59069e+06
285 1.59072e+06
286 1.59082e+06
287 1.59094e+06
288 1.59098e+06
289 1.59105e+06
290 1.59109e+06
291 1.59123e+06
292 1.59124e+06
293 1.59132e+06
294 1.59139e+06
295 1.59144e+06
296 1.59156e+06
297 1.59158e+06
298 1.59171e+06
299 1.59177e+06
300 1.59187e+06
301 1.59189e+06
302 1.59194e+06
303 1.59201e+06
304 1.59205e+06
305 1.59206e+06
306 1.59211e+06
307 1.59213e+06
308 1.59224e+06
309 1.59229e+06
310 1.59243e+06
311 1.59246e+06
312 1.59255e+06
313 1.5926e+06
314 1.59263e+06
315 1.59268e+06
316 1.59274e+06
317 1.5928e+06
318 1.59283e+06
319 1.59292e+06
320 1.59296e+06
321 1.59308e+06
322 1.59311e+06
323 1.59317e+06
324 1.59319e+06
325 1.59329e+06
326 1.59343e+06
327 1.59353e+06
328 1.59367e+06
329 1.59382e+06
330 1.59388e+06
331 1.59394e+06
332 1.59396e+06
333 1.59398e+06
334 1.59406e+06
335 1.5941e+06
336 1.59416e+06
337 1.59422e+06
338 1.59434e+06
339 1.59447e+06
340 1.59452e+06
341 1.59454e+06
342 1.59457e+06
343 1.5946e+06
344 1.59467e+06
345 1.59469e+06
346 1.59474e+06
347 1.59479e+06
348 1.59488e+06
349 1.59492e+06
350 1.59506e+06
351 1.59507e+06
352 1.59514e+06
353 1.59516e+06
354 1.5952e+06
355 1.59528e+06
356 1.59533e+06
357 1.59535e+06
358 1.59537e+06
359 1.59539e+06
360 1.59548e+06
361 1.59555e+06
362 1.59558e+06
363 1.59562e+06
364 1.59567e+06
365 1.59571e+06
366 1.59577e+06
367 1.59585e+06
368 1.59606e+06
369 1.59607e+06
370 1.59619e+06
371 1.5963e+06
372 1.59644e+06
373 1.59648e+06
374 1.59652e+06
375 1.59655e+06
376 1.59667e+06
377 1.59669e+06
378 1.59677e+06
379 1.59682e+06
380 1.59697e+06
381 1.59701e+06
382 1.59714e+06
383 1.59718e+06
384 1.59718e+06
385 1.59719e+06
386 1.59721e+06
387 1.59728e+06
388 1.59736e+06
389 1.59746e+06
390 1.59755e+06
391 1.59763e+06
392 1.5977e+06
393 1.59775e+06
394 1.59782e+06
395 1.5979e+06
396 1.59795e+06
397 1.598e+06
398 1.59805e+06
399 1.59813e+06
400 1.59824e+06
401 1.59848e+06
402 1.59848e+06
403 1.59848e+06
404 1.59853e+06
405 1.59858e+06
406 1.59862e+06
407 1.59864e+06
408 1.59866e+06
409 1.5987e+06
410 1.59878e+06
411 1.59882e+06
412 1.59884e+06
413 1.59893e+06
414 1.59907e+06
415 1.59912e+06
416 1.59916e+06
417 1.59921e+06
418 1.59927e+06
419 1.59936e+06
420 1.59938e+06
421 1.59945e+06
422 1.59946e+06
423 1.59959e+06
424 1.59964e+06
425 1.59971e+06
426 1.59971e+06
427 1.5998e+06
428 1.59987e+06
429 1.5999e+06
430 1.5999e+06
431 1.59999e+06
432 1.60007e+06
433 1.60008e+06
434 1.60008e+06
435 1.60013e+06
436 1.60021e+06
437 1.60025e+06
438 1.60026e+06
439 1.60037e+06
440 1.60037e+06
441 1.60051e+06
442 1.60055e+06
443 1.60062e+06
444 1.60066e+06
445 1.60072e+06
446 1.60072e+06
447 1.60072e+06
448 1.60079e+06
449 1.60086e+06
450 1.60087e+06
451 1.6009e+06
452 1.60102e+06
453 1.60114e+06
454 1.60116e+06
455 1.60116e+06
456 1.60126e+06
457 1.60135e+06
458 1.60143e+06
459 1.60152e+06
460 1.60155e+06
461 1.60161e+06
462 1.60166e+06
463 1.60174e+06
464 1.6019e+06
465 1.60194e+06
466 1.60206e+06
467 1.60222e+06
468 1.60234e+06
469 1.60242e+06
470 1.60244e+06
471 1.6025e+06
472 1.60251e+06
473 1.60254e+06
474 1.60255e+06
475 1.60257e+06
476 1.60265e+06
477 1.6027e+06
478 1.60274e+06
479 1.60282e+06
480 1.60287e+06
481 1.60293e+06
482 1.60298e+06
483 1.60302e+06
484 1.60302e+06
485 1.60311e+06
486 1.60313e+06
487 1.60319e+06
488 1.60336e+06
489 1.60338e+06
490 1.60349e+06
491 1.60357e+06
492 1.60359e+06
493 1.60368e+06
494 1.60367e+06
495 1.60374e+06
496 1.60378e+06
497 1.6039e+06
498 1.60395e+06
499 1.60396e+06
500 1.60403e+06
501 1.60405e+06
502 1.60405e+06
503 1.60416e+06
504 1.60418e+06
505 1.60418e+06
506 1.6042e+06
507 1.6043e+06
508 1.6043e+06
509 1.60436e+06
510 1.60444e+06
511 1.60448e+06
512 1.60464e+06
513 1.60469e+06
514 1.60474e+06
515 1.60475e+06
516 1.60476e+06
517 1.60484e+06
518 1.60487e+06
519 1.60496e+06
520 1.60498e+06
521 1.60509e+06
522 1.6051e+06
523 1.60514e+06
524 1.60515e+06
525 1.60519e+06
526 1.60524e+06
527 1.60537e+06
528 1.60539e+06
529 1.60544e+06
530 1.60546e+06
531 1.60555e+06
532 1.60562e+06
533 1.60564e+06
534 1.6057e+06
535 1.60577e+06
536 1.60583e+06
537 1.60588e+06
538 1.60595e+06
539 1.60603e+06
540 1.6061e+06
541 1.60617e+06
542 1.60622e+06
543 1.6063e+06
544 1.60642e+06
545 1.60644e+06
546 1.60657e+06
547 1.60662e+06
548 1.6067e+06
549 1.60674e+06
550 1.60681e+06
551 1.60688e+06
552 1.60688e+06
553 1.607e+06
554 1.60704e+06
555 1.60709e+06
556 1.6071e+06
557 1.6072e+06
558 1.60722e+06
559 1.60727e+06
560 1.60727e+06
561 1.6073e+06
562 1.60739e+06
563 1.60752e+06
564 1.60769e+06
565 1.60774e+06
566 1.60783e+06
567 1.60789e+06
568 1.60792e+06
569 1.60794e+06
570 1.60795e+06
571 1.60808e+06
572 1.60812e+06
573 1.60822e+06
574 1.60827e+06
575 1.60829e+06
576 1.60833e+06
577 1.60842e+06
578 1.60846e+06
579 1.60849e+06
580 1.60858e+06
581 1.60864e+06
582 1.60871e+06
583 1.60876e+06
584 1.60878e+06
585 1.60885e+06
586 1.6089e+06
587 1.60892e+06
588 1.60901e+06
589 1.60905e+06
590 1.60916e+06
591 1.60919e+06
592 1.60923e+06
593 1.60931e+06
594 1.60939e+06
595 1.6095e+06
596 1.6095e+06
597 1.60954e+06
598 1.60954e+06
599 1.60955e+06
600 1.60958e+06
601 1.60976e+06
602 1.60983e+06
603 1.60983e+06
604 1.60991e+06
605 1.61e+06
606 1.61008e+06
607 1.61017e+06
608 1.61031e+06
609 1.61033e+06
610 1.61033e+06
611 1.61037e+06
612 1.61045e+06
613 1.61053e+06
614 1.61055e+06
615 1.61073e+06
616 1.61076e+06
617 1.61087e+06
618 1.61097e+06
619 1.61101e+06
620 1.61105e+06
621 1.61119e+06
622 1.61123e+06
623 1.6113e+06
624 1.61139e+06
625 1.61144e+06
626 1.61158e+06
627 1.61164e+06
628 1.61164e+06
629 1.6117e+06
630 1.61183e+06
631 1.61188e+06
632 1.61203e+06
633 1.61206e+06
634 1.6121e+06
635 1.6122e+06
636 1.61223e+06
637 1.61225e+06
638 1.61229e+06
639 1.61236e+06
640 1.61237e+06
641 1.61248e+06
642 1.6125e+06
643 1.61257e+06
644 1.61258e+06
645 1.61266e+06
646 1.61275e+06
647 1.6128e+06
648 1.61282e+06
649 1.61288e+06
650 1.6129e+06
651 1.6129e+06
652 1.61304e+06
653 1.61307e+06
654 1.61309e+06
655 1.61325e+06
656 1.61335e+06
657 1.61335e+06
658 1.6134e+06
659 1.6134e+06
660 1.61341e+06
661 1.61355e+06
662 1.61359e+06
663 1.6136e+06
664 1.61361e+06
665 1.61366e+06
666 1.61378e+06
667 1.61384e+06
668 1.61384e+06
669 1.6139e+06
670 1.61396e+06
671 1.61408e+06
672 1.61411e+06
673 1.61417e+06
674 1.6142e+06
675 1.61432e+06
676 1.61435e+06
677 1.61435e+06
678 1.61438e+06
679 1.61443e+06
680 1.61452e+06
681 1.61467e+06
682 1.61469e+06
683 1.61474e+06
684 1.6148e+06
685 1.61492e+06
686 1.61498e+06
687 1.61515e+06
688 1.6152e+06
689 1.61525e+06
690 1.6153e+06
691 1.61542e+06
692 1.61545e+06
693 1.61546e+06
694 1.61558e+06
695 1.61567e+06
696 1.61567e+06
697 1.61572e+06
698 1.61573e+06
699 1.61577e+06
700 1.61584e+06
701 1.61608e+06
702 1.61614e+06
703 1.61624e+06
704 1.61633e+06
705 1.61637e+06
706 1.61647e+06
707 1.61651e+06
708 1.61658e+06
709 1.61666e+06
710 1.61666e+06
711 1.61672e+06
712 1.61676e+06
713 1.6168e+06
714 1.61691e+06
715 1.61698e+06
716 1.61706e+06
717 1.6171e+06
718 1.61713e+06
719 1.61714e+06
720 1.61717e+06
721 1.6172e+06
722 1.6172e+06
723 1.61721e+06
724 1.6173e+06
725 1.61735e+06
726 1.6174e+06
727 1.61744e+06
728 1.61746e+06
729 1.61755e+06
730 1.61762e+06
731 1.61762e+06
732 1.61766e+06
733 1.61772e+06
734 1.61774e+06
735 1.61776e+06
736 1.61785e+06
737 1.61786e+06
738 1.61802e+06
739 1.61807e+06
740 1.61811e+06
741 1.61822e+06
742 1.61825e+06
743 1.61842e+06
744 1.61857e+06
745 1.61867e+06
746 1.61867e+06
747 1.61873e+06
748 1.61874e+06
749 1.61878e+06
750 1.61885e+06
751 1.61885e+06
752 1.61889e+06
753 1.61897e+06
754 1.61903e+06
755 1.61906e+06
756 1.61912e+06
757 1.61915e+06
758 1.61919e+06
759 1.61932e+06
760 1.61932e+06
761 1.61938e+06
762 1.6194e+06
763 1.6194e+06
764 1.61943e+06
765 1.61954e+06
766 1.6196e+06
767 1.61968e+06
768 1.61974e+06
769 1.61982e+06
770 1.61989e+06
771 1.61995e+06
772 1.61996e+06
773 1.61998e+06
774 1.62012e+06
775 1.62015e+06
776 1.6202e+06
777 1.62032e+06
778 1.62037e+06
779 1.62049e+06
780 1.6205e+06
781 1.6205e+06
782 1.62058e+06
783 1.62058e+06
784 1.62063e+06
785 1.62063e+06
786 1.62065e+06
787 1.62073e+06
788 1.62077e+06
789 1.62082e+06
790 1.62084e+06
791 1.62088e+06
792 1.62091e+06
793 1.621e+06
794 1.62108e+06
795 1.62113e+06
796 1.62113e+06
797 1.62121e+06
798 1.62127e+06
799 1.6213e+06
800 1.62138e+06
801 1.6214e+06
802 1.62142e+06
803 1.62147e+06
804 1.62147e+06
805 1.62147e+06
806 1.62175e+06
807 1.62178e+06
808 1.62183e+06
809 1.62188e+06
810 1.62194e+06
811 1.62198e+06
812 1.62202e+06
813 1.6221e+06
814 1.62213e+06
815 1.62224e+06
816 1.62226e+06
817 1.62246e+06
818 1.6226e+06
819 1.62269e+06
820 1.62274e+06
821 1.6228e+06
822 1.62289e+06
823 1.62294e+06
824 1.62295e+06
825 1.62308e+06
826 1.62319e+06
827 1.62326e+06
828 1.62327e+06
829 1.62332e+06
830 1.62343e+06
831 1.62347e+06
832 1.62355e+06
833 1.6237e+06
834 1.62372e+06
835 1.62378e+06
836 1.62384e+06
837 1.62389e+06
838 1.62397e+06
839 1.62402e+06
840 1.62405e+06
841 1.6241e+06
842 1.62414e+06
843 1.62418e+06
844 1.62418e+06
845 1.62421e+06
846 1.6243e+06
847 1.62436e+06
848 1.62443e+06
849 1.62444e+06
850 1.6245e+06
851 1.62457e+06
852 1.62468e+06
853 1.62476e+06
854 1.6249e+06
855 1.62496e+06
856 1.62496e+06
857 1.62508e+06
858 1.62513e+06
859 1.62516e+06
860 1.62516e+06
861 1.62518e+06
862 1.62518e+06
863 1.62523e+06
864 1.62523e+06
865 1.62527e+06
866 1.6253e+06
867 1.6253e+06
868 1.62534e+06
869 1.62534e+06
870 1.62538e+06
871 1.62539e+06
872 1.62544e+06
873 1.62553e+06
874 1.62554e+06
875 1.62555e+06
876 1.6256e+06
877 1.62568e+06
878 1.62584e+06
879 1.62593e+06
880 1.62594e+06
881 1.626e+06
882 1.62602e+06
883 1.62608e+06
884 1.62609e+06
885 1.62616e+06
886 1.62617e+06
887 1.62618e+06
888 1.6262e+06
889 1.62633e+06
890 1.62634e+06
891 1.62645e+06
892 1.62655e+06
893 1.62664e+06
894 1.62666e+06
895 1.62674e+06
896 1.62678e+06
897 1.62684e+06
898 1.62686e+06
899 1.6269e+06
900 1.62694e+06
901 1.62706e+06
902 1.62708e+06
903 1.62715e+06
904 1.62715e+06
905 1.62716e+06
906 1.62726e+06
907 1.62726e+06
908 1.62735e+06
909 1.62741e+06
910 1.62752e+06
911 1.62753e+06
912 1.62768e+06
913 1.62778e+06
914 1.62794e+06
915 1.628e+06
916 1.62802e+06
917 1.62809e+06
918 1.6281e+06
919 1.62815e+06
920 1.62821e+06
921 1.62823e+06
922 1.62825e+06
923 1.62828e+06
924 1.62838e+06
925 1.62838e+06
926 1.62843e+06
927 1.62849e+06
928 1.62856e+06
929 1.62865e+06
930 1.62865e+06
931 1.62867e+06
932 1.62877e+06
933 1.62878e+06
934 1.62883e+06
935 1.62887e+06
936 1.62888e+06
937 1.62892e+06
938 1.62894e+06
939 1.62903e+06
940 1.62907e+06
941 1.6291e+06
942 1.62912e+06
943 1.62918e+06
944 1.62925e+06
945 1.62928e+06
946 1.62931e+06
947 1.62934e+06
948 1.62938e+06
949 1.62953e+06
950 1.62955e+06
951 1.62967e+06
952 1.62977e+06
953 1.62984e+06
954 1.62986e+06
955 1.63002e+06
956 1.6301e+06
957 1.63015e+06
958 1.63024e+06
959 1.63026e+06
960 1.63034e+06
961 1.63051e+06
962 1.63054e+06
963 1.63054e+06
964 1.63057e+06
965 1.63057e+06
966 1.63061e+06
967 1.63064e+06
968 1.63067e+06
969 1.6308e+06
970 1.63082e+06
971 1.63088e+06
972 1.63089e+06
973 1.63097e+06
974 1.63109e+06
975 1.63116e+06
976 1.63116e+06
977 1.63124e+06
978 1.63125e+06
979 1.63129e+06
980 1.63133e+06
981 1.63134e+06
982 1.63141e+06
983 1.63145e+06
984 1.63145e+06
985 1.63156e+06
986 1.63159e+06
987 1.63163e+06
988 1.63167e+06
989 1.63174e+06
990 1.63175e+06
991 1.63182e+06
992 1.63185e+06
993 1.63186e+06
994 1.63192e+06
995 1.63199e+06
996 1.63206e+06
997 1.6321e+06
998 1.63215e+06
999 1.63224e+06
1000 1.63232e+06
