128 0.3 0.411
0 156776
1 1.56784e+06
2 1.56788e+06
3 1.56794e+06
4 1.56812e+06
5 1.5683e+06
6 1.56845e+06
7 1.56848e+06
8 1.56854e+06
9 1.56862e+06
10 1.56874e+06
11 1.56882e+06
12 1.56882e+06
13 1.56892e+06
14 1.56903e+06
15 1.56909e+06
16 1.56919e+06
17 1.56942e+06
18 1.56948e+06
19 1.56953e+06
20 1.56966e+06
21 1.5697e+06
22 1.56976e+06
23 1.56986e+06
24 1.57015e+06
25 1.5702e+06
26 1.5703e+06
27 1.5704e+06
28 1.57046e+06
29 1.57056e+06
30 1.57064e+06
31 1.5707e+06
32 1.57082e+06
33 1.57084e+06
34 1.57094e+06
35 1.57115e+06
36 1.57124e+06
37 1.57139e+06
38 1.5714e+06
39 1.57149e+06
40 1.57151e+06
41 1.57162e+06
42 1.57172e+06
43 1.57187e+06
44 1.57192e+06
45 1.57202e+06
46 1.57203e+06
47 1.57213e+06
48 1.57225e+06
49 1.57228e+06
50 1.57234e+06
51 1.57239e+06
52 1.57252e+06
53 1.57262e+06
54 1.57267e+06
55 1.57275e+06
56 1.57279e+06
57 1.57298e+06
58 1.57303e+06
59 1.57309e+06
60 1.57317e+06
61 1.5732e+06
62 1.57336e+06
63 1.57339e+06
64 1.57358e+06
65 1.57365e+06
66 1.57373e+06
67 1.57387e+06
68 1.57391e+06
69 1.574e+06
70 1.57404e+06
71 1.57414e+06
72 1.57421e+06
73 1.5744e+06
74 1.57452e+06
75 1.57464e+06
76 1.57475e+06
77 1.57486e+06
78 1.57491e+06
79 1.57493e+06
80 1.57499e+06
81 1.57509e+06
82 1.57513e+06
83 1.57515e+06
84 1.57525e+06
85 1.57533e+06
86 1.57539e+06
87 1.5755e+06
88 1.57559e+06
89 1.57565e+06
90 1.57569e+06
91 1.57572e+06
92 1.57582e+06
93 1.57592e+06
94 1.57611e+06
95 1.57623e+06
96 1.5763e+06
97 1.57637e+06
98 1.57645e+06
99 1.57657e+06
100 1.57662e+06
101 1.5767e+06
102 1.57676e+06
103 1.57689e+06
104 1.57701e+06
105 1.57706e+06
106 1.57712e+06
107 1.57712e+06
108 1.57713e+06
109 1.5772e+06
110 1.57727e+06
111 1.57738e+06
112 1.57744e+06
113 1.57762e+06
114 1.57771e+06
115 1.57784e+06
116 1.57791e+06
117 1.57799e+06
118 1.57805e+06
119 1.5781e+06
120 1.57819e+06
121 1.57829e+06
122 1.5783e+06
123 1.57834e+06
124 1.57845e+06
125 1.5786e+06
126 1.57866e+06
127 1.57874e+06
128 1.57877e+06
129 1.57886e+06
130 1.5789e+06
131 1.57898e+06
132 1.5791e+06
133 1.57922e+06
134 1.57936e+06
135 1.57944e+06
136 1.57953e+06
137 1.57959e+06
138 1.57967e+06
139 1.57969e+06
140 1.5798e+06
141 1.57988e+06
142 1.57992e+06
143 1.57998e+06
144 1.58018e+06
145 1.58032e+06
146 1.58035e+06
147 1.5804e+06
148 1.58048e+06
149 1.58053e+06
150 1.58059e+06
151 1.58061e+06
152 1.58066e+06
153 1.58072e+06
154 1.58083e+06
155 1.58092e+06
156 1.58106e+06
157 1.58117e+06
158 1.58124e+06
159 1.58136e+06
160 1.58144e+06
161 1.5815e+06
162 1.58152e+06
163 1.58162e+06
164 1.58168e+06
165 1.58175e+06
166 1.58183e+06
167 1.58201e+06
168 1.58206e+06
169 1.58209e+06
170 1.58215e+06
171 1.58219e+06
172 1.58228e+06
173 1.58241e+06
174 1.58252e+06
175 1.58255e+06
176 1.5826e+06
177 1.58261e+06
178 1.58271e+06
179 1.58276e+06
180 1.58278e+06
181 1.58282e+06
182 1.58295e+06
183 1.58302e+06
184 1.58318e+06
185 1.58333e+06
186 1.58343e+06
187 1.58345e+06
188 1.5835e+06
189 1.58363e+06
190 1.58371e+06
191 1.58378e+06
192 1.58385e+06
193 1.5839e+06
194 1.58396e+06
195 1.584e+06
196 1.5841e+06
197 1.58413e+06
198 1.58423e+06
199 1.58429e+06
200 1.58432e+06
201 1.58437e+06
202 1.58437e+06
203 1.58454e+06
204 1.58467e+06
205 1.58477e+06
206 1.58482e+06
207 1.58487e+06
208 1.58492e+06
209 1.58495e+06
210 1.58499e+06
211 1.5851e+06
212 1.5852e+06
213 1.58521e+06
214 1.58525e+06
215 1.58536e+06
216 1.58541e+06
217 1.58546e+06
218 1.58561e+06
219 1.58567e+06
220 1.5857e+06
221 1.58575e+06
222 1.58582e+06
223 1.58586e+06
224 1.58593e+06
225 1.58597e+06
226 1.58598e+06
227 1.586e+06
228 1.58605e+06
229 1.58614e+06
230 1.58624e+06
231 1.58629e+06
232 1.58637e+06
233 1.58643e+06
234 1.58654e+06
235 1.58662e+06
236 1.58679e+06
237 1.58683e+06
238 1.58696e+06
239 1.58698e+06
240 1.58705e+06
241 1.58712e+06
242 1.58721e+06
243 1.58731e+06
244 1.58739e+06
245 1.5875e+06
246 1.58754e+06
247 1.58759e+06
248 1.58773e+06
249 1.58775e+06
250 1.58777e+06
251 1.58781e+06
252 1.58787e+06
253 1.58791e+06
254 1.58796e+06
255 1.58808e+06
256 1.58824e+06
257 1.5883e+06
258 1.58833e+06
259 1.58838e+06
260 1.58843e+06
261 1.58856e+06
262 1.58866e+06
263 1.58869e+06
264 1.58872e+06
265 1.58879e+06
266 1.58881e+06
267 1.589e+06
268 1.58912e+06
269 1.5892e+06
270 1.58925e+06
271 1.58943e+06
272 1.58948e+06
273 1.58953e+06
274 1.58961e+06
275 1.58966e+06
276 1.58974e+06
277 1.58978e+06
278 1.58978e+06
279 1.58982e+06
280 1.58988e+06
281 1.58996e+06
282 1.5901e+06
283 1.59016e+06
284 1.59022e+06
285 1.59026e+06
286 1.59029e+06
287 1.59037e+06
288 1.59043e+06
289 1.59044e+06
290 1.5905e+06
291 1.5906e+06
292 1.59064e+06
293 1.59068e+06
294 1.5907e+06
295 1.59072e+06
296 1.59081e+06
297 1.59089e+06
298 1.59095e+06
299 1.59107e+06
300 1.59118e+06
301 1.59125e+06
302 1.59131e+06
303 1.59132e+06
304 1.59138e+06
305 1.59141e+06
306 1.59147e+06
307 1.5915e+06
308 1.59153e+06
309 1.59154e+06
310 1.59165e+06
311 1.59174e+06
312 1.5918e+06
313 1.59182e+06
314 1.59188e+06
315 1.59194e+06
316 1.59204e+06
317 1.59203e+06
318 1.59207e+06
319 1.59217e+06
320 1.59231e+06
321 1.59242e+06
322 1.59242e+06
323 1.59248e+06
324 1.59256e+06
325 1.5926e+06
326 1.59273e+06
327 1.59282e+06
328 1.59295e+06
329 1.59302e+06
330 1.59307e+06
331 1.59316e+06
332 1.59338e+06
333 1.59357e+06
334 1.59364e+06
335 1.59364e+06
336 1.59366e+06
337 1.59374e+06
338 1.59386e+06
339 1.59389e+06
340 1.59406e+06
341 1.59413e+06
342 1.59423e+06
343 1.59431e+06
344 1.59433e+06
345 1.59442e+06
346 1.59449e+06
347 1.59454e+06
348 1.59458e+06
349 1.59459e+06
350 1.59464e+06
351 1.59469e+06
352 1.59469e+06
353 1.59472e+06
354 1.59474e+06
355 1.59482e+06
356 1.59491e+06
357 1.59503e+06
358 1.59509e+06
359 1.5952e+06
360 1.59528e+06
361 1.59535e+06
362 1.59542e+06
363 1.59546e+06
364 1.59549e+06
365 1.59562e+06
366 1.59569e+06
367 1.59584e+06
368 1.59594e+06
369 1.59602e+06
370 1.59612e+06
371 1.59616e+06
372 1.59626e+06
373 1.59635e+06
374 1.59647e+06
375 1.59651e+06
376 1.59651e+06
377 1.59658e+06
378 1.59667e+06
379 1.59685e+06
380 1.59691e+06
381 1.59698e+06
382 1.59707e+06
383 1.59713e+06
384 1.59718e+06
385 1.5972e+06
386 1.59729e+06
387 1.59732e+06
388 1.59732e+06
389 1.59735e+06
390 1.59739e+06
391 1.59744e+06
392 1.59749e+06
393 1.59752e+06
394 1.59756e+06
395 1.5976e+06
396 1.59774e+06
397 1.59782e+06
398 1.59786e+06
399 1.59787e+06
400 1.59793e+06
401 1.59804e+06
402 1.5981e+06
403 1.59818e+06
404 1.59824e+06
405 1.5983e+06
406 1.59833e+06
407 1.59837e+06
408 1.59852e+06
409 1.59856e+06
410 1.59863e+06
411 1.59867e+06
412 1.59871e+06
413 1.59874e+06
414 1.59879e+06
415 1.59881e+06
416 1.59883e+06
417 1.59894e+06
418 1.59898e+06
419 1.59909e+06
420 1.59915e+06
421 1.59933e+06
422 1.59937e+06
423 1.59937e+06
424 1.59945e+06
425 1.59946e+06
426 1.59955e+06
427 1.59959e+06
428 1.59962e+06
429 1.59974e+06
430 1.59976e+06
431 1.59984e+06
432 1.59985e+06
433 1.59985e+06
434 1.59987e+06
435 1.59994e+06
436 1.60005e+06
437 1.60016e+06
438 1.60019e+06
439 1.60023e+06
440 1.60028e+06
441 1.60032e+06
442 1.60045e+06
443 1.60054e+06
444 1.60065e+06
445 1.6007e+06
446 1.60088e+06
447 1.60092e+06
448 1.60093e+06
449 1.60101e+06
450 1.60108e+06
451 1.60119e+06
452 1.60125e+06
453 1.60134e+06
454 1.60137e+06
455 1.60146e+06
456 1.60157e+06
457 1.60168e+06
458 1.60177e+06
459 1.60181e+06
460 1.60185e+06
461 1.60185e+06
462 1.60196e+06
463 1.60208e+06
464 1.60211e+06
465 1.60214e+06
466 1.60214e+06
467 1.60216e+06
468 1.60224e+06
469 1.60226e+06
470 1.60234e+06
471 1.60239e+06
472 1.60249e+06
473 1.60251e+06
474 1.60258e+06
475 1.60267e+06
476 1.6027e+06
477 1.60273e+06
478 1.60275e+06
479 1.60278e+06
480 1.60284e+06
481 1.60285e+06
482 1.60286e+06
483 1.60294e+06
484 1.603e+06
485 1.60306e+06
486 1.60308e+06
487 1.6031e+06
488 1.60312e+06
489 1.60314e+06
490 1.60322e+06
491 1.6033e+06
492 1.60331e+06
493 1.60344e+06
494 1.60348e+06
495 1.60361e+06
496 1.60362e+06
497 1.60369e+06
498 1.6038e+06
499 1.60392e+06
500 1.60398e+06
501 1.60413e+06
502 1.60415e+06
503 1.60427e+06
504 1.60427e+06
505 1.60433e+06
506 1.60438e+06
507 1.60451e+06
508 1.60457e+06
509 1.60464e+06
510 1.60472e+06
511 1.60476e+06
512 1.60485e+06
513 1.60488e+06
514 1.60502e+06
515 1.60506e+06
516 1.6051e+06
517 1.60515e+06
518 1.60518e+06
519 1.60532e+06
520 1.60537e+06
521 1.60542e+06
522 1.60545e+06
523 1.60552e+06
524 1.60562e+06
525 1.60571e+06
526 1.60577e+06
527 1.60581e+06
528 1.60582e+06
529 1.60583e+06
530 1.60584e+06
531 1.60595e+06
532 1.606e+06
533 1.60608e+06
534 1.60613e+06
535 1.60624e+06
536 1.6063e+06
537 1.60633e+06
538 1.60644e+06
539 1.60646e+06
540 1.60647e+06
541 1.60648e+06
542 1.6065e+06
543 1.60652e+06
544 1.60655e+06
545 1.60658e+06
546 1.6066e+06
547 1.60664e+06
548 1.6067e+06
549 1.60675e+06
550 1.60683e+06
551 1.60686e+06
552 1.60697e+06
553 1.60698e+06
554 1.60707e+06
555 1.60711e+06
556 1.60722e+06
557 1.60729e+06
558 1.6074e+06
559 1.60748e+06
560 1.60751e+06
561 1.60766e+06
562 1.60774e+06
563 1.6078e+06
564 1.60785e+06
565 1.60791e+06
566 1.60802e+06
567 1.60807e+06
568 1.60817e+06
569 1.60827e+06
570 1.60834e+06
571 1.60847e+06
572 1.60852e+06
573 1.6086e+06
574 1.60869e+06
575 1.60869e+06
576 1.60871e+06
577 1.60874e+06
578 1.60876e+06
579 1.6089e+06
580 1.60896e+06
581 1.60899e+06
582 1.60901e+06
583 1.60914e+06
584 1.60921e+06
585 1.6093e+06
586 1.60942e+06
587 1.60947e+06
588 1.60951e+06
589 1.60955e+06
590 1.60958e+06
591 1.60961e+06
592 1.60962e+06
593 1.60965e+06
594 1.60968e+06
595 1.60971e+06
596 1.60974e+06
597 1.6098e+06
598 1.60982e+06
599 1.60993e+06
600 1.60998e+06
601 1.61003e+06
602 1.61006e+06
603 1.61018e+06
604 1.61021e+06
605 1.61024e+06
606 1.61028e+06
607 1.61039e+06
608 1.61056e+06
609 1.6106e+06
610 1.61061e+06
611 1.61066e+06
612 1.6107e+06
613 1.61074e+06
614 1.61081e+06
615 1.61088e+06
616 1.61092e+06
617 1.61101e+06
618 1.611e+06
619 1.61112e+06
620 1.61117e+06
621 1.61124e+06
622 1.61135e+06
623 1.61137e+06
624 1.6114e+06
625 1.61143e+06
626 1.61157e+06
627 1.61164e+06
628 1.61168e+06
629 1.61183e+06
630 1.612e+06
631 1.6121e+06
632 1.61211e+06
633 1.61214e+06
634 1.61215e+06
635 1.61223e+06
636 1.6124e+06
637 1.61257e+06
638 1.61272e+06
639 1.61274e+06
640 1.61284e+06
641 1.61292e+06
642 1.613e+06
643 1.61301e+06
644 1.6131e+06
645 1.61312e+06
646 1.61322e+06
647 1.61332e+06
648 1.61342e+06
649 1.61352e+06
650 1.61357e+06
651 1.61365e+06
652 1.61371e+06
653 1.61371e+06
654 1.61374e+06
655 1.61384e+06
656 1.61396e+06
657 1.61402e+06
658 1.61405e+06
659 1.61416e+06
660 1.61425e+06
661 1.61426e+06
662 1.61435e+06
663 1.61441e+06
664 1.61444e+06
665 1.61446e+06
666 1.61446e+06
667 1.61448e+06
668 1.61448e+06
669 1.61453e+06
670 1.61453e+06
671 1.6146e+06
672 1.6146e+06
673 1.61471e+06
674 1.61479e+06
675 1.61485e+06
676 1.6149e+06
677 1.61492e+06
678 1.61496e+06
679 1.61497e+06
680 1.61498e+06
681 1.6151e+06
682 1.61516e+06
683 1.61522e+06
684 1.61525e+06
685 1.61525e+06
686 1.61531e+06
687 1.61542e+06
688 1.61548e+06
689 1.61553e+06
690 1.61558e+06
691 1.61563e+06
692 1.61569e+06
693 1.6157e+06
694 1.61575e+06
695 1.616e+06
696 1.61603e+06
697 1.61606e+06
698 1.61612e+06
699 1.61625e+06
700 1.61633e+06
701 1.61637e+06
702 1.61648e+06
703 1.61659e+06
704 1.61663e+06
705 1.61672e+06
706 1.61672e+06
707 1.61678e+06
708 1.6168e+06
709 1.61682e+06
710 1.61695e+06
711 1.61698e+06
712 1.61701e+06
713 1.6171e+06
714 1.6171e+06
715 1.61719e+06
716 1.61724e+06
717 1.61733e+06
718 1.6174e+06
719 1.61748e+06
720 1.61754e+06
721 1.61757e+06
722 1.61766e+06
723 1.61777e+06
724 1.6178e+06
725 1.61783e+06
726 1.61787e+06
727 1.61787e+06
728 1.61788e+06
729 1.61805e+06
730 1.61811e+06
731 1.61812e+06
732 1.61812e+06
733 1.61812e+06
734 1.61815e+06
735 1.61818e+06
736 1.61822e+06
737 1.61826e+06
738 1.61842e+06
739 1.61844e+06
740 1.61858e+06
741 1.61862e+06
742 1.61868e+06
743 1.61872e+06
744 1.61875e+06
745 1.61882e+06
746 1.61882e+06
747 1.61888e+06
748 1.6189e+06
749 1.61894e+06
750 1.61903e+06
751 1.61907e+06
752 1.61916e+06
753 1.61921e+06
754 1.61927e+06
755 1.6193e+06
756 1.61933e+06
757 1.61943e+06
758 1.61945e+06
759 1.61955e+06
760 1.61965e+06
761 1.61968e+06
762 1.6197e+06
763 1.61978e+06
764 1.61993e+06
765 1.61998e+06
766 1.62009e+06
767 1.62013e+06
768 1.62018e+06
769 1.62019e+06
770 1.62034e+06
771 1.6204e+06
772 1.62042e+06
773 1.62047e+06
774 1.62048e+06
775 1.62053e+06
776 1.62056e+06
777 1.62059e+06
778 1.6206e+06
779 1.62066e+06
780 1.62071e+06
781 1.62073e+06
782 1.62074e+06
783 1.62076e+06
784 1.62081e+06
785 1.62086e+06
786 1.62089e+06
787 1.62097e+06
788 1.62106e+06
789 1.6211e+06
790 1.62123e+06
791 1.62128e+06
792 1.6213e+06
793 1.62132e+06
794 1.62138e+06
795 1.62138e+06
796 1.62154e+06
797 1.62156e+06
798 1.62158e+06
799 1.6216e+06
800 1.62172e+06
801 1.62176e+06
802 1.62182e+06
803 1.62184e+06
804 1.62197e+06
805 1.62197e+06
806 1.62202e+06
807 1.62205e+06
808 1.62218e+06
809 1.62226e+06
810 1.62227e+06
811 1.62234e+06
812 1.62237e+06
813 1.62244e+06
814 1.62249e+06
815 1.62254e+06
816 1.62261e+06
817 1.62276e+06
818 1.6228e+06
819 1.62289e+06
820 1.62292e+06
821 1.62296e+06
822 1.62299e+06
823 1.62309e+06
824 1.62314e+06
825 1.62323e+06
826 1.62328e+06
827 1.62332e+06
828 1.62339e+06
829 1.62341e+06
830 1.62346e+06
831 1.62347e+06
832 1.6235e+06
833 1.6235e+06
834 1.6236e+06
835 1.62366e+06
836 1.6237e+06
837 1.62374e+06
838 1.62378e+06
839 1.6238e+06
840 1.62383e+06
841 1.62393e+06
842 1.62401e+06
843 1.62422e+06
844 1.62423e+06
845 1.62424e+06
846 1.62424e+06
847 1.62428e+06
848 1.62428e+06
849 1.6243e+06
850 1.6243e+06
851 1.62432e+06
852 1.62437e+06
853 1.62438e+06
854 1.62441e+06
855 1.62445e+06
856 1.6245e+06
857 1.62451e+06
858 1.62455e+06
859 1.62456e+06
860 1.62464e+06
861 1.62476e+06
862 1.62476e+06
863 1.62476e+06
864 1.62484e+06
865 1.62486e+06
866 1.6249e+06
867 1.62499e+06
868 1.62503e+06
869 1.62507e+06
870 1.62514e+06
871 1.62514e+06
872 1.62514e+06
873 1.62514e+06
874 1.62527e+06
875 1.62531e+06
876 1.62539e+06
877 1.62546e+06
878 1.62551e+06
879 1.62559e+06
880 1.62568e+06
881 1.62578e+06
882 1.62586e+06
883 1.62586e+06
884 1.62592e+06
885 1.62594e+06
886 1.62599e+06
887 1.62599e+06
888 1.6261e+06
889 1.62616e+06
890 1.62621e+06
891 1.62631e+06
892 1.62639e+06
893 1.62646e+06
894 1.62649e+06
895 1.62655e+06
896 1.62655e+06
897 1.62656e+06
898 1.62657e+06
899 1.6266e+06
900 1.62662e+06
901 1.62663e+06
902 1.6267e+06
903 1.62674e+06
904 1.62677e+06
905 1.62683e+06
906 1.62684e+06
907 1.62693e+06
908 1.62695e+06
909 1.62696e+06
910 1.62697e+06
911 1.62705e+06
912 1.62711e+06
913 1.62711e+06
914 1.62723e+06
915 1.62725e+06
916 1.62725e+06
917 1.62729e+06
918 1.6273e+06
919 1.62736e+06
920 1.62741e+06
921 1.62741e+06
922 1.62744e+06
923 1.62745e+06
924 1.62758e+06
925 1.62758e+06
926 1.62764e+06
927 1.62767e+06
928 1.62769e+06
929 1.62774e+06
930 1.62783e+06
931 1.62785e+06
932 1.62786e+06
933 1.62793e+06
934 1.62806e+06
935 1.6281e+06
936 1.62819e+06
937 1.62827e+06
938 1.62832e+06
939 1.62833e+06
940 1.62844e+06
941 1.62849e+06
942 1.62849e+06
943 1.62861e+06
944 1.62861e+06
945 1.62873e+06
946 1.62877e+06
947 1.62879e+06
948 1.62882e+06
949 1.62883e+06
950 1.6289e+06
951 1.629e+06
952 1.62901e+06
953 1.62905e+06
954 1.62906e+06
955 1.62912e+06
956 1.62912e+06
957 1.62913e+06
958 1.62916e+06
959 1.62919e+06
960 1.62919e+06
961 1.62925e+06
962 1.62929e+06
963 1.6293e+06
964 1.62945e+06
965 1.62961e+06
966 1.62969e+06
967 1.62977e+06
968 1.62977e+06
969 1.62984e+06
970 1.62985e+06
971 1.62987e+06
972 1.62987e+06
973 1.62997e+06
974 1.63002e+06
975 1.63002e+06
976 1.63003e+06
977 1.63009e+06
978 1.63023e+06
979 1.63026e+06
980 1.63034e+06
981 1.63035e+06
982 1.63036e+06
983 1.63037e+06
984 1.63039e+06
985 1.63048e+06
986 1.63055e+06
987 1.63058e+06
988 1.63062e+06
989 1.63066e+06
990 1.63068e+06
991 1.63068e+06
992 1.63076e+06
993 1.63079e+06
994 1.63086e+06
995 1.63096e+06
996 1.63098e+06
997 1.63098e+06
998 1.63101e+06
999 1.63103e+06
1000 1.63108e+06
