128 0.3 0.222
0 156776
1 1.56786e+06
2 1.56797e+06
3 1.56801e+06
4 1.56815e+06
5 1.5682e+06
6 1.56828e+06
7 1.5684e+06
8 1.56845e+06
9 1.56849e+06
10 1.56859e+06
11 1.56868e+06
12 1.56878e+06
13 1.56878e+06
14 1.56882e+06
15 1.56893e+06
16 1.56899e+06
17 1.56904e+06
18 1.56909e+06
19 1.56944e+06
20 1.56946e+06
21 1.56956e+06
22 1.56967e+06
23 1.56977e+06
24 1.56989e+06
25 1.5699e+06
26 1.56992e+06
27 1.56997e+06
28 1.57002e+06
29 1.57006e+06
30 1.57016e+06
31 1.57022e+06
32 1.57025e+06
33 1.5703e+06
34 1.57041e+06
35 1.5706e+06
36 1.57062e+06
37 1.57069e+06
38 1.57077e+06
39 1.57089e+06
40 1.57101e+06
41 1.57113e+06
42 1.57123e+06
43 1.57138e+06
44 1.5714e+06
45 1.57159e+06
46 1.57176e+06
47 1.57187e+06
48 1.57206e+06
49 1.57206e+06
50 1.57219e+06
51 1.57222e+06
52 1.57235e+06
53 1.57244e+06
54 1.57257e+06
55 1.57266e+06
56 1.57283e+06
57 1.57287e+06
58 1.57298e+06
59 1.57302e+06
60 1.57311e+06
61 1.57326e+06
62 1.5733e+06
63 1.57344e+06
64 1.57355e+06
65 1.57367e+06
66 1.57373e+06
67 1.57386e+06
68 1.57391e+06
69 1.57409e+06
70 1.57425e+06
71 1.57429e+06
72 1.57432e+06
73 1.57444e+06
74 1.5745e+06
75 1.5747e+06
76 1.57479e+06
77 1.57491e+06
78 1.57494e+06
79 1.57499e+06
80 1.57502e+06
81 1.5751e+06
82 1.57514e+06
83 1.57524e+06
84 1.5754e+06
85 1.57553e+06
86 1.57562e+06
87 1.57569e+06
88 1.57576e+06
89 1.57584e+06
90 1.57591e+06
91 1.57597e+06
92 1.57597e+06
93 1.57605e+06
94 1.57618e+06
95 1.57624e+06
96 1.57636e+06
97 1.57645e+06
98 1.5765e+06
99 1.57663e+06
100 1.57671e+06
101 1.57679e+06
102 1.57684e+06
103 1.57702e+06
104 1.57706e+06
105 1.57713e+06
106 1.5772e+06
107 1.57724e+06
108 1.57734e+06
109 1.5774e+06
110 1.57752e+06
111 1.57763e+06
112 1.57764e+06
113 1.57777e+06
114 1.57798e+06
115 1.57808e+06
116 1.57806e+06
117 1.5781e+06
118 1.57822e+06
119 1.57837e+06
120 1.57838e+06
121 1.57846e+06
122 1.57858e+06
123 1.57863e+06
124 1.57878e+06
125 1.57882e+06
126 1.57884e+06
127 1.57894e+06
128 1.57906e+06
129 1.57914e+06
130 1.57918e+06
131 1.5793e+06
132 1.57931e+06
133 1.57939e+06
134 1.57942e+06
135 1.57952e+06
136 1.57957e+06
137 1.57966e+06
138 1.57969e+06
139 1.57985e+06
140 1.57986e+06
141 1.5799e+06
142 1.5799e+06
143 1.58e+06
144 1.58009e+06
145 1.58017e+06
146 1.58026e+06
147 1.58032e+06
148 1.58036e+06
149 1.5804e+06
150 1.58049e+06
151 1.58056e+06
152 1.58077e+06
153 1.58085e+06
154 1.5809e+06
155 1.581e+06
156 1.58107e+06
157 1.58113e+06
158 1.58132e+06
159 1.58156e+06
160 1.58164e+06
161 1.58172e+06
162 1.58179e+06
163 1.58193e+06
164 1.58193e+06
165 1.58198e+06
166 1.58207e+06
167 1.58221e+06
168 1.58229e+06
169 1.58249e+06
170 1.58268e+06
171 1.58275e+06
172 1.58284e+06
173 1.58291e+06
174 1.58294e+06
175 1.58296e+06
176 1.58302e+06
177 1.58303e+06
178 1.58319e+06
179 1.58322e+06
180 1.58324e+06
181 1.58328e+06
182 1.58332e+06
183 1.58334e+06
184 1.58341e+06
185 1.58346e+06
186 1.58348e+06
187 1.58357e+06
188 1.58359e+06
189 1.5836e+06
190 1.58366e+06
191 1.58374e+06
192 1.58379e+06
193 1.58393e+06
194 1.58401e+06
195 1.58406e+06
196 1.58418e+06
197 1.58428e+06
198 1.58432e+06
199 1.58442e+06
200 1.58454e+06
201 1.58467e+06
202 1.58475e+06
203 1.58488e+06
204 1.5849e+06
205 1.58494e+06
206 1.58508e+06
207 1.58509e+06
208 1.5852e+06
209 1.58523e+06
210 1.58538e+06
211 1.58552e+06
212 1.58555e+06
213 1.5856e+06
214 1.58568e+06
215 1.58571e+06
216 1.58572e+06
217 1.58581e+06
218 1.58584e+06
219 1.58596e+06
220 1.58619e+06
221 1.5863e+06
222 1.58632e+06
223 1.58635e+06
224 1.58636e+06
225 1.58644e+06
226 1.58655e+06
227 1.58659e+06
228 1.58662e+06
229 1.58678e+06
230 1.58698e+06
231 1.58702e+06
232 1.58705e+06
233 1.58707e+06
234 1.5871e+06
235 1.58726e+06
236 1.58747e+06
237 1.58754e+06
238 1.58763e+06
239 1.58767e+06
240 1.58778e+06
241 1.58785e+06
242 1.58797e+06
243 1.58798e+06
244 1.58801e+06
245 1.58811e+06
246 1.58828e+06
247 1.58833e+06
248 1.58834e+06
249 1.58844e+06
250 1.58856e+06
251 1.58868e+06
252 1.58878e+06
253 1.58892e+06
254 1.58906e+06
255 1.58916e+06
256 1.58916e+06
257 1.58929e+06
258 1.58932e+06
259 1.5894e+06
260 1.58958e+06
261 1.58961e+06
262 1.58964e+06
263 1.58972e+06
264 1.58988e+06
265 1.58994e+06
266 1.58996e+06
267 1.58997e+06
268 1.58998e+06
269 1.59012e+06
270 1.59014e+06
271 1.59024e+06
272 1.59033e+06
273 1.59043e+06
274 1.59056e+06
275 1.59073e+06
276 1.59087e+06
277 1.5909e+06
278 1.59091e+06
279 1.59105e+06
280 1.5911e+06
281 1.59118e+06
282 1.59119e+06
283 1.59122e+06
284 1.59125e+06
285 1.59134e+06
286 1.59149e+06
287 1.59158e+06
288 1.59167e+06
289 1.5917e+06
290 1.59174e+06
291 1.59183e+06
292 1.59194e+06
293 1.59202e+06
294 1.59218e+06
295 1.59229e+06
296 1.59239e+06
297 1.59242e+06
298 1.59244e+06
299 1.59248e+06
300 1.59261e+06
301 1.59266e+06
302 1.59279e+06
303 1.59284e+06
304 1.59285e+06
305 1.5929e+06
306 1.59293e+06
307 1.59299e+06
308 1.59319e+06
309 1.59323e+06
310 1.59334e+06
311 1.59335e+06
312 1.59345e+06
313 1.59354e+06
314 1.59362e+06
315 1.59371e+06
316 1.59376e+06
317 1.59389e+06
318 1.59394e+06
319 1.59401e+06
320 1.59409e+06
321 1.59419e+06
322 1.5942e+06
323 1.59433e+06
324 1.59435e+06
325 1.59442e+06
326 1.59451e+06
327 1.59456e+06
328 1.59462e+06
329 1.5947e+06
330 1.59474e+06
331 1.5949e+06
332 1.59495e+06
333 1.59498e+06
334 1.59504e+06
335 1.59511e+06
336 1.5952e+06
337 1.59527e+06
338 1.59538e+06
339 1.59541e+06
340 1.59549e+06
341 1.59549e+06
342 1.59554e+06
343 1.59562e+06
344 1.59564e+06
345 1.59569e+06
346 1.59585e+06
347 1.59587e+06
348 1.59588e+06
349 1.59601e+06
350 1.59602e+06
351 1.59604e+06
352 1.59617e+06
353 1.59627e+06
354 1.59632e+06
355 1.59641e+06
356 1.59649e+06
357 1.59654e+06
358 1.59664e+06
359 1.59672e+06
360 1.59678e+06
361 1.59681e+06
362 1.59698e+06
363 1.5971e+06
364 1.59715e+06
365 1.59722e+06
366 1.5973e+06
367 1.59732e+06
368 1.59744e+06
369 1.59761e+06
370 1.59771e+06
371 1.59778e+06
372 1.59785e+06
373 1.59792e+06
374 1.59795e+06
375 1.59798e+06
376 1.59806e+06
377 1.5982e+06
378 1.59829e+06
379 1.59831e+06
380 1.59838e+06
381 1.59845e+06
382 1.59848e+06
383 1.59855e+06
384 1.59869e+06
385 1.59872e+06
386 1.59883e+06
387 1.59898e+06
388 1.59904e+06
389 1.59907e+06
390 1.59917e+06
391 1.59924e+06
392 1.59926e+06
393 1.59929e+06
394 1.59934e+06
395 1.59936e+06
396 1.59939e+06
397 1.59951e+06
398 1.5996e+06
399 1.59965e+06
400 1.59968e+06
401 1.5997e+06
402 1.59973e+06
403 1.59982e+06
404 1.59992e+06
405 1.59995e+06
406 1.59999e+06
407 1.60008e+06
408 1.60012e+06
409 1.60022e+06
410 1.60024e+06
411 1.60039e+06
412 1.60048e+06
413 1.60063e+06
414 1.60075e+06
415 1.60079e+06
416 1.60081e+06
417 1.6009e+06
418 1.60092e+06
419 1.60105e+06
420 1.60108e+06
421 1.60109e+06
422 1.60114e+06
423 1.60114e+06
424 1.60122e+06
425 1.60126e+06
426 1.60135e+06
427 1.60137e+06
428 1.60143e+06
429 1.60152e+06
430 1.60154e+06
431 1.60161e+06
432 1.60168e+06
433 1.60171e+06
434 1.60183e+06
435 1.60186e+06
436 1.60187e+06
437 1.6019e+06
438 1.60195e+06
439 1.60196e+06
440 1.60199e+06
441 1.60202e+06
442 1.60209e+06
443 1.60212e+06
444 1.6022e+06
445 1.60223e+06
446 1.60224e+06
447 1.60229e+06
448 1.60241e+06
449 1.60258e+06
450 1.60257e+06
451 1.60259e+06
452 1.60266e+06
453 1.60267e+06
454 1.60273e+06
455 1.60275e+06
456 1.6028e+06
457 1.60284e+06
458 1.6029e+06
459 1.60301e+06
460 1.60302e+06
461 1.60305e+06
462 1.60315e+06
463 1.60318e+06
464 1.60331e+06
465 1.60339e+06
466 1.60348e+06
467 1.60353e+06
468 1.60364e+06
469 1.6037e+06
470 1.6038e+06
471 1.6039e+06
472 1.60398e+06
473 1.60402e+06
474 1.60417e+06
475 1.60423e+06
476 1.60427e+06
477 1.60429e+06
478 1.60432e+06
479 1.60442e+06
480 1.60443e+06
481 1.60449e+06
482 1.60454e+06
483 1.60466e+06
484 1.6047e+06
485 1.60478e+06
486 1.6048e+06
487 1.60484e+06
488 1.60494e+06
489 1.605e+06
490 1.60502e+06
491 1.60508e+06
492 1.6052e+06
493 1.6052e+06
494 1.60526e+06
495 1.60533e+06
496 1.60536e+06
497 1.6054e+06
498 1.60547e+06
499 1.60548e+06
500 1.60566e+06
501 1.60567e+06
502 1.60582e+06
503 1.60583e+06
504 1.60591e+06
505 1.60598e+06
506 1.60598e+06
507 1.60605e+06
508 1.60606e+06
509 1.60615e+06
510 1.60621e+06
511 1.60628e+06
512 1.60632e+06
513 1.60634e+06
514 1.60647e+06
515 1.60649e+06
516 1.6065e+06
517 1.60653e+06
518 1.60656e+06
519 1.60661e+06
520 1.60661e+06
521 1.60668e+06
522 1.60677e+06
523 1.60687e+06
524 1.60688e+06
525 1.60698e+06
526 1.60703e+06
527 1.60711e+06
528 1.60723e+06
529 1.60728e+06
530 1.60731e+06
531 1.60742e+06
532 1.60748e+06
533 1.6075e+06
534 1.60754e+06
535 1.6076e+06
536 1.60762e+06
537 1.6077e+06
538 1.60774e+06
539 1.60777e+06
540 1.60778e+06
541 1.60785e+06
542 1.60795e+06
543 1.60801e+06
544 1.60805e+06
545 1.60806e+06
546 1.60813e+06
547 1.60819e+06
548 1.60822e+06
549 1.60833e+06
550 1.60837e+06
551 1.60857e+06
552 1.60858e+06
553 1.60861e+06
554 1.60862e+06
555 1.60862e+06
556 1.60863e+06
557 1.60872e+06
558 1.60876e+06
559 1.6088e+06
560 1.60885e+06
561 1.60901e+06
562 1.60908e+06
563 1.60913e+06
564 1.60917e+06
565 1.6093e+06
566 1.60936e+06
567 1.6094e+06
568 1.60959e+06
569 1.60966e+06
570 1.60973e+06
571 1.60976e+06
572 1.60981e+06
573 1.60985e+06
574 1.60992e+06
575 1.60994e+06
576 1.60994e+06
577 1.61e+06
578 1.61003e+06
579 1.61002e+06
580 1.61012e+06
581 1.61014e+06
582 1.61015e+06
583 1.61025e+06
584 1.61027e+06
585 1.61035e+06
586 1.61038e+06
587 1.61044e+06
588 1.61046e+06
589 1.61052e+06
590 1.61055e+06
591 1.61058e+06
592 1.61061e+06
593 1.6107e+06
594 1.61073e+06
595 1.61083e+06
596 1.61094e+06
597 1.61104e+06
598 1.61111e+06
599 1.61116e+06
600 1.61117e+06
601 1.61125e+06
602 1.6113e+06
603 1.61139e+06
604 1.6115e+06
605 1.61151e+06
606 1.61152e+06
607 1.61158e+06
608 1.61163e+06
609 1.61167e+06
610 1.61167e+06
611 1.61174e+06
612 1.61178e+06
613 1.61184e+06
614 1.61187e+06
615 1.61187e+06
616 1.61192e+06
617 1.61198e+06
618 1.61202e+06
619 1.61205e+06
620 1.61217e+06
621 1.61225e+06
622 1.61229e+06
623 1.61236e+06
624 1.61243e+06
625 1.61255e+06
626 1.61257e+06
627 1.61257e+06
628 1.61269e+06
629 1.61277e+06
630 1.61287e+06
631 1.61287e+06
632 1.61288e+06
633 1.61296e+06
634 1.61299e+06
635 1.61299e+06
636 1.61301e+06
637 1.61311e+06
638 1.6132e+06
639 1.6133e+06
640 1.61333e+06
641 1.61339e+06
642 1.6134e+06
643 1.61346e+06
644 1.61354e+06
645 1.61359e+06
646 1.61363e+06
647 1.61369e+06
648 1.61374e+06
649 1.61374e+06
650 1.61385e+06
651 1.61388e+06
652 1.6139e+06
653 1.61402e+06
654 1.61403e+06
655 1.61408e+06
656 1.61427e+06
657 1.61432e+06
658 1.61432e+06
659 1.61437e+06
660 1.61439e+06
661 1.61444e+06
662 1.61445e+06
663 1.61454e+06
664 1.61462e+06
665 1.61478e+06
666 1.61486e+06
667 1.61492e+06
668 1.61498e+06
669 1.61501e+06
670 1.61506e+06
671 1.61511e+06
672 1.61515e+06
673 1.61522e+06
674 1.61529e+06
675 1.61536e+06
676 1.61543e+06
677 1.61547e+06
678 1.61562e+06
679 1.61563e+06
680 1.61565e+06
681 1.61578e+06
682 1.6158e+06
683 1.61584e+06
684 1.61594e+06
685 1.61595e+06
686 1.61595e+06
687 1.61599e+06
688 1.61609e+06
689 1.6161e+06
690 1.61616e+06
691 1.61623e+06
692 1.6163e+06
693 1.61638e+06
694 1.61644e+06
695 1.61648e+06
696 1.61652e+06
697 1.61662e+06
698 1.6167e+06
699 1.61675e+06
700 1.61678e+06
701 1.61688e+06
702 1.617e+06
703 1.61712e+06
704 1.61714e+06
705 1.61725e+06
706 1.61734e+06
707 1.61735e+06
708 1.61736e+06
709 1.61739e+06
710 1.61752e+06
711 1.61755e+06
712 1.61757e+06
713 1.6176e+06
714 1.61768e+06
715 1.61779e+06
716 1.61783e+06
717 1.61789e+06
718 1.6179e+06
719 1.61805e+06
720 1.61812e+06
721 1.61826e+06
722 1.61827e+06
723 1.61844e+06
724 1.61854e+06
725 1.61863e+06
726 1.61867e+06
727 1.61876e+06
728 1.61882e+06
729 1.61884e+06
730 1.61884e+06
731 1.61886e+06
732 1.61887e+06
733 1.61887e+06
734 1.61894e+06
735 1.61897e+06
736 1.61903e+06
737 1.61914e+06
738 1.61915e+06
739 1.6192e+06
740 1.61924e+06
741 1.61926e+06
742 1.61927e+06
743 1.61943e+06
744 1.61945e+06
745 1.61948e+06
746 1.61953e+06
747 1.61954e+06
748 1.61962e+06
749 1.61964e+06
750 1.61964e+06
751 1.61974e+06
752 1.61975e+06
753 1.61986e+06
754 1.61989e+06
755 1.61997e+06
756 1.62002e+06
757 1.62006e+06
758 1.62007e+06
759 1.62011e+06
760 1.62013e+06
761 1.62015e+06
762 1.62017e+06
763 1.62026e+06
764 1.62027e+06
765 1.62036e+06
766 1.62041e+06
767 1.62049e+06
768 1.62057e+06
769 1.62068e+06
770 1.6207e+06
771 1.6207e+06
772 1.62075e+06
773 1.62075e+06
774 1.62076e+06
775 1.62082e+06
776 1.62091e+06
777 1.62106e+06
778 1.62108e+06
779 1.6212e+06
780 1.62131e+06
781 1.62131e+06
782 1.62144e+06
783 1.62145e+06
784 1.62146e+06
785 1.62151e+06
786 1.62157e+06
787 1.62162e+06
788 1.62166e+06
789 1.62171e+06
790 1.62174e+06
791 1.6218e+06
792 1.62182e+06
793 1.62184e+06
794 1.62191e+06
795 1.62195e+06
796 1.622e+06
797 1.62211e+06
798 1.62221e+06
799 1.62224e+06
800 1.62226e+06
801 1.62231e+06
802 1.62236e+06
803 1.62236e+06
804 1.62242e+06
805 1.62258e+06
806 1.62268e+06
807 1.62273e+06
808 1.62276e+06
809 1.62279e+06
810 1.62282e+06
811 1.6229e+06
812 1.62297e+06
813 1.62303e+06
814 1.62305e+06
815 1.6231e+06
816 1.62314e+06
817 1.62327e+06
818 1.62345e+06
819 1.62355e+06
820 1.62358e+06
821 1.62358e+06
822 1.62363e+06
823 1.62365e+06
824 1.6237e+06
825 1.62377e+06
826 1.62389e+06
827 1.62396e+06
828 1.62401e+06
829 1.62401e+06
830 1.62406e+06
831 1.62408e+06
832 1.62413e+06
833 1.6242e+06
834 1.62432e+06
835 1.62436e+06
836 1.62441e+06
837 1.62442e+06
838 1.62452e+06
839 1.62453e+06
840 1.62456e+06
841 1.62462e+06
842 1.62474e+06
843 1.62477e+06
844 1.62498e+06
845 1.62501e+06
846 1.62515e+06
847 1.62518e+06
848 1.6252e+06
849 1.62528e+06
850 1.62532e+06
851 1.6254e+06
852 1.6254e+06
853 1.62547e+06
854 1.62554e+06
855 1.62557e+06
856 1.62562e+06
857 1.62567e+06
858 1.62572e+06
859 1.62574e+06
860 1.62578e+06
861 1.62581e+06
862 1.62582e+06
863 1.62591e+06
864 1.62595e+06
865 1.62599e+06
866 1.62609e+06
867 1.62609e+06
868 1.62609e+06
869 1.6261e+06
870 1.6261e+06
871 1.62613e+06
872 1.6262e+06
873 1.62624e+06
874 1.62633e+06
875 1.62638e+06
876 1.62644e+06
877 1.62656e+06
878 1.62657e+06
879 1.62659e+06
880 1.62658e+06
881 1.62664e+06
882 1.62669e+06
883 1.62677e+06
884 1.62681e+06
885 1.62685e+06
886 1.62685e+06
887 1.62693e+06
888 1.62698e+06
889 1.62706e+06
890 1.62712e+06
891 1.62716e+06
892 1.62718e+06
893 1.62725e+06
894 1.6273e+06
895 1.62732e+06
896 1.62735e+06
897 1.62737e+06
898 1.62743e+06
899 1.62756e+06
900 1.62777e+06
901 1.62781e+06
902 1.62781e+06
903 1.62788e+06
904 1.62799e+06
905 1.62805e+06
906 1.62809e+06
907 1.62815e+06
908 1.62822e+06
909 1.62828e+06
910 1.62833e+06
911 1.62837e+06
912 1.62841e+06
913 1.62849e+06
914 1.62856e+06
915 1.62858e+06
916 1.62864e+06
917 1.62868e+06
918 1.62867e+06
919 1.62873e+06
920 1.62876e+06
921 1.6288e+06
922 1.62881e+06
923 1.62882e+06
924 1.62886e+06
925 1.62894e+06
926 1.62895e+06
927 1.62896e+06
928 1.629e+06
929 1.62902e+06
930 1.62904e+06
931 1.62909e+06
932 1.62912e+06
933 1.62921e+06
934 1.62926e+06
935 1.62939e+06
936 1.6294e+06
937 1.62942e+06
938 1.62944e+06
939 1.62945e+06
940 1.6295e+06
941 1.62962e+06
942 1.62962e+06
943 1.62967e+06
944 1.62968e+06
945 1.62968e+06
946 1.6297e+06
947 1.62976e+06
948 1.6298e+06
949 1.62982e+06
950 1.62996e+06
951 1.62996e+06
952 1.63005e+06
953 1.63008e+06
954 1.63012e+06
955 1.63017e+06
956 1.63021e+06
957 1.63026e+06
958 1.63032e+06
959 1.63039e+06
960 1.63043e+06
961 1.63053e+06
962 1.63054e+06
963 1.63058e+06
964 1.6306e+06
965 1.63062e+06
966 1.63062e+06
967 1.63064e+06
968 1.63065e+06
969 1.63072e+06
970 1.63073e+06
971 1.63074e+06
972 1.63075e+06
973 1.63079e+06
974 1.63082e+06
975 1.63089e+06
976 1.63093e+06
977 1.63099e+06
978 1.63106e+06
979 1.63106e+06
980 1.63109e+06
981 1.63112e+06
982 1.63117e+06
983 1.6313e+06
984 1.6313e+06
985 1.6313e+06
986 1.63134e+06
987 1.63138e+06
988 1.6314e+06
989 1.63144e+06
990 1.63147e+06
991 1.63165e+06
992 1.63175e+06
993 1.63183e+06
994 1.63185e+06
995 1.63192e+06
996 1.63197e+06
997 1.63201e+06
998 1.63204e+06
999 1.63208e+06
1000 1.63208e+06
