128 0.3 0.213
0 156776
1 1.56781e+06
2 1.56788e+06
3 1.56788e+06
4 1.56803e+06
5 1.56808e+06
6 1.56816e+06
7 1.56826e+06
8 1.5683e+06
9 1.56837e+06
10 1.56848e+06
11 1.56854e+06
12 1.56863e+06
13 1.56878e+06
14 1.56898e+06
15 1.56909e+06
16 1.5691e+06
17 1.56921e+06
18 1.56945e+06
19 1.56956e+06
20 1.56967e+06
21 1.56976e+06
22 1.56976e+06
23 1.56984e+06
24 1.56984e+06
25 1.57011e+06
26 1.57012e+06
27 1.57022e+06
28 1.57045e+06
29 1.57065e+06
30 1.57078e+06
31 1.57085e+06
32 1.57085e+06
33 1.57099e+06
34 1.57106e+06
35 1.57127e+06
36 1.5714e+06
37 1.57166e+06
38 1.5718e+06
39 1.5719e+06
40 1.57198e+06
41 1.57201e+06
42 1.57218e+06
43 1.57217e+06
44 1.57227e+06
45 1.5724e+06
46 1.57241e+06
47 1.57253e+06
48 1.57259e+06
49 1.57266e+06
50 1.57271e+06
51 1.57276e+06
52 1.57292e+06
53 1.57307e+06
54 1.57328e+06
55 1.57337e+06
56 1.57338e+06
57 1.57343e+06
58 1.57356e+06
59 1.57369e+06
60 1.57374e+06
61 1.57385e+06
62 1.5739e+06
63 1.57403e+06
64 1.57409e+06
65 1.57414e+06
66 1.5742e+06
67 1.57426e+06
68 1.5743e+06
69 1.57437e+06
70 1.5745e+06
71 1.57455e+06
72 1.57459e+06
73 1.57465e+06
74 1.57486e+06
75 1.57497e+06
76 1.57514e+06
77 1.57516e+06
78 1.57526e+06
79 1.57538e+06
80 1.57548e+06
81 1.57563e+06
82 1.57568e+06
83 1.57571e+06
84 1.57579e+06
85 1.57595e+06
86 1.57601e+06
87 1.57609e+06
88 1.5762e+06
89 1.57625e+06
90 1.5764e+06
91 1.5765e+06
92 1.57662e+06
93 1.57664e+06
94 1.57671e+06
95 1.57682e+06
96 1.57687e+06
97 1.57702e+06
98 1.57715e+06
99 1.57726e+06
100 1.57733e+06
101 1.57736e+06
102 1.57742e+06
103 1.57762e+06
104 1.5777e+06
105 1.57778e+06
106 1.57779e+06
107 1.57789e+06
108 1.57792e+06
109 1.57798e+06
110 1.57801e+06
111 1.57804e+06
112 1.57808e+06
113 1.57809e+06
114 1.57817e+06
115 1.57823e+06
116 1.57848e+06
117 1.57865e+06
118 1.57879e+06
119 1.57879e+06
120 1.57884e+06
121 1.57895e+06
122 1.57903e+06
123 1.5791e+06
124 1.57916e+06
125 1.57931e+06
126 1.57938e+06
127 1.5795e+06
128 1.57952e+06
129 1.57958e+06
130 1.57964e+06
131 1.57969e+06
132 1.57974e+06
133 1.5798e+06
134 1.57996e+06
135 1.58002e+06
136 1.58008e+06
137 1.58022e+06
138 1.58037e+06
139 1.58041e+06
140 1.58048e+06
141 1.58056e+06
142 1.58064e+06
143 1.5808e+06
144 1.58085e+06
145 1.58104e+06
146 1.58116e+06
147 1.58122e+06
148 1.58137e+06
149 1.58146e+06
150 1.58146e+06
151 1.58148e+06
152 1.5815e+06
153 1.5816e+06
154 1.58172e+06
155 1.58174e+06
156 1.58174e+06
157 1.58178e+06
158 1.58194e+06
159 1.58199e+06
160 1.5821e+06
161 1.58229e+06
162 1.58234e+06
163 1.58241e+06
164 1.58248e+06
165 1.58248e+06
166 1.58253e+06
167 1.58269e+06
168 1.58275e+06
169 1.5829e+06
170 1.58299e+06
171 1.58302e+06
172 1.58311e+06
173 1.58312e+06
174 1.58322e+06
175 1.58327e+06
176 1.58328e+06
177 1.58334e+06
178 1.58343e+06
179 1.58349e+06
180 1.58358e+06
181 1.58362e+06
182 1.58373e+06
183 1.58384e+06
184 1.58398e+06
185 1.58405e+06
186 1.58404e+06
187 1.58409e+06
188 1.5842e+06
189 1.58433e+06
190 1.5844e+06
191 1.58449e+06
192 1.5845e+06
193 1.58451e+06
194 1.58452e+06
195 1.58452e+06
196 1.58455e+06
197 1.58466e+06
198 1.5848e+06
199 1.58485e+06
200 1.58492e+06
201 1.58501e+06
202 1.58503e+06
203 1.58511e+06
204 1.58513e+06
205 1.58526e+06
206 1.58541e+06
207 1.58554e+06
208 1.58564e+06
209 1.58571e+06
210 1.58571e+06
211 1.5858e+06
212 1.58588e+06
213 1.58592e+06
214 1.586e+06
215 1.58604e+06
216 1.58607e+06
217 1.58613e+06
218 1.58619e+06
219 1.58627e+06
220 1.58631e+06
221 1.58635e+06
222 1.58644e+06
223 1.58648e+06
224 1.58655e+06
225 1.58666e+06
226 1.58671e+06
227 1.58677e+06
228 1.58686e+06
229 1.5869e+06
230 1.58698e+06
231 1.58702e+06
232 1.58708e+06
233 1.58723e+06
234 1.58732e+06
235 1.58738e+06
236 1.58746e+06
237 1.58755e+06
238 1.58758e+06
239 1.58763e+06
240 1.58768e+06
241 1.58785e+06
242 1.5879e+06
243 1.58806e+06
244 1.58813e+06
245 1.58815e+06
246 1.58826e+06
247 1.58837e+06
248 1.58847e+06
249 1.58854e+06
250 1.58867e+06
251 1.58873e+06
252 1.58884e+06
253 1.58886e+06
254 1.58901e+06
255 1.58912e+06
256 1.58928e+06
257 1.5893e+06
258 1.58942e+06
259 1.58954e+06
260 1.5896e+06
261 1.5898e+06
262 1.58987e+06
263 1.5899e+06
264 1.58997e+06
265 1.58997e+06
266 1.59007e+06
267 1.59018e+06
268 1.5902e+06
269 1.59022e+06
270 1.59025e+06
271 1.59026e+06
272 1.59033e+06
273 1.59038e+06
274 1.59052e+06
275 1.59053e+06
276 1.59053e+06
277 1.59056e+06
278 1.59061e+06
279 1.59064e+06
280 1.59065e+06
281 1.59073e+06
282 1.5908e+06
283 1.59082e+06
284 1.59085e+06
285 1.59089e+06
286 1.59095e+06
287 1.59109e+06
288 1.59111e+06
289 1.59115e+06
290 1.59121e+06
291 1.59132e+06
292 1.59132e+06
293 1.59153e+06
294 1.59157e+06
295 1.59169e+06
296 1.59178e+06
297 1.59178e+06
298 1.59182e+06
299 1.59192e+06
300 1.59195e+06
301 1.59202e+06
302 1.5921e+06
303 1.59218e+06
304 1.59227e+06
305 1.59234e+06
306 1.59235e+06
307 1.5924e+06
308 1.59249e+06
309 1.59263e+06
310 1.59266e+06
311 1.59279e+06
312 1.59283e+06
313 1.5929e+06
314 1.59298e+06
315 1.59305e+06
316 1.59307e+06
317 1.59307e+06
318 1.59315e+06
319 1.59325e+06
320 1.59333e+06
321 1.59344e+06
322 1.59361e+06
323 1.59363e+06
324 1.59366e+06
325 1.5938e+06
326 1.5939e+06
327 1.59398e+06
328 1.594e+06
329 1.59401e+06
330 1.59403e+06
331 1.59417e+06
332 1.59428e+06
333 1.59432e+06
334 1.59436e+06
335 1.59437e+06
336 1.59442e+06
337 1.59446e+06
338 1.59452e+06
339 1.59467e+06
340 1.59472e+06
341 1.59474e+06
342 1.59479e+06
343 1.59478e+06
344 1.59491e+06
345 1.59493e+06
346 1.59509e+06
347 1.59514e+06
348 1.59522e+06
349 1.59527e+06
350 1.59535e+06
351 1.59538e+06
352 1.59538e+06
353 1.59548e+06
354 1.59554e+06
355 1.59564e+06
356 1.5957e+06
357 1.59574e+06
358 1.59578e+06
359 1.59585e+06
360 1.59592e+06
361 1.59596e+06
362 1.59597e+06
363 1.59604e+06
364 1.5961e+06
365 1.59612e+06
366 1.59618e+06
367 1.59622e+06
368 1.59627e+06
369 1.59637e+06
370 1.59643e+06
371 1.59653e+06
372 1.59662e+06
373 1.59668e+06
374 1.59678e+06
375 1.59689e+06
376 1.59704e+06
377 1.59707e+06
378 1.59716e+06
379 1.59729e+06
380 1.59739e+06
381 1.59744e+06
382 1.59744e+06
383 1.59751e+06
384 1.59756e+06
385 1.59761e+06
386 1.59772e+06
387 1.59784e+06
388 1.59799e+06
389 1.59802e+06
390 1.59804e+06
391 1.59807e+06
392 1.5981e+06
393 1.59818e+06
394 1.59823e+06
395 1.59827e+06
396 1.59834e+06
397 1.59834e+06
398 1.59838e+06
399 1.59841e+06
400 1.59848e+06
401 1.59852e+06
402 1.5986e+06
403 1.59862e+06
404 1.59881e+06
405 1.59889e+06
406 1.5989e+06
407 1.59895e+06
408 1.59901e+06
409 1.59903e+06
410 1.59915e+06
411 1.59916e+06
412 1.59926e+06
413 1.59941e+06
414 1.59942e+06
415 1.59955e+06
416 1.59958e+06
417 1.5996e+06
418 1.59959e+06
419 1.5996e+06
420 1.59966e+06
421 1.59972e+06
422 1.59972e+06
423 1.5998e+06
424 1.5999e+06
425 1.59994e+06
426 1.6e+06
427 1.60002e+06
428 1.60007e+06
429 1.60023e+06
430 1.60033e+06
431 1.60044e+06
432 1.60045e+06
433 1.60053e+06
434 1.60056e+06
435 1.60061e+06
436 1.60069e+06
437 1.60077e+06
438 1.60094e+06
439 1.601e+06
440 1.60102e+06
441 1.60113e+06
442 1.6012e+06
443 1.60129e+06
444 1.60137e+06
445 1.6014e+06
446 1.6014e+06
447 1.60142e+06
448 1.60143e+06
449 1.60149e+06
450 1.60157e+06
451 1.60159e+06
452 1.60174e+06
453 1.60176e+06
454 1.60176e+06
455 1.60183e+06
456 1.6019e+06
457 1.60199e+06
458 1.602e+06
459 1.60204e+06
460 1.60217e+06
461 1.60221e+06
462 1.6023e+06
463 1.60231e+06
464 1.6024e+06
465 1.60248e+06
466 1.60251e+06
467 1.60266e+06
468 1.60272e+06
469 1.6028e+06
470 1.60284e+06
471 1.60294e+06
472 1.60296e+06
473 1.603e+06
474 1.60306e+06
475 1.60313e+06
476 1.60334e+06
477 1.60337e+06
478 1.6035e+06
479 1.60359e+06
480 1.60367e+06
481 1.60372e+06
482 1.60377e+06
483 1.60384e+06
484 1.60385e+06
485 1.60389e+06
486 1.60391e+06
487 1.60395e+06
488 1.60404e+06
489 1.60414e+06
490 1.60421e+06
491 1.60434e+06
492 1.60441e+06
493 1.60447e+06
494 1.60449e+06
495 1.60452e+06
496 1.60472e+06
497 1.60478e+06
498 1.6048e+06
499 1.60483e+06
500 1.60485e+06
501 1.60486e+06
502 1.60499e+06
503 1.605e+06
504 1.6051e+06
505 1.60524e+06
506 1.60525e+06
507 1.60531e+06
508 1.60531e+06
509 1.60541e+06
510 1.60542e+06
511 1.60543e+06
512 1.60556e+06
513 1.60562e+06
514 1.60567e+06
515 1.60572e+06
516 1.60576e+06
517 1.60578e+06
518 1.60589e+06
519 1.60599e+06
520 1.60605e+06
521 1.60606e+06
522 1.60617e+06
523 1.60622e+06
524 1.60632e+06
525 1.60639e+06
526 1.60649e+06
527 1.60658e+06
528 1.60662e+06
529 1.60671e+06
530 1.60674e+06
531 1.60677e+06
532 1.60681e+06
533 1.60689e+06
534 1.607e+06
535 1.60704e+06
536 1.60705e+06
537 1.60707e+06
538 1.6071e+06
539 1.60716e+06
540 1.60722e+06
541 1.60731e+06
542 1.6074e+06
543 1.60745e+06
544 1.60752e+06
545 1.60765e+06
546 1.60768e+06
547 1.60771e+06
548 1.60774e+06
549 1.60776e+06
550 1.60783e+06
551 1.60783e+06
552 1.60794e+06
553 1.60804e+06
554 1.60815e+06
555 1.60817e+06
556 1.60821e+06
557 1.60832e+06
558 1.60839e+06
559 1.60841e+06
560 1.6085e+06
561 1.60858e+06
562 1.60865e+06
563 1.60873e+06
564 1.60883e+06
565 1.60897e+06
566 1.60906e+06
567 1.60912e+06
568 1.60912e+06
569 1.60912e+06
570 1.60912e+06
571 1.60924e+06
572 1.60934e+06
573 1.60934e+06
574 1.60943e+06
575 1.60955e+06
576 1.60959e+06
577 1.60966e+06
578 1.60977e+06
579 1.60978e+06
580 1.60977e+06
581 1.60982e+06
582 1.60994e+06
583 1.61002e+06
584 1.61008e+06
585 1.61017e+06
586 1.61019e+06
587 1.61021e+06
588 1.61027e+06
589 1.61032e+06
590 1.61037e+06
591 1.61041e+06
592 1.61046e+06
593 1.6105e+06
594 1.61054e+06
595 1.61056e+06
596 1.61066e+06
597 1.61071e+06
598 1.61073e+06
599 1.61085e+06
600 1.61088e+06
601 1.61097e+06
602 1.61106e+06
603 1.61113e+06
604 1.61119e+06
605 1.61119e+06
606 1.61119e+06
607 1.61121e+06
608 1.6113e+06
609 1.6114e+06
610 1.61149e+06
611 1.61159e+06
612 1.61168e+06
613 1.6117e+06
614 1.6118e+06
615 1.61187e+06
616 1.61192e+06
617 1.61209e+06
618 1.61214e+06
619 1.61216e+06
620 1.61224e+06
621 1.61224e+06
622 1.61232e+06
623 1.61248e+06
624 1.61258e+06
625 1.61263e+06
626 1.61266e+06
627 1.61266e+06
628 1.61268e+06
629 1.61273e+06
630 1.61272e+06
631 1.61282e+06
632 1.61294e+06
633 1.61295e+06
634 1.61307e+06
635 1.61312e+06
636 1.61322e+06
637 1.61324e+06
638 1.6133e+06
639 1.61338e+06
640 1.6134e+06
641 1.6134e+06
642 1.61344e+06
643 1.61352e+06
644 1.6136e+06
645 1.61371e+06
646 1.61372e+06
647 1.61379e+06
648 1.61382e+06
649 1.61384e+06
650 1.61386e+06
651 1.61387e+06
652 1.61388e+06
653 1.61396e+06
654 1.61399e+06
655 1.61403e+06
656 1.61412e+06
657 1.61414e+06
658 1.61426e+06
659 1.61437e+06
660 1.61442e+06
661 1.61445e+06
662 1.61451e+06
663 1.61457e+06
664 1.61461e+06
665 1.61468e+06
666 1.61474e+06
667 1.61478e+06
668 1.61477e+06
669 1.61477e+06
670 1.61481e+06
671 1.61483e+06
672 1.61488e+06
673 1.61496e+06
674 1.615e+06
675 1.6152e+06
676 1.61527e+06
677 1.61532e+06
678 1.61532e+06
679 1.61547e+06
680 1.61549e+06
681 1.61558e+06
682 1.61562e+06
683 1.61566e+06
684 1.6157e+06
685 1.61576e+06
686 1.61588e+06
687 1.61595e+06
688 1.61604e+06
689 1.61611e+06
690 1.61619e+06
691 1.61621e+06
692 1.61633e+06
693 1.61639e+06
694 1.6164e+06
695 1.61641e+06
696 1.61645e+06
697 1.61648e+06
698 1.61648e+06
699 1.61656e+06
700 1.61659e+06
701 1.61663e+06
702 1.6167e+06
703 1.61672e+06
704 1.61684e+06
705 1.61688e+06
706 1.61691e+06
707 1.61705e+06
708 1.61714e+06
709 1.61716e+06
710 1.61732e+06
711 1.61744e+06
712 1.61759e+06
713 1.61763e+06
714 1.61768e+06
715 1.61771e+06
716 1.61781e+06
717 1.61782e+06
718 1.61786e+06
719 1.6179e+06
720 1.61794e+06
721 1.61793e+06
722 1.61793e+06
723 1.618e+06
724 1.61813e+06
725 1.61816e+06
726 1.61822e+06
727 1.61833e+06
728 1.61834e+06
729 1.61838e+06
730 1.61848e+06
731 1.61852e+06
732 1.61866e+06
733 1.61875e+06
734 1.6188e+06
735 1.61894e+06
736 1.61897e+06
737 1.61904e+06
738 1.6191e+06
739 1.61921e+06
740 1.61928e+06
741 1.6193e+06
742 1.61941e+06
743 1.6195e+06
744 1.61952e+06
745 1.61952e+06
746 1.61962e+06
747 1.61966e+06
748 1.61971e+06
749 1.61983e+06
750 1.61984e+06
751 1.61996e+06
752 1.61999e+06
753 1.62006e+06
754 1.62007e+06
755 1.62013e+06
756 1.62015e+06
757 1.62018e+06
758 1.62029e+06
759 1.62038e+06
760 1.6204e+06
761 1.62042e+06
762 1.62043e+06
763 1.62055e+06
764 1.62056e+06
765 1.62056e+06
766 1.62059e+06
767 1.6206e+06
768 1.62069e+06
769 1.62081e+06
770 1.62089e+06
771 1.6209e+06
772 1.62091e+06
773 1.621e+06
774 1.62104e+06
775 1.62106e+06
776 1.62113e+06
777 1.62114e+06
778 1.62115e+06
779 1.62119e+06
780 1.62133e+06
781 1.62141e+06
782 1.62156e+06
783 1.62158e+06
784 1.62168e+06
785 1.62179e+06
786 1.62188e+06
787 1.62198e+06
788 1.62202e+06
789 1.62215e+06
790 1.62222e+06
791 1.62233e+06
792 1.62243e+06
793 1.62254e+06
794 1.62254e+06
795 1.62267e+06
796 1.62269e+06
797 1.62274e+06
798 1.62288e+06
799 1.62293e+06
800 1.62302e+06
801 1.62307e+06
802 1.62311e+06
803 1.62311e+06
804 1.62313e+06
805 1.62319e+06
806 1.62326e+06
807 1.6233e+06
808 1.62335e+06
809 1.62338e+06
810 1.62353e+06
811 1.62364e+06
812 1.62366e+06
813 1.62371e+06
814 1.62379e+06
815 1.62384e+06
816 1.62393e+06
817 1.62401e+06
818 1.62411e+06
819 1.62417e+06
820 1.62417e+06
821 1.62421e+06
822 1.62428e+06
823 1.62431e+06
824 1.62436e+06
825 1.62441e+06
826 1.62441e+06
827 1.62446e+06
828 1.62448e+06
829 1.62452e+06
830 1.62458e+06
831 1.62459e+06
832 1.6246e+06
833 1.62468e+06
834 1.62472e+06
835 1.62475e+06
836 1.62475e+06
837 1.62477e+06
838 1.6248e+06
839 1.62482e+06
840 1.62484e+06
841 1.62492e+06
842 1.62492e+06
843 1.62495e+06
844 1.62498e+06
845 1.62502e+06
846 1.62503e+06
847 1.62513e+06
848 1.62518e+06
849 1.62526e+06
850 1.6254e+06
851 1.62544e+06
852 1.62546e+06
853 1.62555e+06
854 1.62562e+06
855 1.62574e+06
856 1.62578e+06
857 1.62588e+06
858 1.62592e+06
859 1.62603e+06
860 1.62604e+06
861 1.62609e+06
862 1.6261e+06
863 1.62613e+06
864 1.62622e+06
865 1.6263e+06
866 1.62633e+06
867 1.62639e+06
868 1.62646e+06
869 1.62656e+06
870 1.62656e+06
871 1.62656e+06
872 1.62662e+06
873 1.62668e+06
874 1.62674e+06
875 1.62676e+06
876 1.62678e+06
877 1.62678e+06
878 1.62678e+06
879 1.62684e+06
880 1.62689e+06
881 1.62695e+06
882 1.62702e+06
883 1.62702e+06
884 1.62708e+06
885 1.62717e+06
886 1.62731e+06
887 1.62736e+06
888 1.62749e+06
889 1.62755e+06
890 1.62756e+06
891 1.62763e+06
892 1.62766e+06
893 1.62769e+06
894 1.62774e+06
895 1.62777e+06
896 1.62779e+06
897 1.62783e+06
898 1.62792e+06
899 1.62802e+06
900 1.6281e+06
901 1.62817e+06
902 1.6282e+06
903 1.62822e+06
904 1.62822e+06
905 1.62828e+06
906 1.62837e+06
907 1.62844e+06
908 1.62846e+06
909 1.62853e+06
910 1.62853e+06
911 1.62859e+06
912 1.62866e+06
913 1.62868e+06
914 1.62869e+06
915 1.62873e+06
916 1.62879e+06
917 1.62883e+06
918 1.62885e+06
919 1.62892e+06
920 1.62904e+06
921 1.6291e+06
922 1.62913e+06
923 1.62918e+06
924 1.62926e+06
925 1.62932e+06
926 1.62932e+06
927 1.62932e+06
928 1.62934e+06
929 1.62938e+06
930 1.62944e+06
931 1.62946e+06
932 1.62954e+06
933 1.62954e+06
934 1.62954e+06
935 1.62954e+06
936 1.62958e+06
937 1.62961e+06
938 1.62968e+06
939 1.62969e+06
940 1.62972e+06
941 1.62976e+06
942 1.62982e+06
943 1.62988e+06
944 1.63002e+06
945 1.63004e+06
946 1.63006e+06
947 1.63008e+06
948 1.6302e+06
949 1.63034e+06
950 1.63038e+06
951 1.63048e+06
952 1.63053e+06
953 1.63062e+06
954 1.63067e+06
955 1.63081e+06
956 1.63085e+06
957 1.63092e+06
958 1.63099e+06
959 1.63101e+06
960 1.631e+06
961 1.63108e+06
962 1.63118e+06
963 1.63124e+06
964 1.63137e+06
965 1.63143e+06
966 1.63158e+06
967 1.6316e+06
968 1.63168e+06
969 1.63184e+06
970 1.63192e+06
971 1.63196e+06
972 1.63204e+06
973 1.63212e+06
974 1.63217e+06
975 1.63226e+06
976 1.63227e+06
977 1.6323e+06
978 1.63237e+06
979 1.63242e+06
980 1.6325e+06
981 1.63252e+06
982 1.63256e+06
983 1.6326e+06
984 1.63268e+06
985 1.6327e+06
986 1.63281e+06
987 1.63284e+06
988 1.63286e+06
989 1.63297e+06
990 1.63298e+06
991 1.633e+06
992 1.63306e+06
993 1.63308e+06
994 1.63316e+06
995 1.63327e+06
996 1.63331e+06
997 1.63339e+06
998 1.63341e+06
999 1.63346e+06
1000 1.63352e+06
