128 0.3 0.333
0 156776
1 1.5678e+06
2 1.56788e+06
3 1.56815e+06
4 1.56815e+06
5 1.56822e+06
6 1.56826e+06
7 1.56837e+06
8 1.56836e+06
9 1.56844e+06
10 1.56844e+06
11 1.56843e+06
12 1.56854e+06
13 1.5687e+06
14 1.56884e+06
15 1.56908e+06
16 1.5691e+06
17 1.56915e+06
18 1.56915e+06
19 1.56937e+06
20 1.56945e+06
21 1.56961e+06
22 1.56964e+06
23 1.56984e+06
24 1.56994e+06
25 1.57011e+06
26 1.57024e+06
27 1.57029e+06
28 1.57032e+06
29 1.57035e+06
30 1.57058e+06
31 1.57062e+06
32 1.57076e+06
33 1.57078e+06
34 1.57084e+06
35 1.57088e+06
36 1.57102e+06
37 1.57117e+06
38 1.57131e+06
39 1.57145e+06
40 1.57158e+06
41 1.57163e+06
42 1.57164e+06
43 1.57167e+06
44 1.57182e+06
45 1.57184e+06
46 1.57193e+06
47 1.572e+06
48 1.57213e+06
49 1.57219e+06
50 1.5723e+06
51 1.57237e+06
52 1.57264e+06
53 1.57279e+06
54 1.57293e+06
55 1.57306e+06
56 1.57318e+06
57 1.57324e+06
58 1.57326e+06
59 1.57348e+06
60 1.57361e+06
61 1.57374e+06
62 1.57378e+06
63 1.57387e+06
64 1.57387e+06
65 1.57401e+06
66 1.57405e+06
67 1.5741e+06
68 1.57411e+06
69 1.57422e+06
70 1.57429e+06
71 1.57439e+06
72 1.57444e+06
73 1.57451e+06
74 1.57464e+06
75 1.57472e+06
76 1.57477e+06
77 1.57484e+06
78 1.57494e+06
79 1.57498e+06
80 1.575e+06
81 1.57509e+06
82 1.57512e+06
83 1.57519e+06
84 1.57524e+06
85 1.57534e+06
86 1.57541e+06
87 1.5755e+06
88 1.57564e+06
89 1.57579e+06
90 1.5759e+06
91 1.57595e+06
92 1.57598e+06
93 1.57613e+06
94 1.57622e+06
95 1.5763e+06
96 1.57638e+06
97 1.57644e+06
98 1.57656e+06
99 1.57667e+06
100 1.57677e+06
101 1.57684e+06
102 1.57687e+06
103 1.57699e+06
104 1.57709e+06
105 1.57716e+06
106 1.57719e+06
107 1.5773e+06
108 1.57734e+06
109 1.57757e+06
110 1.57784e+06
111 1.57798e+06
112 1.57808e+06
113 1.57828e+06
114 1.57833e+06
115 1.57839e+06
116 1.57848e+06
117 1.57849e+06
118 1.57857e+06
119 1.57867e+06
120 1.57876e+06
121 1.57878e+06
122 1.57881e+06
123 1.5789e+06
124 1.57896e+06
125 1.57913e+06
126 1.57919e+06
127 1.57924e+06
128 1.57929e+06
129 1.57933e+06
130 1.57939e+06
131 1.57942e+06
132 1.57948e+06
133 1.57952e+06
134 1.57964e+06
135 1.57968e+06
136 1.57976e+06
137 1.57983e+06
138 1.58e+06
139 1.58008e+06
140 1.58012e+06
141 1.58018e+06
142 1.58017e+06
143 1.5802e+06
144 1.58035e+06
145 1.58046e+06
146 1.58054e+06
147 1.58055e+06
148 1.58071e+06
149 1.58077e+06
150 1.58077e+06
151 1.58088e+06
152 1.58092e+06
153 1.58101e+06
154 1.58109e+06
155 1.58114e+06
156 1.5812e+06
157 1.58123e+06
158 1.58128e+06
159 1.58136e+06
160 1.58138e+06
161 1.58144e+06
162 1.58154e+06
163 1.58167e+06
164 1.58178e+06
165 1.58193e+06
166 1.58206e+06
167 1.58208e+06
168 1.58222e+06
169 1.58235e+06
170 1.58242e+06
171 1.58252e+06
172 1.58261e+06
173 1.58266e+06
174 1.58273e+06
175 1.58282e+06
176 1.5829e+06
177 1.58296e+06
178 1.58305e+06
179 1.58311e+06
180 1.58315e+06
181 1.58336e+06
182 1.58337e+06
183 1.58344e+06
184 1.58354e+06
185 1.5836e+06
186 1.58373e+06
187 1.58388e+06
188 1.58397e+06
189 1.58404e+06
190 1.58411e+06
191 1.58419e+06
192 1.58423e+06
193 1.58436e+06
194 1.58439e+06
195 1.58442e+06
196 1.58452e+06
197 1.58455e+06
198 1.58463e+06
199 1.58476e+06
200 1.58492e+06
201 1.58493e+06
202 1.58496e+06
203 1.58502e+06
204 1.58508e+06
205 1.58525e+06
206 1.58535e+06
207 1.58538e+06
208 1.58544e+06
209 1.58552e+06
210 1.58556e+06
211 1.58559e+06
212 1.58562e+06
213 1.58566e+06
214 1.58574e+06
215 1.58578e+06
216 1.58581e+06
217 1.58587e+06
218 1.58594e+06
219 1.58602e+06
220 1.58605e+06
221 1.58613e+06
222 1.58618e+06
223 1.5864e+06
224 1.58657e+06
225 1.5866e+06
226 1.58663e+06
227 1.58669e+06
228 1.58681e+06
229 1.58682e+06
230 1.58683e+06
231 1.58691e+06
232 1.587e+06
233 1.58716e+06
234 1.58719e+06
235 1.58719e+06
236 1.58721e+06
237 1.58722e+06
238 1.58736e+06
239 1.58748e+06
240 1.58753e+06
241 1.58762e+06
242 1.58774e+06
243 1.58787e+06
244 1.5879e+06
245 1.58795e+06
246 1.58796e+06
247 1.58799e+06
248 1.58812e+06
249 1.58822e+06
250 1.58825e+06
251 1.58831e+06
252 1.58844e+06
253 1.58848e+06
254 1.58851e+06
255 1.58862e+06
256 1.58865e+06
257 1.58868e+06
258 1.58878e+06
259 1.58894e+06
260 1.58903e+06
261 1.5891e+06
262 1.58918e+06
263 1.5893e+06
264 1.58936e+06
265 1.58948e+06
266 1.58949e+06
267 1.58949e+06
268 1.58957e+06
269 1.58972e+06
270 1.58975e+06
271 1.58984e+06
272 1.58995e+06
273 1.59007e+06
274 1.59013e+06
275 1.59019e+06
276 1.59028e+06
277 1.59042e+06
278 1.59048e+06
279 1.59062e+06
280 1.59067e+06
281 1.59076e+06
282 1.59082e+06
283 1.59097e+06
284 1.591e+06
285 1.59104e+06
286 1.59107e+06
287 1.59109e+06
288 1.59118e+06
289 1.5912e+06
290 1.59125e+06
291 1.59127e+06
292 1.59131e+06
293 1.59141e+06
294 1.59146e+06
295 1.59148e+06
296 1.5915e+06
297 1.59151e+06
298 1.59152e+06
299 1.59162e+06
300 1.5917e+06
301 1.59176e+06
302 1.59182e+06
303 1.59188e+06
304 1.59199e+06
305 1.59203e+06
306 1.59215e+06
307 1.59216e+06
308 1.59227e+06
309 1.59245e+06
310 1.59258e+06
311 1.5926e+06
312 1.59266e+06
313 1.59274e+06
314 1.59282e+06
315 1.59283e+06
316 1.59298e+06
317 1.59301e+06
318 1.59305e+06
319 1.59312e+06
320 1.59318e+06
321 1.59328e+06
322 1.59331e+06
323 1.59341e+06
324 1.59347e+06
325 1.59352e+06
326 1.59365e+06
327 1.59368e+06
328 1.5938e+06
329 1.59386e+06
330 1.59397e+06
331 1.59401e+06
332 1.59409e+06
333 1.59429e+06
334 1.59441e+06
335 1.59451e+06
336 1.59462e+06
337 1.5947e+06
338 1.59478e+06
339 1.59482e+06
340 1.59493e+06
341 1.59499e+06
342 1.59506e+06
343 1.5951e+06
344 1.59523e+06
345 1.59529e+06
346 1.59534e+06
347 1.59537e+06
348 1.59543e+06
349 1.59547e+06
350 1.59549e+06
351 1.59554e+06
352 1.59555e+06
353 1.59557e+06
354 1.59564e+06
355 1.5957e+06
356 1.59574e+06
357 1.59575e+06
358 1.59578e+06
359 1.5958e+06
360 1.59592e+06
361 1.59598e+06
362 1.596e+06
363 1.59604e+06
364 1.5961e+06
365 1.59618e+06
366 1.59629e+06
367 1.59639e+06
368 1.59648e+06
369 1.59654e+06
370 1.5966e+06
371 1.59665e+06
372 1.59667e+06
373 1.59676e+06
374 1.59677e+06
375 1.59681e+06
376 1.59685e+06
377 1.59694e+06
378 1.5971e+06
379 1.59722e+06
380 1.59739e+06
381 1.59744e+06
382 1.5975e+06
383 1.59757e+06
384 1.59763e+06
385 1.5977e+06
386 1.5978e+06
387 1.59782e+06
388 1.59788e+06
389 1.59795e+06
390 1.59805e+06
391 1.59807e+06
392 1.59824e+06
393 1.59827e+06
394 1.59829e+06
395 1.59833e+06
396 1.59841e+06
397 1.59853e+06
398 1.59865e+06
399 1.59866e+06
400 1.59868e+06
401 1.59876e+06
402 1.59878e+06
403 1.59892e+06
404 1.59898e+06
405 1.59908e+06
406 1.59914e+06
407 1.59917e+06
408 1.59921e+06
409 1.59924e+06
410 1.59928e+06
411 1.59944e+06
412 1.5995e+06
413 1.59959e+06
414 1.59966e+06
415 1.5997e+06
416 1.59978e+06
417 1.59984e+06
418 1.59992e+06
419 1.59997e+06
420 1.60005e+06
421 1.6001e+06
422 1.6003e+06
423 1.60034e+06
424 1.6004e+06
425 1.60041e+06
426 1.60044e+06
427 1.60059e+06
428 1.6006e+06
429 1.60064e+06
430 1.60073e+06
431 1.60077e+06
432 1.60088e+06
433 1.60091e+06
434 1.60091e+06
435 1.60097e+06
436 1.60107e+06
437 1.60112e+06
438 1.60118e+06
439 1.60121e+06
440 1.60123e+06
441 1.60126e+06
442 1.60132e+06
443 1.60134e+06
444 1.60143e+06
445 1.60149e+06
446 1.60159e+06
447 1.60163e+06
448 1.60165e+06
449 1.60167e+06
450 1.60181e+06
451 1.60188e+06
452 1.60195e+06
453 1.60203e+06
454 1.60205e+06
455 1.60207e+06
456 1.60212e+06
457 1.60214e+06
458 1.60223e+06
459 1.6023e+06
460 1.60231e+06
461 1.60239e+06
462 1.60254e+06
463 1.60258e+06
464 1.60258e+06
465 1.60261e+06
466 1.60268e+06
467 1.60277e+06
468 1.60288e+06
469 1.60289e+06
470 1.6029e+06
471 1.60301e+06
472 1.60301e+06
473 1.60307e+06
474 1.60311e+06
475 1.60316e+06
476 1.60322e+06
477 1.60324e+06
478 1.60334e+06
479 1.60346e+06
480 1.60349e+06
481 1.6035e+06
482 1.60361e+06
483 1.60367e+06
484 1.60378e+06
485 1.60384e+06
486 1.60385e+06
487 1.60386e+06
488 1.60393e+06
489 1.60396e+06
490 1.60407e+06
491 1.60415e+06
492 1.60418e+06
493 1.60428e+06
494 1.60436e+06
495 1.60445e+06
496 1.60455e+06
497 1.60457e+06
498 1.60465e+06
499 1.60467e+06
500 1.60467e+06
501 1.60472e+06
502 1.60475e+06
503 1.60484e+06
504 1.60486e+06
505 1.60491e+06
506 1.60498e+06
507 1.60499e+06
508 1.60508e+06
509 1.60508e+06
510 1.60511e+06
511 1.60512e+06
512 1.60516e+06
513 1.60521e+06
514 1.60536e+06
515 1.60542e+06
516 1.60546e+06
517 1.6056e+06
518 1.60584e+06
519 1.60594e+06
520 1.60598e+06
521 1.60607e+06
522 1.60614e+06
523 1.60616e+06
524 1.60628e+06
525 1.60643e+06
526 1.60653e+06
527 1.60659e+06
528 1.60661e+06
529 1.60663e+06
530 1.60674e+06
531 1.60681e+06
532 1.60682e+06
533 1.6069e+06
534 1.60693e+06
535 1.607e+06
536 1.607e+06
537 1.60701e+06
538 1.60713e+06
539 1.60722e+06
540 1.60727e+06
541 1.60734e+06
542 1.60746e+06
543 1.60753e+06
544 1.60759e+06
545 1.60762e+06
546 1.6077e+06
547 1.60775e+06
548 1.6078e+06
549 1.60782e+06
550 1.60786e+06
551 1.60793e+06
552 1.60808e+06
553 1.60814e+06
554 1.60814e+06
555 1.60815e+06
556 1.60822e+06
557 1.60824e+06
558 1.60833e+06
559 1.60834e+06
560 1.60844e+06
561 1.60846e+06
562 1.60851e+06
563 1.60854e+06
564 1.60861e+06
565 1.60867e+06
566 1.60877e+06
567 1.6088e+06
568 1.60884e+06
569 1.60893e+06
570 1.60904e+06
571 1.60911e+06
572 1.60912e+06
573 1.60916e+06
574 1.60922e+06
575 1.60923e+06
576 1.60926e+06
577 1.60932e+06
578 1.60933e+06
579 1.60943e+06
580 1.60946e+06
581 1.60948e+06
582 1.60951e+06
583 1.60956e+06
584 1.60956e+06
585 1.60957e+06
586 1.60963e+06
587 1.6097e+06
588 1.60981e+06
589 1.60986e+06
590 1.60992e+06
591 1.60992e+06
592 1.61003e+06
593 1.61003e+06
594 1.6101e+06
595 1.6101e+06
596 1.61012e+06
597 1.61022e+06
598 1.61024e+06
599 1.61025e+06
600 1.61028e+06
601 1.61034e+06
602 1.61039e+06
603 1.6105e+06
604 1.6105e+06
605 1.61054e+06
606 1.61066e+06
607 1.61089e+06
608 1.61089e+06
609 1.61094e+06
610 1.61102e+06
611 1.61102e+06
612 1.61106e+06
613 1.6111e+06
614 1.61122e+06
615 1.61133e+06
616 1.61135e+06
617 1.61136e+06
618 1.61147e+06
619 1.6115e+06
620 1.61155e+06
621 1.61165e+06
622 1.61167e+06
623 1.61174e+06
624 1.61176e+06
625 1.61181e+06
626 1.61195e+06
627 1.61203e+06
628 1.6121e+06
629 1.6121e+06
630 1.6121e+06
631 1.61222e+06
632 1.61237e+06
633 1.6125e+06
634 1.61266e+06
635 1.61272e+06
636 1.61273e+06
637 1.61275e+06
638 1.61288e+06
639 1.61293e+06
640 1.61296e+06
641 1.61302e+06
642 1.61307e+06
643 1.61309e+06
644 1.61324e+06
645 1.61338e+06
646 1.61342e+06
647 1.61349e+06
648 1.61355e+06
649 1.61364e+06
650 1.61373e+06
651 1.6138e+06
652 1.61384e+06
653 1.61391e+06
654 1.61393e+06
655 1.61407e+06
656 1.61411e+06
657 1.61419e+06
658 1.61421e+06
659 1.61421e+06
660 1.61425e+06
661 1.61425e+06
662 1.61428e+06
663 1.61432e+06
664 1.61439e+06
665 1.61454e+06
666 1.61461e+06
667 1.61479e+06
668 1.61489e+06
669 1.61496e+06
670 1.61496e+06
671 1.61502e+06
672 1.61505e+06
673 1.61506e+06
674 1.61506e+06
675 1.61514e+06
676 1.61522e+06
677 1.61534e+06
678 1.61537e+06
679 1.61541e+06
680 1.61548e+06
681 1.61555e+06
682 1.6156e+06
683 1.61564e+06
684 1.61573e+06
685 1.61577e+06
686 1.6158e+06
687 1.61582e+06
688 1.61589e+06
689 1.61589e+06
690 1.61593e+06
691 1.61601e+06
692 1.61601e+06
693 1.61606e+06
694 1.61615e+06
695 1.61618e+06
696 1.61628e+06
697 1.6163e+06
698 1.6164e+06
699 1.61646e+06
700 1.61647e+06
701 1.61653e+06
702 1.61654e+06
703 1.6166e+06
704 1.61671e+06
705 1.61672e+06
706 1.61672e+06
707 1.61679e+06
708 1.61679e+06
709 1.61688e+06
710 1.61694e+06
711 1.61695e+06
712 1.61698e+06
713 1.61706e+06
714 1.61707e+06
715 1.61712e+06
716 1.61714e+06
717 1.61717e+06
718 1.61722e+06
719 1.61729e+06
720 1.61738e+06
721 1.61747e+06
722 1.61753e+06
723 1.6176e+06
724 1.61764e+06
725 1.61775e+06
726 1.61784e+06
727 1.61795e+06
728 1.618e+06
729 1.61804e+06
730 1.61815e+06
731 1.61818e+06
732 1.61824e+06
733 1.61833e+06
734 1.61838e+06
735 1.61839e+06
736 1.61844e+06
737 1.61843e+06
738 1.61851e+06
739 1.61854e+06
740 1.6186e+06
741 1.61872e+06
742 1.61886e+06
743 1.61894e+06
744 1.61899e+06
745 1.61902e+06
746 1.61911e+06
747 1.61914e+06
748 1.61923e+06
749 1.61924e+06
750 1.61926e+06
751 1.61929e+06
752 1.61933e+06
753 1.61939e+06
754 1.61941e+06
755 1.61945e+06
756 1.61948e+06
757 1.61956e+06
758 1.61961e+06
759 1.61971e+06
760 1.61977e+06
761 1.61977e+06
762 1.61978e+06
763 1.61983e+06
764 1.61988e+06
765 1.6199e+06
766 1.61991e+06
767 1.61997e+06
768 1.62002e+06
769 1.62005e+06
770 1.62007e+06
771 1.62024e+06
772 1.62026e+06
773 1.62039e+06
774 1.62039e+06
775 1.62039e+06
776 1.62041e+06
777 1.62049e+06
778 1.62051e+06
779 1.62053e+06
780 1.62064e+06
781 1.62074e+06
782 1.62079e+06
783 1.62089e+06
784 1.621e+06
785 1.62106e+06
786 1.62116e+06
787 1.62124e+06
788 1.62132e+06
789 1.62132e+06
790 1.62142e+06
791 1.62152e+06
792 1.62154e+06
793 1.62155e+06
794 1.62156e+06
795 1.62158e+06
796 1.62165e+06
797 1.62171e+06
798 1.62183e+06
799 1.62189e+06
800 1.62193e+06
801 1.62193e+06
802 1.62194e+06
803 1.62194e+06
804 1.62197e+06
805 1.62203e+06
806 1.62207e+06
807 1.62209e+06
808 1.62217e+06
809 1.62226e+06
810 1.62227e+06
811 1.6223e+06
812 1.62233e+06
813 1.62242e+06
814 1.62244e+06
815 1.62255e+06
816 1.62257e+06
817 1.62268e+06
818 1.62269e+06
819 1.62269e+06
820 1.62289e+06
821 1.62294e+06
822 1.623e+06
823 1.62305e+06
824 1.62309e+06
825 1.62311e+06
826 1.62315e+06
827 1.62316e+06
828 1.62321e+06
829 1.62328e+06
830 1.62338e+06
831 1.62338e+06
832 1.62342e+06
833 1.6235e+06
834 1.62363e+06
835 1.62364e+06
836 1.62367e+06
837 1.62369e+06
838 1.62369e+06
839 1.62369e+06
840 1.6237e+06
841 1.6237e+06
842 1.62383e+06
843 1.62386e+06
844 1.62387e+06
845 1.6239e+06
846 1.62391e+06
847 1.624e+06
848 1.624e+06
849 1.62408e+06
850 1.6242e+06
851 1.6242e+06
852 1.62426e+06
853 1.6243e+06
854 1.62432e+06
855 1.62432e+06
856 1.62435e+06
857 1.62446e+06
858 1.6245e+06
859 1.62459e+06
860 1.62463e+06
861 1.6247e+06
862 1.62474e+06
863 1.62481e+06
864 1.62481e+06
865 1.62487e+06
866 1.62491e+06
867 1.62505e+06
868 1.62515e+06
869 1.6252e+06
870 1.62533e+06
871 1.62542e+06
872 1.62542e+06
873 1.62547e+06
874 1.62548e+06
875 1.62548e+06
876 1.62548e+06
877 1.62551e+06
878 1.62568e+06
879 1.6257e+06
880 1.62572e+06
881 1.62586e+06
882 1.62594e+06
883 1.62597e+06
884 1.6261e+06
885 1.62617e+06
886 1.6262e+06
887 1.62638e+06
888 1.62643e+06
889 1.62647e+06
890 1.62654e+06
891 1.62657e+06
892 1.62669e+06
893 1.62676e+06
894 1.62677e+06
895 1.62677e+06
896 1.62684e+06
897 1.62686e+06
898 1.62691e+06
899 1.62697e+06
900 1.627e+06
901 1.62702e+06
902 1.62708e+06
903 1.62715e+06
904 1.62719e+06
905 1.62726e+06
906 1.62731e+06
907 1.62734e+06
908 1.62746e+06
909 1.62751e+06
910 1.62752e+06
911 1.62755e+06
912 1.62758e+06
913 1.62758e+06
914 1.6276e+06
915 1.62773e+06
916 1.62774e+06
917 1.62778e+06
918 1.62783e+06
919 1.62788e+06
920 1.6279e+06
921 1.62797e+06
922 1.62804e+06
923 1.6281e+06
924 1.62815e+06
925 1.62824e+06
926 1.6283e+06
927 1.6284e+06
928 1.62846e+06
929 1.62861e+06
930 1.62867e+06
931 1.62874e+06
932 1.62878e+06
933 1.62884e+06
934 1.62884e+06
935 1.62885e+06
936 1.62889e+06
937 1.6289e+06
938 1.62892e+06
939 1.62898e+06
940 1.62898e+06
941 1.62905e+06
942 1.62913e+06
943 1.62913e+06
944 1.62918e+06
945 1.62918e+06
946 1.62918e+06
947 1.62923e+06
948 1.62926e+06
949 1.6293e+06
950 1.6293e+06
951 1.62932e+06
952 1.6294e+06
953 1.62943e+06
954 1.62951e+06
955 1.62958e+06
956 1.62966e+06
957 1.62986e+06
958 1.62992e+06
959 1.62998e+06
960 1.62998e+06
961 1.63e+06
962 1.63013e+06
963 1.63018e+06
964 1.63023e+06
965 1.63025e+06
966 1.63028e+06
967 1.63028e+06
968 1.63034e+06
969 1.63037e+06
970 1.63044e+06
971 1.63044e+06
972 1.63046e+06
973 1.63046e+06
974 1.63058e+06
975 1.63061e+06
976 1.63073e+06
977 1.63079e+06
978 1.63083e+06
979 1.63084e+06
980 1.63097e+06
981 1.63104e+06
982 1.63107e+06
983 1.63107e+06
984 1.63107e+06
985 1.63111e+06
986 1.63113e+06
987 1.63121e+06
988 1.63123e+06
989 1.63131e+06
990 1.63142e+06
991 1.63147e+06
992 1.63154e+06
993 1.63162e+06
994 1.63172e+06
995 1.6318e+06
996 1.63183e+06
997 1.63183e+06
998 1.63186e+06
999 1.63189e+06
1000 1.63189e+06
