128 0.3 0.444
0 156776
1 1.56782e+06
2 1.56786e+06
3 1.56795e+06
4 1.568e+06
5 1.56809e+06
6 1.5682e+06
7 1.56823e+06
8 1.56823e+06
9 1.56839e+06
10 1.56842e+06
11 1.5685e+06
12 1.56864e+06
13 1.56872e+06
14 1.56878e+06
15 1.56893e+06
16 1.56908e+06
17 1.56918e+06
18 1.5692e+06
19 1.5693e+06
20 1.56939e+06
21 1.56947e+06
22 1.56963e+06
23 1.5697e+06
24 1.56978e+06
25 1.56979e+06
26 1.56992e+06
27 1.57001e+06
28 1.57012e+06
29 1.5702e+06
30 1.57026e+06
31 1.57031e+06
32 1.57038e+06
33 1.5704e+06
34 1.57044e+06
35 1.57054e+06
36 1.57084e+06
37 1.57097e+06
38 1.57113e+06
39 1.57119e+06
40 1.57122e+06
41 1.57132e+06
42 1.57145e+06
43 1.57159e+06
44 1.57162e+06
45 1.5717e+06
46 1.57174e+06
47 1.57178e+06
48 1.57181e+06
49 1.57187e+06
50 1.57201e+06
51 1.57206e+06
52 1.57223e+06
53 1.57242e+06
54 1.57254e+06
55 1.57262e+06
56 1.57277e+06
57 1.57285e+06
58 1.5731e+06
59 1.57334e+06
60 1.57344e+06
61 1.57359e+06
62 1.57363e+06
63 1.57363e+06
64 1.57368e+06
65 1.57382e+06
66 1.57386e+06
67 1.57393e+06
68 1.57396e+06
69 1.57402e+06
70 1.57406e+06
71 1.57415e+06
72 1.57426e+06
73 1.57436e+06
74 1.57438e+06
75 1.5744e+06
76 1.57449e+06
77 1.57452e+06
78 1.57459e+06
79 1.57471e+06
80 1.57474e+06
81 1.57488e+06
82 1.57491e+06
83 1.575e+06
84 1.57507e+06
85 1.57525e+06
86 1.57532e+06
87 1.57538e+06
88 1.57542e+06
89 1.5755e+06
90 1.57555e+06
91 1.57574e+06
92 1.57582e+06
93 1.576e+06
94 1.57603e+06
95 1.57624e+06
96 1.57634e+06
97 1.57642e+06
98 1.57649e+06
99 1.57651e+06
100 1.57655e+06
101 1.57656e+06
102 1.57674e+06
103 1.57681e+06
104 1.57685e+06
105 1.57699e+06
106 1.57705e+06
107 1.57707e+06
108 1.57714e+06
109 1.57724e+06
110 1.57726e+06
111 1.57739e+06
112 1.57746e+06
113 1.57751e+06
114 1.57766e+06
115 1.57773e+06
116 1.57784e+06
117 1.57788e+06
118 1.57795e+06
119 1.57807e+06
120 1.57811e+06
121 1.57818e+06
122 1.57832e+06
123 1.5784e+06
124 1.57845e+06
125 1.57848e+06
126 1.57854e+06
127 1.5786e+06
128 1.5787e+06
129 1.57876e+06
130 1.5788e+06
131 1.57894e+06
132 1.57915e+06
133 1.57919e+06
134 1.57934e+06
135 1.57943e+06
136 1.57965e+06
137 1.5797e+06
138 1.57973e+06
139 1.57982e+06
140 1.57994e+06
141 1.57998e+06
142 1.58004e+06
143 1.58011e+06
144 1.58014e+06
145 1.58015e+06
146 1.58019e+06
147 1.58024e+06
148 1.58035e+06
149 1.58038e+06
150 1.58055e+06
151 1.58068e+06
152 1.58074e+06
153 1.58078e+06
154 1.58088e+06
155 1.58101e+06
156 1.58119e+06
157 1.58138e+06
158 1.58145e+06
159 1.5815e+06
160 1.58165e+06
161 1.58175e+06
162 1.58182e+06
163 1.58185e+06
164 1.582e+06
165 1.58211e+06
166 1.58215e+06
167 1.58221e+06
168 1.58225e+06
169 1.58228e+06
170 1.58234e+06
171 1.58234e+06
172 1.58238e+06
173 1.58241e+06
174 1.58251e+06
175 1.58259e+06
176 1.58264e+06
177 1.58266e+06
178 1.58273e+06
179 1.58282e+06
180 1.58292e+06
181 1.58303e+06
182 1.58309e+06
183 1.58318e+06
184 1.58328e+06
185 1.58338e+06
186 1.58343e+06
187 1.58348e+06
188 1.58354e+06
189 1.58361e+06
190 1.58363e+06
191 1.58367e+06
192 1.58385e+06
193 1.5839e+06
194 1.58403e+06
195 1.58411e+06
196 1.58421e+06
197 1.58422e+06
198 1.58426e+06
199 1.58437e+06
200 1.58437e+06
201 1.58451e+06
202 1.58457e+06
203 1.58459e+06
204 1.58469e+06
205 1.58477e+06
206 1.58487e+06
207 1.58498e+06
208 1.58504e+06
209 1.5851e+06
210 1.58512e+06
211 1.58518e+06
212 1.58526e+06
213 1.58526e+06
214 1.58529e+06
215 1.58532e+06
216 1.58541e+06
217 1.58554e+06
218 1.58561e+06
219 1.58564e+06
220 1.58579e+06
221 1.58602e+06
222 1.58622e+06
223 1.58637e+06
224 1.58644e+06
225 1.58646e+06
226 1.58657e+06
227 1.58679e+06
228 1.5869e+06
229 1.58698e+06
230 1.58702e+06
231 1.58709e+06
232 1.5871e+06
233 1.58716e+06
234 1.58725e+06
235 1.58733e+06
236 1.58737e+06
237 1.58747e+06
238 1.58754e+06
239 1.58765e+06
240 1.58775e+06
241 1.58792e+06
242 1.58798e+06
243 1.58801e+06
244 1.58804e+06
245 1.58813e+06
246 1.58813e+06
247 1.58821e+06
248 1.58834e+06
249 1.58847e+06
250 1.58851e+06
251 1.58857e+06
252 1.58873e+06
253 1.58877e+06
254 1.58876e+06
255 1.58877e+06
256 1.5888e+06
257 1.58888e+06
258 1.58894e+06
259 1.58896e+06
260 1.58912e+06
261 1.58915e+06
262 1.58932e+06
263 1.58938e+06
264 1.58958e+06
265 1.5896e+06
266 1.58961e+06
267 1.58968e+06
268 1.58982e+06
269 1.58988e+06
270 1.5899e+06
271 1.59003e+06
272 1.59007e+06
273 1.59013e+06
274 1.5902e+06
275 1.59026e+06
276 1.59042e+06
277 1.59059e+06
278 1.59062e+06
279 1.59068e+06
280 1.59077e+06
281 1.59095e+06
282 1.59096e+06
283 1.59101e+06
284 1.59104e+06
285 1.59107e+06
286 1.5911e+06
287 1.59116e+06
288 1.59116e+06
289 1.5912e+06
290 1.59133e+06
291 1.59137e+06
292 1.59139e+06
293 1.59141e+06
294 1.59152e+06
295 1.59169e+06
296 1.59176e+06
297 1.59182e+06
298 1.59184e+06
299 1.59192e+06
300 1.59194e+06
301 1.59196e+06
302 1.59202e+06
303 1.59203e+06
304 1.59205e+06
305 1.59228e+06
306 1.59228e+06
307 1.59231e+06
308 1.59233e+06
309 1.59238e+06
310 1.59243e+06
311 1.59247e+06
312 1.59259e+06
313 1.59262e+06
314 1.59267e+06
315 1.59279e+06
316 1.59287e+06
317 1.59296e+06
318 1.59299e+06
319 1.59305e+06
320 1.59322e+06
321 1.59329e+06
322 1.59333e+06
323 1.59348e+06
324 1.5936e+06
325 1.59362e+06
326 1.59368e+06
327 1.5937e+06
328 1.59376e+06
329 1.5938e+06
330 1.59383e+06
331 1.59387e+06
332 1.59394e+06
333 1.59401e+06
334 1.59418e+06
335 1.59426e+06
336 1.59436e+06
337 1.59445e+06
338 1.5945e+06
339 1.59456e+06
340 1.59465e+06
341 1.59467e+06
342 1.59474e+06
343 1.59477e+06
344 1.5948e+06
345 1.59491e+06
346 1.59503e+06
347 1.59509e+06
348 1.5952e+06
349 1.5952e+06
350 1.59522e+06
351 1.59522e+06
352 1.59536e+06
353 1.59541e+06
354 1.59551e+06
355 1.59561e+06
356 1.59568e+06
357 1.59582e+06
358 1.59588e+06
359 1.5959e+06
360 1.59591e+06
361 1.59598e+06
362 1.59603e+06
363 1.59608e+06
364 1.59613e+06
365 1.59616e+06
366 1.59617e+06
367 1.59621e+06
368 1.59624e+06
369 1.59627e+06
370 1.59627e+06
371 1.59636e+06
372 1.59647e+06
373 1.59653e+06
374 1.5966e+06
375 1.59669e+06
376 1.59678e+06
377 1.59679e+06
378 1.59687e+06
379 1.59694e+06
380 1.59699e+06
381 1.59708e+06
382 1.59718e+06
383 1.59734e+06
384 1.59736e+06
385 1.59751e+06
386 1.59765e+06
387 1.59771e+06
388 1.59778e+06
389 1.59787e+06
390 1.59796e+06
391 1.59798e+06
392 1.59807e+06
393 1.59814e+06
394 1.59823e+06
395 1.5983e+06
396 1.59839e+06
397 1.5984e+06
398 1.5985e+06
399 1.59855e+06
400 1.59864e+06
401 1.5987e+06
402 1.59886e+06
403 1.59888e+06
404 1.5991e+06
405 1.5992e+06
406 1.59922e+06
407 1.5993e+06
408 1.59931e+06
409 1.59936e+06
410 1.59944e+06
411 1.5996e+06
412 1.59962e+06
413 1.59975e+06
414 1.59984e+06
415 1.5999e+06
416 1.59996e+06
417 1.60006e+06
418 1.6001e+06
419 1.60016e+06
420 1.60018e+06
421 1.60017e+06
422 1.60019e+06
423 1.60023e+06
424 1.60023e+06
425 1.60026e+06
426 1.60026e+06
427 1.60026e+06
428 1.60036e+06
429 1.60049e+06
430 1.60057e+06
431 1.60069e+06
432 1.60075e+06
433 1.60087e+06
434 1.60088e+06
435 1.6009e+06
436 1.60104e+06
437 1.60112e+06
438 1.60119e+06
439 1.60121e+06
440 1.60124e+06
441 1.60124e+06
442 1.60131e+06
443 1.60146e+06
444 1.6015e+06
445 1.60176e+06
446 1.60178e+06
447 1.60197e+06
448 1.602e+06
449 1.60205e+06
450 1.60212e+06
451 1.6022e+06
452 1.60226e+06
453 1.60246e+06
454 1.60251e+06
455 1.60259e+06
456 1.60262e+06
457 1.60264e+06
458 1.60272e+06
459 1.60275e+06
460 1.60279e+06
461 1.60293e+06
462 1.60304e+06
463 1.6031e+06
464 1.60326e+06
465 1.60328e+06
466 1.6033e+06
467 1.60339e+06
468 1.60349e+06
469 1.60359e+06
470 1.60363e+06
471 1.60364e+06
472 1.60365e+06
473 1.6037e+06
474 1.60374e+06
475 1.60382e+06
476 1.60385e+06
477 1.60406e+06
478 1.60411e+06
479 1.6043e+06
480 1.60432e+06
481 1.60437e+06
482 1.60447e+06
483 1.60452e+06
484 1.60455e+06
485 1.60473e+06
486 1.60481e+06
487 1.60486e+06
488 1.60495e+06
489 1.60508e+06
490 1.60527e+06
491 1.6054e+06
492 1.60542e+06
493 1.60546e+06
494 1.6056e+06
495 1.60568e+06
496 1.6057e+06
497 1.60581e+06
498 1.60583e+06
499 1.60582e+06
500 1.60583e+06
501 1.60585e+06
502 1.60592e+06
503 1.60598e+06
504 1.60613e+06
505 1.60623e+06
506 1.60633e+06
507 1.60639e+06
508 1.60649e+06
509 1.6066e+06
510 1.60674e+06
511 1.6068e+06
512 1.60681e+06
513 1.60686e+06
514 1.6069e+06
515 1.60693e+06
516 1.60694e+06
517 1.60696e+06
518 1.6071e+06
519 1.60712e+06
520 1.60715e+06
521 1.6072e+06
522 1.60732e+06
523 1.60732e+06
524 1.60733e+06
525 1.60737e+06
526 1.60736e+06
527 1.60745e+06
528 1.60753e+06
529 1.60753e+06
530 1.60758e+06
531 1.60775e+06
532 1.60777e+06
533 1.60779e+06
534 1.60787e+06
535 1.60792e+06
536 1.60802e+06
537 1.60813e+06
538 1.60824e+06
539 1.60826e+06
540 1.60827e+06
541 1.60834e+06
542 1.60841e+06
543 1.60844e+06
544 1.60845e+06
545 1.60847e+06
546 1.60856e+06
547 1.60867e+06
548 1.60874e+06
549 1.60881e+06
550 1.60882e+06
551 1.60892e+06
552 1.60892e+06
553 1.60897e+06
554 1.60909e+06
555 1.60915e+06
556 1.60919e+06
557 1.60937e+06
558 1.60942e+06
559 1.60946e+06
560 1.60949e+06
561 1.60949e+06
562 1.60951e+06
563 1.60959e+06
564 1.60962e+06
565 1.60964e+06
566 1.60967e+06
567 1.60969e+06
568 1.6097e+06
569 1.60977e+06
570 1.60993e+06
571 1.60994e+06
572 1.61e+06
573 1.61e+06
574 1.61012e+06
575 1.61015e+06
576 1.61019e+06
577 1.61023e+06
578 1.61029e+06
579 1.61039e+06
580 1.61049e+06
581 1.61052e+06
582 1.61052e+06
583 1.61055e+06
584 1.61058e+06
585 1.61062e+06
586 1.61069e+06
587 1.61078e+06
588 1.6108e+06
589 1.61089e+06
590 1.61094e+06
591 1.61096e+06
592 1.61103e+06
593 1.61109e+06
594 1.61117e+06
595 1.61124e+06
596 1.61136e+06
597 1.61136e+06
598 1.61138e+06
599 1.6114e+06
600 1.61142e+06
601 1.61149e+06
602 1.61149e+06
603 1.61161e+06
604 1.61163e+06
605 1.61181e+06
606 1.61189e+06
607 1.61192e+06
608 1.61197e+06
609 1.61203e+06
610 1.61209e+06
611 1.61209e+06
612 1.61211e+06
613 1.61218e+06
614 1.61226e+06
615 1.61234e+06
616 1.61235e+06
617 1.61249e+06
618 1.61249e+06
619 1.61251e+06
620 1.61254e+06
621 1.61261e+06
622 1.61267e+06
623 1.61271e+06
624 1.61275e+06
625 1.61281e+06
626 1.61287e+06
627 1.613e+06
628 1.61306e+06
629 1.61315e+06
630 1.61321e+06
631 1.6133e+06
632 1.6133e+06
633 1.61343e+06
634 1.61364e+06
635 1.61363e+06
636 1.61366e+06
637 1.61368e+06
638 1.61368e+06
639 1.61368e+06
640 1.61373e+06
641 1.61381e+06
642 1.61389e+06
643 1.61393e+06
644 1.61397e+06
645 1.614e+06
646 1.61409e+06
647 1.61427e+06
648 1.61433e+06
649 1.61443e+06
650 1.61457e+06
651 1.61468e+06
652 1.61483e+06
653 1.61493e+06
654 1.61506e+06
655 1.61512e+06
656 1.61518e+06
657 1.61521e+06
658 1.61523e+06
659 1.61524e+06
660 1.61525e+06
661 1.61528e+06
662 1.61529e+06
663 1.61534e+06
664 1.6154e+06
665 1.61546e+06
666 1.61548e+06
667 1.61556e+06
668 1.6156e+06
669 1.61568e+06
670 1.61572e+06
671 1.61572e+06
672 1.61577e+06
673 1.61579e+06
674 1.61585e+06
675 1.61588e+06
676 1.61591e+06
677 1.61594e+06
678 1.61594e+06
679 1.616e+06
680 1.61609e+06
681 1.61617e+06
682 1.61636e+06
683 1.61639e+06
684 1.61646e+06
685 1.6165e+06
686 1.61666e+06
687 1.61667e+06
688 1.61672e+06
689 1.61674e+06
690 1.61689e+06
691 1.6169e+06
692 1.61691e+06
693 1.61693e+06
694 1.61695e+06
695 1.61698e+06
696 1.61708e+06
697 1.6172e+06
698 1.6172e+06
699 1.61729e+06
700 1.61731e+06
701 1.61731e+06
702 1.61733e+06
703 1.61733e+06
704 1.61737e+06
705 1.6174e+06
706 1.61743e+06
707 1.61757e+06
708 1.61762e+06
709 1.61775e+06
710 1.61776e+06
711 1.61788e+06
712 1.61792e+06
713 1.61796e+06
714 1.61796e+06
715 1.61806e+06
716 1.61815e+06
717 1.61821e+06
718 1.61826e+06
719 1.61828e+06
720 1.61828e+06
721 1.61828e+06
722 1.61831e+06
723 1.61845e+06
724 1.61855e+06
725 1.61872e+06
726 1.61879e+06
727 1.6188e+06
728 1.61889e+06
729 1.61896e+06
730 1.61908e+06
731 1.61912e+06
732 1.61916e+06
733 1.61918e+06
734 1.61918e+06
735 1.6193e+06
736 1.6193e+06
737 1.61931e+06
738 1.61937e+06
739 1.61941e+06
740 1.61941e+06
741 1.61943e+06
742 1.61951e+06
743 1.61953e+06
744 1.61961e+06
745 1.6197e+06
746 1.61971e+06
747 1.6197e+06
748 1.61975e+06
749 1.61975e+06
750 1.61976e+06
751 1.61986e+06
752 1.61985e+06
753 1.61985e+06
754 1.61998e+06
755 1.62007e+06
756 1.62009e+06
757 1.62018e+06
758 1.62021e+06
759 1.62021e+06
760 1.62022e+06
761 1.6203e+06
762 1.62047e+06
763 1.62048e+06
764 1.62059e+06
765 1.62066e+06
766 1.62073e+06
767 1.6208e+06
768 1.6208e+06
769 1.62081e+06
770 1.62094e+06
771 1.62101e+06
772 1.62101e+06
773 1.62102e+06
774 1.62109e+06
775 1.62112e+06
776 1.62121e+06
777 1.62135e+06
778 1.62138e+06
779 1.62143e+06
780 1.62144e+06
781 1.62152e+06
782 1.62157e+06
783 1.62163e+06
784 1.62169e+06
785 1.62171e+06
786 1.62176e+06
787 1.62184e+06
788 1.62185e+06
789 1.6219e+06
790 1.6219e+06
791 1.62192e+06
792 1.62215e+06
793 1.62217e+06
794 1.62217e+06
795 1.62218e+06
796 1.62218e+06
797 1.62218e+06
798 1.62222e+06
799 1.62225e+06
800 1.62237e+06
801 1.62238e+06
802 1.62243e+06
803 1.62248e+06
804 1.62259e+06
805 1.6227e+06
806 1.6227e+06
807 1.62274e+06
808 1.62278e+06
809 1.62287e+06
810 1.62294e+06
811 1.62305e+06
812 1.62311e+06
813 1.62313e+06
814 1.62314e+06
815 1.6232e+06
816 1.6232e+06
817 1.62324e+06
818 1.62324e+06
819 1.62324e+06
820 1.62333e+06
821 1.62336e+06
822 1.62338e+06
823 1.62356e+06
824 1.6236e+06
825 1.62359e+06
826 1.62367e+06
827 1.62371e+06
828 1.62371e+06
829 1.62373e+06
830 1.62375e+06
831 1.62383e+06
832 1.62387e+06
833 1.62389e+06
834 1.62394e+06
835 1.62394e+06
836 1.62397e+06
837 1.62398e+06
838 1.624e+06
839 1.62402e+06
840 1.62402e+06
841 1.62406e+06
842 1.62411e+06
843 1.6241e+06
844 1.62424e+06
845 1.6244e+06
846 1.62452e+06
847 1.62454e+06
848 1.62458e+06
849 1.6246e+06
850 1.62465e+06
851 1.62474e+06
852 1.62484e+06
853 1.62491e+06
854 1.62494e+06
855 1.625e+06
856 1.62502e+06
857 1.62505e+06
858 1.62521e+06
859 1.62523e+06
860 1.62534e+06
861 1.62536e+06
862 1.62538e+06
863 1.62538e+06
864 1.62543e+06
865 1.62548e+06
866 1.62551e+06
867 1.62554e+06
868 1.62562e+06
869 1.62564e+06
870 1.62564e+06
871 1.62564e+06
872 1.6257e+06
873 1.62572e+06
874 1.62578e+06
875 1.62581e+06
876 1.62586e+06
877 1.6259e+06
878 1.62591e+06
879 1.62595e+06
880 1.62595e+06
881 1.62597e+06
882 1.62604e+06
883 1.62611e+06
884 1.62626e+06
885 1.62631e+06
886 1.62639e+06
887 1.6265e+06
888 1.62656e+06
889 1.62659e+06
890 1.62659e+06
891 1.62671e+06
892 1.62671e+06
893 1.62681e+06
894 1.62685e+06
895 1.6269e+06
896 1.62693e+06
897 1.62693e+06
898 1.62697e+06
899 1.62697e+06
900 1.627e+06
901 1.62706e+06
902 1.62709e+06
903 1.6272e+06
904 1.62722e+06
905 1.62734e+06
906 1.62736e+06
907 1.62748e+06
908 1.6275e+06
909 1.62752e+06
910 1.62752e+06
911 1.62756e+06
912 1.62756e+06
913 1.62759e+06
914 1.62759e+06
915 1.62763e+06
916 1.62769e+06
917 1.62787e+06
918 1.62794e+06
919 1.62805e+06
920 1.62805e+06
921 1.62817e+06
922 1.62833e+06
923 1.62838e+06
924 1.62843e+06
925 1.62846e+06
926 1.62866e+06
927 1.62873e+06
928 1.62888e+06
929 1.62889e+06
930 1.62893e+06
931 1.62899e+06
932 1.62912e+06
933 1.62914e+06
934 1.62914e+06
935 1.62917e+06
936 1.62926e+06
937 1.62926e+06
938 1.62932e+06
939 1.62935e+06
940 1.62936e+06
941 1.62938e+06
942 1.62942e+06
943 1.62952e+06
944 1.62953e+06
945 1.62953e+06
946 1.6296e+06
947 1.62962e+06
948 1.62962e+06
949 1.62967e+06
950 1.62969e+06
951 1.62977e+06
952 1.62979e+06
953 1.6298e+06
954 1.62982e+06
955 1.62996e+06
956 1.62997e+06
957 1.63001e+06
958 1.63008e+06
959 1.63012e+06
960 1.63012e+06
961 1.63017e+06
962 1.6302e+06
963 1.6302e+06
964 1.63026e+06
965 1.63027e+06
966 1.63027e+06
967 1.63034e+06
968 1.63033e+06
969 1.63039e+06
970 1.6304e+06
971 1.63042e+06
972 1.63043e+06
973 1.63043e+06
974 1.63048e+06
975 1.63048e+06
976 1.63054e+06
977 1.63055e+06
978 1.63067e+06
979 1.63071e+06
980 1.63074e+06
981 1.6308e+06
982 1.63092e+06
983 1.63092e+06
984 1.63094e+06
985 1.63101e+06
986 1.63112e+06
987 1.63117e+06
988 1.63121e+06
989 1.63121e+06
990 1.63121e+06
991 1.63127e+06
992 1.63137e+06
993 1.63142e+06
994 1.63155e+06
995 1.63157e+06
996 1.63163e+06
997 1.63173e+06
998 1.63176e+06
999 1.63177e+06
1000 1.63178e+06
