128 0.3 0.432
0 156776
1 1.56782e+06
2 1.56782e+06
3 1.56794e+06
4 1.56803e+06
5 1.5681e+06
6 1.5681e+06
7 1.56832e+06
8 1.56843e+06
9 1.56859e+06
10 1.5687e+06
11 1.56894e+06
12 1.56911e+06
13 1.56913e+06
14 1.56916e+06
15 1.56926e+06
16 1.56946e+06
17 1.56964e+06
18 1.5697e+06
19 1.56978e+06
20 1.56983e+06
21 1.56991e+06
22 1.57003e+06
23 1.57008e+06
24 1.57018e+06
25 1.5703e+06
26 1.57033e+06
27 1.57045e+06
28 1.57051e+06
29 1.5706e+06
30 1.57069e+06
31 1.57076e+06
32 1.57079e+06
33 1.57089e+06
34 1.57104e+06
35 1.57111e+06
36 1.57115e+06
37 1.57118e+06
38 1.57128e+06
39 1.57149e+06
40 1.57154e+06
41 1.57159e+06
42 1.57175e+06
43 1.5719e+06
44 1.57207e+06
45 1.57223e+06
46 1.57234e+06
47 1.5724e+06
48 1.57251e+06
49 1.57268e+06
50 1.57274e+06
51 1.57276e+06
52 1.57287e+06
53 1.57296e+06
54 1.57302e+06
55 1.57306e+06
56 1.57322e+06
57 1.57326e+06
58 1.57332e+06
59 1.57344e+06
60 1.57351e+06
61 1.57357e+06
62 1.57383e+06
63 1.57385e+06
64 1.5739e+06
65 1.57395e+06
66 1.57402e+06
67 1.57405e+06
68 1.57425e+06
69 1.57433e+06
70 1.57446e+06
71 1.57452e+06
72 1.57468e+06
73 1.57474e+06
74 1.57484e+06
75 1.57488e+06
76 1.57493e+06
77 1.57504e+06
78 1.57512e+06
79 1.57527e+06
80 1.57531e+06
81 1.57538e+06
82 1.57547e+06
83 1.5756e+06
84 1.57564e+06
85 1.57568e+06
86 1.57579e+06
87 1.57582e+06
88 1.57588e+06
89 1.57598e+06
90 1.57607e+06
91 1.57612e+06
92 1.57615e+06
93 1.57624e+06
94 1.5763e+06
95 1.57646e+06
96 1.57655e+06
97 1.57662e+06
98 1.57669e+06
99 1.57673e+06
100 1.57676e+06
101 1.57676e+06
102 1.5769e+06
103 1.57695e+06
104 1.57707e+06
105 1.57717e+06
106 1.57725e+06
107 1.57732e+06
108 1.57741e+06
109 1.57754e+06
110 1.57756e+06
111 1.57762e+06
112 1.57772e+06
113 1.5778e+06
114 1.57786e+06
115 1.57791e+06
116 1.57797e+06
117 1.57806e+06
118 1.57815e+06
119 1.57823e+06
120 1.57829e+06
121 1.57833e+06
122 1.57839e+06
123 1.57856e+06
124 1.57866e+06
125 1.57874e+06
126 1.57887e+06
127 1.57903e+06
128 1.57909e+06
129 1.57916e+06
130 1.57918e+06
131 1.57925e+06
132 1.57937e+06
133 1.57954e+06
134 1.57963e+06
135 1.57966e+06
136 1.57982e+06
137 1.5799e+06
138 1.58011e+06
139 1.58017e+06
140 1.58029e+06
141 1.58033e+06
142 1.58048e+06
143 1.58064e+06
144 1.58071e+06
145 1.5808e+06
146 1.58092e+06
147 1.58107e+06
148 1.5811e+06
149 1.58119e+06
150 1.58128e+06
151 1.58134e+06
152 1.58144e+06
153 1.58148e+06
154 1.58158e+06
155 1.58167e+06
156 1.5817e+06
157 1.58175e+06
158 1.58199e+06
159 1.5822e+06
160 1.5823e+06
161 1.58231e+06
162 1.58248e+06
163 1.58258e+06
164 1.58267e+06
165 1.5828e+06
166 1.5829e+06
167 1.58295e+06
168 1.58296e+06
169 1.58305e+06
170 1.58328e+06
171 1.5833e+06
172 1.58333e+06
173 1.58344e+06
174 1.5836e+06
175 1.58379e+06
176 1.58385e+06
177 1.58405e+06
178 1.58415e+06
179 1.58421e+06
180 1.58434e+06
181 1.58443e+06
182 1.58448e+06
183 1.58448e+06
184 1.5845e+06
185 1.58456e+06
186 1.58459e+06
187 1.58464e+06
188 1.58464e+06
189 1.5848e+06
190 1.58488e+06
191 1.58494e+06
192 1.58509e+06
193 1.58518e+06
194 1.58525e+06
195 1.58525e+06
196 1.58536e+06
197 1.58541e+06
198 1.58549e+06
199 1.58558e+06
200 1.58578e+06
201 1.58578e+06
202 1.5859e+06
203 1.58598e+06
204 1.5861e+06
205 1.5862e+06
206 1.58631e+06
207 1.58636e+06
208 1.58641e+06
209 1.58647e+06
210 1.5866e+06
211 1.58664e+06
212 1.5868e+06
213 1.58683e+06
214 1.58701e+06
215 1.58704e+06
216 1.58709e+06
217 1.58709e+06
218 1.58713e+06
219 1.5872e+06
220 1.58723e+06
221 1.58746e+06
222 1.58752e+06
223 1.58756e+06
224 1.58764e+06
225 1.58771e+06
226 1.58779e+06
227 1.5878e+06
228 1.58785e+06
229 1.58792e+06
230 1.58796e+06
231 1.58804e+06
232 1.58806e+06
233 1.58817e+06
234 1.58828e+06
235 1.58834e+06
236 1.58836e+06
237 1.58837e+06
238 1.5884e+06
239 1.58846e+06
240 1.5885e+06
241 1.58854e+06
242 1.5886e+06
243 1.58862e+06
244 1.58864e+06
245 1.58869e+06
246 1.58871e+06
247 1.58881e+06
248 1.58885e+06
249 1.58896e+06
250 1.58907e+06
251 1.58915e+06
252 1.58928e+06
253 1.58936e+06
254 1.58942e+06
255 1.58953e+06
256 1.58959e+06
257 1.58962e+06
258 1.58969e+06
259 1.58975e+06
260 1.58976e+06
261 1.58982e+06
262 1.58987e+06
263 1.5899e+06
264 1.58994e+06
265 1.59e+06
266 1.59007e+06
267 1.5901e+06
268 1.59024e+06
269 1.5904e+06
270 1.59051e+06
271 1.59061e+06
272 1.59064e+06
273 1.59068e+06
274 1.59089e+06
275 1.59091e+06
276 1.59093e+06
277 1.59106e+06
278 1.59122e+06
279 1.59127e+06
280 1.59128e+06
281 1.59139e+06
282 1.59146e+06
283 1.59147e+06
284 1.59152e+06
285 1.59159e+06
286 1.59173e+06
287 1.59174e+06
288 1.59174e+06
289 1.59175e+06
290 1.59178e+06
291 1.59192e+06
292 1.59206e+06
293 1.5921e+06
294 1.59224e+06
295 1.59234e+06
296 1.59238e+06
297 1.59251e+06
298 1.59268e+06
299 1.59276e+06
300 1.59277e+06
301 1.5928e+06
302 1.59287e+06
303 1.59292e+06
304 1.59293e+06
305 1.593e+06
306 1.59311e+06
307 1.59313e+06
308 1.59323e+06
309 1.59331e+06
310 1.59338e+06
311 1.59345e+06
312 1.59353e+06
313 1.59354e+06
314 1.59363e+06
315 1.59368e+06
316 1.59373e+06
317 1.59379e+06
318 1.59387e+06
319 1.59405e+06
320 1.59414e+06
321 1.59421e+06
322 1.59424e+06
323 1.59434e+06
324 1.59434e+06
325 1.59434e+06
326 1.5944e+06
327 1.59446e+06
328 1.59456e+06
329 1.5946e+06
330 1.59461e+06
331 1.59463e+06
332 1.59488e+06
333 1.59491e+06
334 1.59499e+06
335 1.59519e+06
336 1.59528e+06
337 1.59534e+06
338 1.59536e+06
339 1.59547e+06
340 1.59548e+06
341 1.59549e+06
342 1.5955e+06
343 1.5955e+06
344 1.59555e+06
345 1.59562e+06
346 1.59568e+06
347 1.59576e+06
348 1.59587e+06
349 1.59595e+06
350 1.59598e+06
351 1.596e+06
352 1.59604e+06
353 1.59607e+06
354 1.59613e+06
355 1.59621e+06
356 1.59629e+06
357 1.59637e+06
358 1.59641e+06
359 1.59642e+06
360 1.59651e+06
361 1.59661e+06
362 1.59665e+06
363 1.59665e+06
364 1.59669e+06
365 1.59679e+06
366 1.59685e+06
367 1.5969e+06
368 1.59691e+06
369 1.59702e+06
370 1.59702e+06
371 1.59711e+06
372 1.59727e+06
373 1.59742e+06
374 1.59752e+06
375 1.59759e+06
376 1.5977e+06
377 1.59771e+06
378 1.59784e+06
379 1.59803e+06
380 1.59804e+06
381 1.5981e+06
382 1.59826e+06
383 1.59835e+06
384 1.59841e+06
385 1.5985e+06
386 1.59852e+06
387 1.59855e+06
388 1.59858e+06
389 1.59871e+06
390 1.59871e+06
391 1.59873e+06
392 1.59879e+06
393 1.59887e+06
394 1.59896e+06
395 1.599e+06
396 1.59902e+06
397 1.59903e+06
398 1.59908e+06
399 1.59917e+06
400 1.59921e+06
401 1.59926e+06
402 1.5993e+06
403 1.59938e+06
404 1.59945e+06
405 1.59954e+06
406 1.59956e+06
407 1.5996e+06
408 1.59967e+06
409 1.59979e+06
410 1.5999e+06
411 1.59993e+06
412 1.59999e+06
413 1.60002e+06
414 1.60011e+06
415 1.60014e+06
416 1.6002e+06
417 1.60027e+06
418 1.60028e+06
419 1.60034e+06
420 1.60039e+06
421 1.6005e+06
422 1.60056e+06
423 1.60058e+06
424 1.60062e+06
425 1.6007e+06
426 1.60074e+06
427 1.60075e+06
428 1.60081e+06
429 1.60088e+06
430 1.60096e+06
431 1.60111e+06
432 1.60113e+06
433 1.60116e+06
434 1.60117e+06
435 1.60118e+06
436 1.60132e+06
437 1.60134e+06
438 1.60138e+06
439 1.60142e+06
440 1.6015e+06
441 1.60151e+06
442 1.60159e+06
443 1.60159e+06
444 1.60164e+06
445 1.60165e+06
446 1.60171e+06
447 1.60172e+06
448 1.60179e+06
449 1.60183e+06
450 1.60191e+06
451 1.60193e+06
452 1.60203e+06
453 1.60208e+06
454 1.6021e+06
455 1.60216e+06
456 1.60217e+06
457 1.6022e+06
458 1.60228e+06
459 1.60242e+06
460 1.60246e+06
461 1.60248e+06
462 1.60252e+06
463 1.60259e+06
464 1.60267e+06
465 1.60271e+06
466 1.60284e+06
467 1.6029e+06
468 1.60304e+06
469 1.60307e+06
470 1.60317e+06
471 1.60325e+06
472 1.60331e+06
473 1.60353e+06
474 1.60362e+06
475 1.60364e+06
476 1.60364e+06
477 1.6037e+06
478 1.60379e+06
479 1.60387e+06
480 1.60393e+06
481 1.60398e+06
482 1.60412e+06
483 1.60416e+06
484 1.60426e+06
485 1.60428e+06
486 1.60429e+06
487 1.60432e+06
488 1.6044e+06
489 1.60446e+06
490 1.60454e+06
491 1.60456e+06
492 1.60462e+06
493 1.60471e+06
494 1.60475e+06
495 1.60484e+06
496 1.60494e+06
497 1.60499e+06
498 1.60512e+06
499 1.60525e+06
500 1.60527e+06
501 1.60539e+06
502 1.60555e+06
503 1.60556e+06
504 1.60558e+06
505 1.60564e+06
506 1.60564e+06
507 1.6057e+06
508 1.60578e+06
509 1.60587e+06
510 1.60594e+06
511 1.60598e+06
512 1.60603e+06
513 1.60606e+06
514 1.60606e+06
515 1.60613e+06
516 1.60614e+06
517 1.60618e+06
518 1.60624e+06
519 1.60628e+06
520 1.60629e+06
521 1.60635e+06
522 1.60636e+06
523 1.60639e+06
524 1.60652e+06
525 1.60659e+06
526 1.60672e+06
527 1.60676e+06
528 1.60679e+06
529 1.60684e+06
530 1.60685e+06
531 1.607e+06
532 1.60702e+06
533 1.60706e+06
534 1.60708e+06
535 1.60719e+06
536 1.60726e+06
537 1.60744e+06
538 1.60744e+06
539 1.60746e+06
540 1.60749e+06
541 1.60754e+06
542 1.60762e+06
543 1.60768e+06
544 1.60772e+06
545 1.60772e+06
546 1.60782e+06
547 1.60786e+06
548 1.60792e+06
549 1.60802e+06
550 1.6081e+06
551 1.60822e+06
552 1.60829e+06
553 1.60838e+06
554 1.60842e+06
555 1.60844e+06
556 1.6085e+06
557 1.60859e+06
558 1.60862e+06
559 1.60867e+06
560 1.60875e+06
561 1.6088e+06
562 1.60883e+06
563 1.60895e+06
564 1.60902e+06
565 1.60906e+06
566 1.60924e+06
567 1.60927e+06
568 1.60927e+06
569 1.60928e+06
570 1.60928e+06
571 1.60934e+06
572 1.60943e+06
573 1.6095e+06
574 1.60953e+06
575 1.60969e+06
576 1.60979e+06
577 1.60985e+06
578 1.6099e+06
579 1.60999e+06
580 1.61015e+06
581 1.61015e+06
582 1.61024e+06
583 1.61028e+06
584 1.61032e+06
585 1.61034e+06
586 1.6104e+06
587 1.61056e+06
588 1.61058e+06
589 1.61065e+06
590 1.61067e+06
591 1.6107e+06
592 1.61074e+06
593 1.61089e+06
594 1.61102e+06
595 1.61107e+06
596 1.61121e+06
597 1.61128e+06
598 1.61128e+06
599 1.61134e+06
600 1.61139e+06
601 1.61153e+06
602 1.61158e+06
603 1.61167e+06
604 1.61177e+06
605 1.6118e+06
606 1.61183e+06
607 1.61184e+06
608 1.61188e+06
609 1.612e+06
610 1.61202e+06
611 1.6121e+06
612 1.61221e+06
613 1.6123e+06
614 1.61234e+06
615 1.61244e+06
616 1.6126e+06
617 1.61262e+06
618 1.61279e+06
619 1.61287e+06
620 1.6129e+06
621 1.61299e+06
622 1.61308e+06
623 1.61322e+06
624 1.61326e+06
625 1.61327e+06
626 1.61332e+06
627 1.61339e+06
628 1.61341e+06
629 1.61342e+06
630 1.61357e+06
631 1.61368e+06
632 1.6137e+06
633 1.61374e+06
634 1.61386e+06
635 1.61388e+06
636 1.61394e+06
637 1.61397e+06
638 1.614e+06
639 1.61404e+06
640 1.61407e+06
641 1.61409e+06
642 1.61409e+06
643 1.61421e+06
644 1.6143e+06
645 1.61435e+06
646 1.61436e+06
647 1.61448e+06
648 1.61449e+06
649 1.61451e+06
650 1.61459e+06
651 1.61468e+06
652 1.61485e+06
653 1.61487e+06
654 1.61493e+06
655 1.61494e+06
656 1.61511e+06
657 1.61518e+06
658 1.61521e+06
659 1.61534e+06
660 1.61538e+06
661 1.61543e+06
662 1.61546e+06
663 1.61546e+06
664 1.61554e+06
665 1.61556e+06
666 1.61556e+06
667 1.61557e+06
668 1.61559e+06
669 1.61566e+06
670 1.61573e+06
671 1.61576e+06
672 1.61578e+06
673 1.61582e+06
674 1.61592e+06
675 1.61604e+06
676 1.61609e+06
677 1.6162e+06
678 1.61622e+06
679 1.61626e+06
680 1.61632e+06
681 1.61639e+06
682 1.61642e+06
683 1.61644e+06
684 1.6165e+06
685 1.61654e+06
686 1.61658e+06
687 1.61661e+06
688 1.61666e+06
689 1.6167e+06
690 1.6169e+06
691 1.61703e+06
692 1.6171e+06
693 1.61718e+06
694 1.61721e+06
695 1.61723e+06
696 1.61723e+06
697 1.61723e+06
698 1.6173e+06
699 1.61738e+06
700 1.61739e+06
701 1.61743e+06
702 1.61749e+06
703 1.6175e+06
704 1.61752e+06
705 1.61759e+06
706 1.61764e+06
707 1.61765e+06
708 1.61769e+06
709 1.61772e+06
710 1.61775e+06
711 1.61776e+06
712 1.61778e+06
713 1.61784e+06
714 1.61786e+06
715 1.61791e+06
716 1.61794e+06
717 1.61802e+06
718 1.61802e+06
719 1.61803e+06
720 1.61812e+06
721 1.61822e+06
722 1.61841e+06
723 1.61846e+06
724 1.61863e+06
725 1.61877e+06
726 1.61892e+06
727 1.61892e+06
728 1.61909e+06
729 1.61913e+06
730 1.61922e+06
731 1.6193e+06
732 1.61946e+06
733 1.61946e+06
734 1.6195e+06
735 1.61952e+06
736 1.61958e+06
737 1.61964e+06
738 1.61971e+06
739 1.61973e+06
740 1.61974e+06
741 1.61977e+06
742 1.61979e+06
743 1.61986e+06
744 1.6199e+06
745 1.61995e+06
746 1.61995e+06
747 1.62006e+06
748 1.62006e+06
749 1.6201e+06
750 1.62018e+06
751 1.62023e+06
752 1.62026e+06
753 1.62046e+06
754 1.62058e+06
755 1.62067e+06
756 1.62076e+06
757 1.62078e+06
758 1.6208e+06
759 1.62094e+06
760 1.62103e+06
761 1.62104e+06
762 1.62112e+06
763 1.62112e+06
764 1.62113e+06
765 1.62116e+06
766 1.62117e+06
767 1.62122e+06
768 1.62129e+06
769 1.62131e+06
770 1.62136e+06
771 1.62146e+06
772 1.62154e+06
773 1.62158e+06
774 1.62158e+06
775 1.62163e+06
776 1.62169e+06
777 1.62182e+06
778 1.62184e+06
779 1.62185e+06
780 1.62191e+06
781 1.622e+06
782 1.62201e+06
783 1.62202e+06
784 1.62202e+06
785 1.62204e+06
786 1.62212e+06
787 1.62216e+06
788 1.62216e+06
789 1.6222e+06
790 1.62224e+06
791 1.62242e+06
792 1.62244e+06
793 1.62244e+06
794 1.62248e+06
795 1.62262e+06
796 1.62262e+06
797 1.62263e+06
798 1.6227e+06
799 1.62278e+06
800 1.62285e+06
801 1.62292e+06
802 1.62298e+06
803 1.62302e+06
804 1.62303e+06
805 1.62303e+06
806 1.62303e+06
807 1.62306e+06
808 1.62308e+06
809 1.62308e+06
810 1.62309e+06
811 1.62313e+06
812 1.62321e+06
813 1.62323e+06
814 1.62323e+06
815 1.62326e+06
816 1.62328e+06
817 1.62335e+06
818 1.62336e+06
819 1.6234e+06
820 1.62341e+06
821 1.62348e+06
822 1.62356e+06
823 1.62356e+06
824 1.6236e+06
825 1.62362e+06
826 1.62369e+06
827 1.62376e+06
828 1.6238e+06
829 1.62385e+06
830 1.62387e+06
831 1.6239e+06
832 1.62396e+06
833 1.62406e+06
834 1.62407e+06
835 1.6241e+06
836 1.6242e+06
837 1.62423e+06
838 1.62427e+06
839 1.62429e+06
840 1.62435e+06
841 1.62435e+06
842 1.62444e+06
843 1.62448e+06
844 1.62448e+06
845 1.62451e+06
846 1.62456e+06
847 1.62458e+06
848 1.62459e+06
849 1.6246e+06
850 1.62462e+06
851 1.62464e+06
852 1.62471e+06
853 1.62471e+06
854 1.62483e+06
855 1.62488e+06
856 1.62489e+06
857 1.62495e+06
858 1.62505e+06
859 1.62506e+06
860 1.6251e+06
861 1.6251e+06
862 1.6251e+06
863 1.6252e+06
864 1.6253e+06
865 1.62539e+06
866 1.62548e+06
867 1.62551e+06
868 1.6257e+06
869 1.62575e+06
870 1.6258e+06
871 1.6258e+06
872 1.62588e+06
873 1.62593e+06
874 1.62595e+06
875 1.626e+06
876 1.62602e+06
877 1.62604e+06
878 1.62604e+06
879 1.6261e+06
880 1.62613e+06
881 1.62617e+06
882 1.62626e+06
883 1.62628e+06
884 1.62644e+06
885 1.62646e+06
886 1.62655e+06
887 1.62667e+06
888 1.62667e+06
889 1.62671e+06
890 1.62684e+06
891 1.62687e+06
892 1.6269e+06
893 1.62694e+06
894 1.62696e+06
895 1.62701e+06
896 1.62702e+06
897 1.62705e+06
898 1.62716e+06
899 1.62728e+06
900 1.62728e+06
901 1.62728e+06
902 1.62736e+06
903 1.62744e+06
904 1.62745e+06
905 1.62746e+06
906 1.62749e+06
907 1.62749e+06
908 1.62754e+06
909 1.62758e+06
910 1.62763e+06
911 1.62765e+06
912 1.62766e+06
913 1.62768e+06
914 1.62774e+06
915 1.62777e+06
916 1.62777e+06
917 1.62783e+06
918 1.62793e+06
919 1.62793e+06
920 1.62798e+06
921 1.62801e+06
922 1.62809e+06
923 1.62811e+06
924 1.62815e+06
925 1.62828e+06
926 1.6283e+06
927 1.62831e+06
928 1.62834e+06
929 1.62837e+06
930 1.62843e+06
931 1.62851e+06
932 1.62851e+06
933 1.62869e+06
934 1.62871e+06
935 1.6288e+06
936 1.62884e+06
937 1.6289e+06
938 1.62894e+06
939 1.62896e+06
940 1.62897e+06
941 1.62901e+06
942 1.62905e+06
943 1.62905e+06
944 1.62909e+06
945 1.62909e+06
946 1.62911e+06
947 1.62918e+06
948 1.62934e+06
949 1.62935e+06
950 1.62942e+06
951 1.62951e+06
952 1.62955e+06
953 1.62958e+06
954 1.62962e+06
955 1.62964e+06
956 1.62968e+06
957 1.62973e+06
958 1.62977e+06
959 1.62983e+06
960 1.62989e+06
961 1.62991e+06
962 1.62998e+06
963 1.63003e+06
964 1.63011e+06
965 1.63014e+06
966 1.6302e+06
967 1.63025e+06
968 1.63028e+06
969 1.63039e+06
970 1.6304e+06
971 1.63045e+06
972 1.63046e+06
973 1.6305e+06
974 1.6305e+06
975 1.63053e+06
976 1.63064e+06
977 1.63072e+06
978 1.6309e+06
979 1.63094e+06
980 1.63095e+06
981 1.63095e+06
982 1.63103e+06
983 1.63106e+06
984 1.63111e+06
985 1.6312e+06
986 1.63125e+06
987 1.63135e+06
988 1.63138e+06
989 1.63139e+06
990 1.63147e+06
991 1.63151e+06
992 1.63156e+06
993 1.63168e+06
994 1.6317e+06
995 1.63172e+06
996 1.63172e+06
997 1.6318e+06
998 1.6319e+06
999 1.63196e+06
1000 1.63199e+06
