128 0.3 0.222
0 156776
1 1.56782e+06
2 1.56814e+06
3 1.56817e+06
4 1.56835e+06
5 1.56841e+06
6 1.56841e+06
7 1.56851e+06
8 1.56867e+06
9 1.56886e+06
10 1.56896e+06
11 1.56906e+06
12 1.56911e+06
13 1.56926e+06
14 1.56937e+06
15 1.5694e+06
16 1.56946e+06
17 1.56957e+06
18 1.56959e+06
19 1.5698e+06
20 1.56983e+06
21 1.56987e+06
22 1.56989e+06
23 1.56998e+06
24 1.57002e+06
25 1.57006e+06
26 1.5701e+06
27 1.57012e+06
28 1.57015e+06
29 1.57025e+06
30 1.57044e+06
31 1.57051e+06
32 1.57063e+06
33 1.57071e+06
34 1.57072e+06
35 1.57081e+06
36 1.57096e+06
37 1.571e+06
38 1.57106e+06
39 1.57115e+06
40 1.57119e+06
41 1.57125e+06
42 1.57138e+06
43 1.57153e+06
44 1.57166e+06
45 1.57168e+06
46 1.57175e+06
47 1.57183e+06
48 1.57192e+06
49 1.57207e+06
50 1.57217e+06
51 1.57225e+06
52 1.57239e+06
53 1.57255e+06
54 1.57266e+06
55 1.57278e+06
56 1.57279e+06
57 1.57283e+06
58 1.57286e+06
59 1.57292e+06
60 1.57297e+06
61 1.57304e+06
62 1.57309e+06
63 1.5732e+06
64 1.57334e+06
65 1.57347e+06
66 1.57347e+06
67 1.57354e+06
68 1.57365e+06
69 1.5738e+06
70 1.57401e+06
71 1.57418e+06
72 1.57427e+06
73 1.57434e+06
74 1.57438e+06
75 1.57443e+06
76 1.57448e+06
77 1.57461e+06
78 1.57467e+06
79 1.57473e+06
80 1.57483e+06
81 1.57484e+06
82 1.57488e+06
83 1.57493e+06
84 1.5751e+06
85 1.5752e+06
86 1.57527e+06
87 1.57539e+06
88 1.57553e+06
89 1.57561e+06
90 1.5756e+06
91 1.57573e+06
92 1.57582e+06
93 1.5759e+06
94 1.57598e+06
95 1.57604e+06
96 1.57616e+06
97 1.57632e+06
98 1.57637e+06
99 1.57644e+06
100 1.57651e+06
101 1.57656e+06
102 1.57662e+06
103 1.57674e+06
104 1.57688e+06
105 1.57695e+06
106 1.57701e+06
107 1.57716e+06
108 1.5772e+06
109 1.5773e+06
110 1.57742e+06
111 1.57755e+06
112 1.57762e+06
113 1.5777e+06
114 1.57774e+06
115 1.57787e+06
116 1.5781e+06
117 1.57814e+06
118 1.57817e+06
119 1.57818e+06
120 1.57823e+06
121 1.57837e+06
122 1.57845e+06
123 1.5786e+06
124 1.57864e+06
125 1.57878e+06
126 1.57878e+06
127 1.57888e+06
128 1.57889e+06
129 1.5789e+06
130 1.579e+06
131 1.57917e+06
132 1.57921e+06
133 1.57923e+06
134 1.57939e+06
135 1.5795e+06
136 1.57964e+06
137 1.5797e+06
138 1.57987e+06
139 1.57992e+06
140 1.57997e+06
141 1.58006e+06
142 1.58015e+06
143 1.58028e+06
144 1.5803e+06
145 1.58031e+06
146 1.58036e+06
147 1.58046e+06
148 1.58053e+06
149 1.58057e+06
150 1.58062e+06
151 1.58067e+06
152 1.58073e+06
153 1.58075e+06
154 1.58091e+06
155 1.58098e+06
156 1.58105e+06
157 1.58112e+06
158 1.58122e+06
159 1.58132e+06
160 1.58138e+06
161 1.58154e+06
162 1.58173e+06
163 1.58187e+06
164 1.58198e+06
165 1.58202e+06
166 1.5821e+06
167 1.58216e+06
168 1.58225e+06
169 1.58245e+06
170 1.58245e+06
171 1.58255e+06
172 1.58267e+06
173 1.58277e+06
174 1.58282e+06
175 1.58286e+06
176 1.58293e+06
177 1.58302e+06
178 1.58312e+06
179 1.58318e+06
180 1.58325e+06
181 1.58332e+06
182 1.58341e+06
183 1.58354e+06
184 1.58357e+06
185 1.5836e+06
186 1.58374e+06
187 1.58378e+06
188 1.58384e+06
189 1.58386e+06
190 1.58401e+06
191 1.58404e+06
192 1.58417e+06
193 1.58428e+06
194 1.5843e+06
195 1.58433e+06
196 1.58437e+06
197 1.58439e+06
198 1.5844e+06
199 1.58465e+06
200 1.58472e+06
201 1.58478e+06
202 1.58486e+06
203 1.58495e+06
204 1.58506e+06
205 1.5852e+06
206 1.58531e+06
207 1.58543e+06
208 1.58554e+06
209 1.58563e+06
210 1.58565e+06
211 1.58571e+06
212 1.58582e+06
213 1.58589e+06
214 1.58596e+06
215 1.58595e+06
216 1.58598e+06
217 1.58612e+06
218 1.58619e+06
219 1.58632e+06
220 1.5864e+06
221 1.58644e+06
222 1.58657e+06
223 1.58676e+06
224 1.5868e+06
225 1.5868e+06
226 1.58687e+06
227 1.58701e+06
228 1.58706e+06
229 1.5872e+06
230 1.58723e+06
231 1.58724e+06
232 1.58733e+06
233 1.58735e+06
234 1.5874e+06
235 1.58743e+06
236 1.58748e+06
237 1.58751e+06
238 1.58757e+06
239 1.58761e+06
240 1.58772e+06
241 1.58774e+06
242 1.58784e+06
243 1.58787e+06
244 1.58798e+06
245 1.588e+06
246 1.58809e+06
247 1.5882e+06
248 1.58825e+06
249 1.58827e+06
250 1.58829e+06
251 1.58832e+06
252 1.58836e+06
253 1.58837e+06
254 1.58856e+06
255 1.58864e+06
256 1.5888e+06
257 1.58884e+06
258 1.58894e+06
259 1.58903e+06
260 1.58912e+06
261 1.58928e+06
262 1.58932e+06
263 1.58934e+06
264 1.58944e+06
265 1.58958e+06
266 1.58966e+06
267 1.58968e+06
268 1.58974e+06
269 1.58976e+06
270 1.58983e+06
271 1.5899e+06
272 1.58996e+06
273 1.59005e+06
274 1.59023e+06
275 1.59029e+06
276 1.59036e+06
277 1.59041e+06
278 1.59061e+06
279 1.59062e+06
280 1.59072e+06
281 1.59075e+06
282 1.59083e+06
283 1.59091e+06
284 1.59097e+06
285 1.591e+06
286 1.59108e+06
287 1.59121e+06
288 1.59129e+06
289 1.59139e+06
290 1.5915e+06
291 1.59157e+06
292 1.5916e+06
293 1.59169e+06
294 1.59178e+06
295 1.59188e+06
296 1.59196e+06
297 1.59199e+06
298 1.59207e+06
299 1.5921e+06
300 1.59219e+06
301 1.59228e+06
302 1.59236e+06
303 1.59248e+06
304 1.59253e+06
305 1.59259e+06
306 1.59268e+06
307 1.59273e+06
308 1.59287e+06
309 1.59307e+06
310 1.59313e+06
311 1.59323e+06
312 1.5933e+06
313 1.59339e+06
314 1.59341e+06
315 1.59352e+06
316 1.59353e+06
317 1.59355e+06
318 1.59364e+06
319 1.59364e+06
320 1.59369e+06
321 1.59384e+06
322 1.59386e+06
323 1.594e+06
324 1.59404e+06
325 1.59406e+06
326 1.59412e+06
327 1.59415e+06
328 1.59427e+06
329 1.59438e+06
330 1.59441e+06
331 1.59449e+06
332 1.59452e+06
333 1.59456e+06
334 1.59457e+06
335 1.59464e+06
336 1.59468e+06
337 1.59468e+06
338 1.5947e+06
339 1.59483e+06
340 1.59491e+06
341 1.59504e+06
342 1.59513e+06
343 1.59518e+06
344 1.5952e+06
345 1.59527e+06
346 1.59528e+06
347 1.59536e+06
348 1.59539e+06
349 1.59546e+06
350 1.59549e+06
351 1.59551e+06
352 1.59564e+06
353 1.59566e+06
354 1.59575e+06
355 1.59576e+06
356 1.59583e+06
357 1.59584e+06
358 1.5959e+06
359 1.59592e+06
360 1.59595e+06
361 1.59596e+06
362 1.59602e+06
363 1.59611e+06
364 1.5962e+06
365 1.59621e+06
366 1.59628e+06
367 1.59637e+06
368 1.59637e+06
369 1.59641e+06
370 1.59642e+06
371 1.59644e+06
372 1.59648e+06
373 1.59655e+06
374 1.59664e+06
375 1.59671e+06
376 1.59672e+06
377 1.59676e+06
378 1.59679e+06
379 1.59681e+06
380 1.59685e+06
381 1.59696e+06
382 1.59706e+06
383 1.59711e+06
384 1.59713e+06
385 1.59721e+06
386 1.5974e+06
387 1.5975e+06
388 1.59759e+06
389 1.59762e+06
390 1.59774e+06
391 1.59774e+06
392 1.5978e+06
393 1.59782e+06
394 1.59785e+06
395 1.59787e+06
396 1.59801e+06
397 1.59811e+06
398 1.59812e+06
399 1.59816e+06
400 1.59817e+06
401 1.59823e+06
402 1.59832e+06
403 1.59832e+06
404 1.59834e+06
405 1.59846e+06
406 1.59848e+06
407 1.59854e+06
408 1.59856e+06
409 1.59869e+06
410 1.59873e+06
411 1.59884e+06
412 1.59896e+06
413 1.59897e+06
414 1.59899e+06
415 1.59905e+06
416 1.59907e+06
417 1.59921e+06
418 1.5993e+06
419 1.59932e+06
420 1.59939e+06
421 1.59945e+06
422 1.59958e+06
423 1.5996e+06
424 1.59965e+06
425 1.59971e+06
426 1.59981e+06
427 1.59986e+06
428 1.59997e+06
429 1.60007e+06
430 1.60013e+06
431 1.60022e+06
432 1.60025e+06
433 1.60037e+06
434 1.60051e+06
435 1.60065e+06
436 1.6008e+06
437 1.60082e+06
438 1.60091e+06
439 1.60094e+06
440 1.60096e+06
441 1.60103e+06
442 1.60108e+06
443 1.60115e+06
444 1.60126e+06
445 1.60133e+06
446 1.60134e+06
447 1.60135e+06
448 1.60141e+06
449 1.60143e+06
450 1.6015e+06
451 1.60153e+06
452 1.6016e+06
453 1.60166e+06
454 1.60169e+06
455 1.60181e+06
456 1.60198e+06
457 1.60208e+06
458 1.60211e+06
459 1.6022e+06
460 1.60228e+06
461 1.60237e+06
462 1.60242e+06
463 1.60248e+06
464 1.60252e+06
465 1.60257e+06
466 1.60259e+06
467 1.60259e+06
468 1.60262e+06
469 1.60273e+06
470 1.6028e+06
471 1.6029e+06
472 1.60294e+06
473 1.603e+06
474 1.6031e+06
475 1.60318e+06
476 1.60319e+06
477 1.60322e+06
478 1.60323e+06
479 1.60329e+06
480 1.6033e+06
481 1.60332e+06
482 1.60335e+06
483 1.60338e+06
484 1.60344e+06
485 1.60352e+06
486 1.60361e+06
487 1.60364e+06
488 1.60376e+06
489 1.60377e+06
490 1.60386e+06
491 1.60388e+06
492 1.60398e+06
493 1.60406e+06
494 1.60407e+06
495 1.60415e+06
496 1.60419e+06
497 1.60426e+06
498 1.60431e+06
499 1.60435e+06
500 1.60442e+06
501 1.60444e+06
502 1.60444e+06
503 1.60449e+06
504 1.60453e+06
505 1.60457e+06
506 1.60462e+06
507 1.60462e+06
508 1.60476e+06
509 1.60483e+06
510 1.6049e+06
511 1.605e+06
512 1.60505e+06
513 1.60509e+06
514 1.60514e+06
515 1.60516e+06
516 1.60525e+06
517 1.6053e+06
518 1.60548e+06
519 1.60553e+06
520 1.60558e+06
521 1.60558e+06
522 1.60561e+06
523 1.60564e+06
524 1.6057e+06
525 1.60572e+06
526 1.6058e+06
527 1.60587e+06
528 1.60591e+06
529 1.60599e+06
530 1.60602e+06
531 1.60608e+06
532 1.60613e+06
533 1.60614e+06
534 1.60614e+06
535 1.60624e+06
536 1.60627e+06
537 1.60644e+06
538 1.60646e+06
539 1.60657e+06
540 1.60665e+06
541 1.60672e+06
542 1.60679e+06
543 1.6068e+06
544 1.60691e+06
545 1.60698e+06
546 1.60712e+06
547 1.6073e+06
548 1.60732e+06
549 1.60737e+06
550 1.60742e+06
551 1.6075e+06
552 1.6076e+06
553 1.60768e+06
554 1.60773e+06
555 1.60779e+06
556 1.60779e+06
557 1.60783e+06
558 1.60788e+06
559 1.60792e+06
560 1.60792e+06
561 1.60792e+06
562 1.60806e+06
563 1.60816e+06
564 1.60823e+06
565 1.60822e+06
566 1.60822e+06
567 1.60822e+06
568 1.60828e+06
569 1.60831e+06
570 1.60834e+06
571 1.60843e+06
572 1.60845e+06
573 1.60845e+06
574 1.60859e+06
575 1.60859e+06
576 1.60868e+06
577 1.60877e+06
578 1.60882e+06
579 1.60888e+06
580 1.60895e+06
581 1.60896e+06
582 1.60901e+06
583 1.60904e+06
584 1.60906e+06
585 1.60916e+06
586 1.60921e+06
587 1.60929e+06
588 1.60929e+06
589 1.60932e+06
590 1.60936e+06
591 1.60942e+06
592 1.60952e+06
593 1.60953e+06
594 1.60963e+06
595 1.60971e+06
596 1.60978e+06
597 1.60995e+06
598 1.60995e+06
599 1.61e+06
600 1.61008e+06
601 1.61013e+06
602 1.61019e+06
603 1.61024e+06
604 1.6103e+06
605 1.61038e+06
606 1.61044e+06
607 1.61048e+06
608 1.61054e+06
609 1.61054e+06
610 1.61058e+06
611 1.61066e+06
612 1.6107e+06
613 1.6107e+06
614 1.61075e+06
615 1.61078e+06
616 1.61088e+06
617 1.61094e+06
618 1.611e+06
619 1.61102e+06
620 1.61106e+06
621 1.61116e+06
622 1.6112e+06
623 1.61127e+06
624 1.61131e+06
625 1.61146e+06
626 1.61146e+06
627 1.61151e+06
628 1.61153e+06
629 1.61153e+06
630 1.61167e+06
631 1.61186e+06
632 1.61193e+06
633 1.61196e+06
634 1.61196e+06
635 1.61201e+06
636 1.61206e+06
637 1.6121e+06
638 1.6121e+06
639 1.61212e+06
640 1.6122e+06
641 1.61221e+06
642 1.61226e+06
643 1.61235e+06
644 1.61241e+06
645 1.61244e+06
646 1.61247e+06
647 1.61252e+06
648 1.61256e+06
649 1.61265e+06
650 1.61271e+06
651 1.61279e+06
652 1.61283e+06
653 1.61283e+06
654 1.61289e+06
655 1.61293e+06
656 1.61298e+06
657 1.61301e+06
658 1.61306e+06
659 1.61307e+06
660 1.61311e+06
661 1.61315e+06
662 1.61321e+06
663 1.61327e+06
664 1.61332e+06
665 1.6134e+06
666 1.61343e+06
667 1.61354e+06
668 1.6136e+06
669 1.61372e+06
670 1.61385e+06
671 1.61389e+06
672 1.61394e+06
673 1.61398e+06
674 1.61405e+06
675 1.61409e+06
676 1.61416e+06
677 1.61422e+06
678 1.6143e+06
679 1.61439e+06
680 1.6145e+06
681 1.61451e+06
682 1.61458e+06
683 1.61457e+06
684 1.61461e+06
685 1.61464e+06
686 1.61469e+06
687 1.61476e+06
688 1.61483e+06
689 1.61484e+06
690 1.61495e+06
691 1.61504e+06
692 1.61509e+06
693 1.61516e+06
694 1.61526e+06
695 1.61529e+06
696 1.61536e+06
697 1.61553e+06
698 1.61557e+06
699 1.61565e+06
700 1.61571e+06
701 1.61585e+06
702 1.61587e+06
703 1.6159e+06
704 1.61598e+06
705 1.61603e+06
706 1.61603e+06
707 1.61604e+06
708 1.61607e+06
709 1.61616e+06
710 1.6162e+06
711 1.61625e+06
712 1.61645e+06
713 1.61649e+06
714 1.61653e+06
715 1.61654e+06
716 1.61654e+06
717 1.61655e+06
718 1.61664e+06
719 1.61671e+06
720 1.61677e+06
721 1.61683e+06
722 1.61683e+06
723 1.61694e+06
724 1.61694e+06
725 1.61699e+06
726 1.61701e+06
727 1.61711e+06
728 1.61711e+06
729 1.61716e+06
730 1.61719e+06
731 1.61731e+06
732 1.61739e+06
733 1.6174e+06
734 1.61748e+06
735 1.61752e+06
736 1.61762e+06
737 1.61762e+06
738 1.61764e+06
739 1.6177e+06
740 1.61773e+06
741 1.61779e+06
742 1.61782e+06
743 1.61788e+06
744 1.61795e+06
745 1.61799e+06
746 1.61809e+06
747 1.61814e+06
748 1.61816e+06
749 1.6182e+06
750 1.61825e+06
751 1.61826e+06
752 1.61826e+06
753 1.61826e+06
754 1.6183e+06
755 1.6183e+06
756 1.61836e+06
757 1.61843e+06
758 1.61855e+06
759 1.61856e+06
760 1.61857e+06
761 1.61863e+06
762 1.61868e+06
763 1.61878e+06
764 1.61882e+06
765 1.61893e+06
766 1.619e+06
767 1.61904e+06
768 1.61908e+06
769 1.6191e+06
770 1.61912e+06
771 1.61912e+06
772 1.61916e+06
773 1.61916e+06
774 1.61917e+06
775 1.6192e+06
776 1.6192e+06
777 1.61925e+06
778 1.61934e+06
779 1.61947e+06
780 1.61966e+06
781 1.61967e+06
782 1.61974e+06
783 1.61974e+06
784 1.61976e+06
785 1.61976e+06
786 1.61979e+06
787 1.61982e+06
788 1.61991e+06
789 1.61992e+06
790 1.61997e+06
791 1.62004e+06
792 1.62007e+06
793 1.62009e+06
794 1.62016e+06
795 1.62019e+06
796 1.62025e+06
797 1.62032e+06
798 1.62039e+06
799 1.62042e+06
800 1.62045e+06
801 1.62046e+06
802 1.62047e+06
803 1.62052e+06
804 1.62057e+06
805 1.62067e+06
806 1.62068e+06
807 1.6207e+06
808 1.62073e+06
809 1.62076e+06
810 1.62082e+06
811 1.62088e+06
812 1.62098e+06
813 1.62102e+06
814 1.62105e+06
815 1.62106e+06
816 1.62108e+06
817 1.62108e+06
818 1.62119e+06
819 1.6212e+06
820 1.6213e+06
821 1.62136e+06
822 1.62142e+06
823 1.62146e+06
824 1.62149e+06
825 1.62152e+06
826 1.62154e+06
827 1.62162e+06
828 1.62168e+06
829 1.62178e+06
830 1.62183e+06
831 1.62193e+06
832 1.62195e+06
833 1.62195e+06
834 1.62199e+06
835 1.62207e+06
836 1.62212e+06
837 1.62215e+06
838 1.62218e+06
839 1.62219e+06
840 1.6222e+06
841 1.62226e+06
842 1.6223e+06
843 1.62231e+06
844 1.62234e+06
845 1.62241e+06
846 1.62248e+06
847 1.6225e+06
848 1.62256e+06
849 1.6226e+06
850 1.62268e+06
851 1.62271e+06
852 1.62273e+06
853 1.62284e+06
854 1.6229e+06
855 1.62295e+06
856 1.623e+06
857 1.62306e+06
858 1.62315e+06
859 1.62319e+06
860 1.62334e+06
861 1.62342e+06
862 1.62344e+06
863 1.62352e+06
864 1.62357e+06
865 1.62361e+06
866 1.62369e+06
867 1.62377e+06
868 1.62378e+06
869 1.62386e+06
870 1.62394e+06
871 1.62398e+06
872 1.62404e+06
873 1.62405e+06
874 1.6241e+06
875 1.62413e+06
876 1.62413e+06
877 1.6242e+06
878 1.62428e+06
879 1.62434e+06
880 1.62435e+06
881 1.62435e+06
882 1.62442e+06
883 1.62448e+06
884 1.62455e+06
885 1.62458e+06
886 1.62461e+06
887 1.62464e+06
888 1.62466e+06
889 1.62475e+06
890 1.62483e+06
891 1.62494e+06
892 1.62498e+06
893 1.62505e+06
894 1.62508e+06
895 1.62523e+06
896 1.62525e+06
897 1.62537e+06
898 1.62547e+06
899 1.62548e+06
900 1.62558e+06
901 1.62563e+06
902 1.6257e+06
903 1.62573e+06
904 1.62575e+06
905 1.62581e+06
906 1.62583e+06
907 1.62585e+06
908 1.62594e+06
909 1.62597e+06
910 1.62599e+06
911 1.62605e+06
912 1.62608e+06
913 1.62615e+06
914 1.62625e+06
915 1.62624e+06
916 1.62636e+06
917 1.62639e+06
918 1.62641e+06
919 1.62641e+06
920 1.62646e+06
921 1.62649e+06
922 1.62652e+06
923 1.62675e+06
924 1.62677e+06
925 1.62677e+06
926 1.62681e+06
927 1.62682e+06
928 1.62687e+06
929 1.62693e+06
930 1.62693e+06
931 1.62698e+06
932 1.62702e+06
933 1.62709e+06
934 1.6271e+06
935 1.62725e+06
936 1.62731e+06
937 1.62734e+06
938 1.62754e+06
939 1.62758e+06
940 1.62758e+06
941 1.62764e+06
942 1.62767e+06
943 1.62773e+06
944 1.62774e+06
945 1.62782e+06
946 1.62786e+06
947 1.62794e+06
948 1.62795e+06
949 1.62803e+06
950 1.62806e+06
951 1.62809e+06
952 1.62812e+06
953 1.62818e+06
954 1.62817e+06
955 1.62823e+06
956 1.62826e+06
957 1.62826e+06
958 1.62829e+06
959 1.62829e+06
960 1.62831e+06
961 1.62834e+06
962 1.62844e+06
963 1.62848e+06
964 1.62851e+06
965 1.62858e+06
966 1.62869e+06
967 1.6287e+06
968 1.62884e+06
969 1.62889e+06
970 1.62893e+06
971 1.629e+06
972 1.62914e+06
973 1.62919e+06
974 1.6292e+06
975 1.62921e+06
976 1.62927e+06
977 1.62927e+06
978 1.62933e+06
979 1.62941e+06
980 1.62955e+06
981 1.6296e+06
982 1.62963e+06
983 1.62965e+06
984 1.62965e+06
985 1.6297e+06
986 1.6298e+06
987 1.62983e+06
988 1.62986e+06
989 1.62987e+06
990 1.62992e+06
991 1.62997e+06
992 1.63001e+06
993 1.63007e+06
994 1.63009e+06
995 1.63016e+06
996 1.63018e+06
997 1.63023e+06
998 1.63027e+06
999 1.63035e+06
1000 1.63062e+06
