128 0.3 0.213
0 156776
1 1.56788e+06
2 1.56793e+06
3 1.56803e+06
4 1.56806e+06
5 1.56813e+06
6 1.56819e+06
7 1.56826e+06
8 1.56831e+06
9 1.56857e+06
10 1.56878e+06
11 1.56884e+06
12 1.56895e+06
13 1.56902e+06
14 1.56922e+06
15 1.56927e+06
16 1.56944e+06
17 1.5695e+06
18 1.56957e+06
19 1.5697e+06
20 1.56975e+06
21 1.56979e+06
22 1.56979e+06
23 1.56985e+06
24 1.56997e+06
25 1.57005e+06
26 1.57012e+06
27 1.57017e+06
28 1.57025e+06
29 1.57043e+06
30 1.57052e+06
31 1.57057e+06
32 1.57056e+06
33 1.57065e+06
34 1.57076e+06
35 1.57085e+06
36 1.57085e+06
37 1.57085e+06
38 1.57088e+06
39 1.57106e+06
40 1.57118e+06
41 1.57122e+06
42 1.57122e+06
43 1.57127e+06
44 1.57134e+06
45 1.57148e+06
46 1.5716e+06
47 1.5717e+06
48 1.57194e+06
49 1.57201e+06
50 1.57206e+06
51 1.57216e+06
52 1.57225e+06
53 1.57233e+06
54 1.57244e+06
55 1.57254e+06
56 1.5726e+06
57 1.57265e+06
58 1.57273e+06
59 1.57283e+06
60 1.57282e+06
61 1.57284e+06
62 1.57294e+06
63 1.57302e+06
64 1.57307e+06
65 1.57312e+06
66 1.57321e+06
67 1.57328e+06
68 1.57332e+06
69 1.57346e+06
70 1.57348e+06
71 1.57349e+06
72 1.57364e+06
73 1.57373e+06
74 1.57383e+06
75 1.57397e+06
76 1.57408e+06
77 1.57408e+06
78 1.57414e+06
79 1.57425e+06
80 1.57447e+06
81 1.5745e+06
82 1.5746e+06
83 1.5747e+06
84 1.57482e+06
85 1.57494e+06
86 1.5751e+06
87 1.57518e+06
88 1.57518e+06
89 1.5753e+06
90 1.57537e+06
91 1.57549e+06
92 1.57555e+06
93 1.57563e+06
94 1.57568e+06
95 1.57577e+06
96 1.57585e+06
97 1.57588e+06
98 1.5759e+06
99 1.57594e+06
100 1.57599e+06
101 1.57618e+06
102 1.57626e+06
103 1.57625e+06
104 1.57634e+06
105 1.57641e+06
106 1.57646e+06
107 1.57648e+06
108 1.57654e+06
109 1.5766e+06
110 1.57666e+06
111 1.57673e+06
112 1.57687e+06
113 1.57699e+06
114 1.57702e+06
115 1.57702e+06
116 1.57703e+06
117 1.57714e+06
118 1.57721e+06
119 1.57723e+06
120 1.57736e+06
121 1.57758e+06
122 1.57779e+06
123 1.57786e+06
124 1.57793e+06
125 1.57795e+06
126 1.57799e+06
127 1.57814e+06
128 1.57834e+06
129 1.57837e+06
130 1.57839e+06
131 1.57844e+06
132 1.57856e+06
133 1.57861e+06
134 1.57863e+06
135 1.57868e+06
136 1.57874e+06
137 1.57877e+06
138 1.57897e+06
139 1.57901e+06
140 1.57912e+06
141 1.57921e+06
142 1.57929e+06
143 1.57934e+06
144 1.57948e+06
145 1.57958e+06
146 1.57962e+06
147 1.57969e+06
148 1.57979e+06
149 1.5799e+06
150 1.57997e+06
151 1.58008e+06
152 1.58012e+06
153 1.58024e+06
154 1.58042e+06
155 1.58057e+06
156 1.58066e+06
157 1.58074e+06
158 1.58087e+06
159 1.58095e+06
160 1.58104e+06
161 1.58105e+06
162 1.58108e+06
163 1.58119e+06
164 1.58123e+06
165 1.58129e+06
166 1.58132e+06
167 1.5814e+06
168 1.5815e+06
169 1.58164e+06
170 1.58171e+06
171 1.5817e+06
172 1.58177e+06
173 1.58186e+06
174 1.58192e+06
175 1.58197e+06
176 1.582e+06
177 1.58205e+06
178 1.58214e+06
179 1.5823e+06
180 1.58244e+06
181 1.58253e+06
182 1.58261e+06
183 1.58266e+06
184 1.58274e+06
185 1.58286e+06
186 1.58292e+06
187 1.5831e+06
188 1.58315e+06
189 1.58328e+06
190 1.58332e+06
191 1.5834e+06
192 1.58341e+06
193 1.58353e+06
194 1.58358e+06
195 1.58373e+06
196 1.58372e+06
197 1.58389e+06
198 1.58403e+06
199 1.5841e+06
200 1.58421e+06
201 1.58428e+06
202 1.58435e+06
203 1.58446e+06
204 1.58458e+06
205 1.58475e+06
206 1.58483e+06
207 1.58489e+06
208 1.58499e+06
209 1.58498e+06
210 1.58502e+06
211 1.58509e+06
212 1.58541e+06
213 1.58551e+06
214 1.58558e+06
215 1.58564e+06
216 1.58565e+06
217 1.58571e+06
218 1.58576e+06
219 1.58592e+06
220 1.58604e+06
221 1.58608e+06
222 1.58614e+06
223 1.58628e+06
224 1.58631e+06
225 1.58643e+06
226 1.58647e+06
227 1.58654e+06
228 1.58666e+06
229 1.58674e+06
230 1.58676e+06
231 1.58686e+06
232 1.58693e+06
233 1.58702e+06
234 1.58708e+06
235 1.58713e+06
236 1.58722e+06
237 1.58726e+06
238 1.58728e+06
239 1.58728e+06
240 1.58742e+06
241 1.58746e+06
242 1.58763e+06
243 1.58762e+06
244 1.5877e+06
245 1.58777e+06
246 1.58783e+06
247 1.5879e+06
248 1.58792e+06
249 1.58796e+06
250 1.58808e+06
251 1.58821e+06
252 1.58823e+06
253 1.58831e+06
254 1.58833e+06
255 1.58837e+06
256 1.58842e+06
257 1.58847e+06
258 1.58851e+06
259 1.5886e+06
260 1.58869e+06
261 1.58874e+06
262 1.58878e+06
263 1.58881e+06
264 1.5889e+06
265 1.58896e+06
266 1.58908e+06
267 1.58911e+06
268 1.58913e+06
269 1.58913e+06
270 1.58914e+06
271 1.58917e+06
272 1.58927e+06
273 1.58936e+06
274 1.58939e+06
275 1.58942e+06
276 1.58947e+06
277 1.58949e+06
278 1.58959e+06
279 1.58963e+06
280 1.58968e+06
281 1.58969e+06
282 1.58976e+06
283 1.58988e+06
284 1.58995e+06
285 1.58995e+06
286 1.59003e+06
287 1.59009e+06
288 1.59018e+06
289 1.59026e+06
290 1.59042e+06
291 1.59046e+06
292 1.59053e+06
293 1.59054e+06
294 1.59059e+06
295 1.59067e+06
296 1.59072e+06
297 1.59078e+06
298 1.59082e+06
299 1.59082e+06
300 1.59086e+06
301 1.59092e+06
302 1.59098e+06
303 1.59101e+06
304 1.59102e+06
305 1.59118e+06
306 1.59122e+06
307 1.59131e+06
308 1.59132e+06
309 1.59133e+06
310 1.59132e+06
311 1.59142e+06
312 1.59146e+06
313 1.59152e+06
314 1.59156e+06
315 1.59161e+06
316 1.59173e+06
317 1.59174e+06
318 1.59179e+06
319 1.59184e+06
320 1.59193e+06
321 1.59198e+06
322 1.59207e+06
323 1.59214e+06
324 1.59214e+06
325 1.59218e+06
326 1.59225e+06
327 1.59235e+06
328 1.59246e+06
329 1.59275e+06
330 1.59275e+06
331 1.59287e+06
332 1.59287e+06
333 1.59291e+06
334 1.593e+06
335 1.59311e+06
336 1.59321e+06
337 1.59327e+06
338 1.5933e+06
339 1.59335e+06
340 1.59344e+06
341 1.59351e+06
342 1.59353e+06
343 1.59355e+06
344 1.59366e+06
345 1.59368e+06
346 1.59377e+06
347 1.59378e+06
348 1.59401e+06
349 1.59401e+06
350 1.59407e+06
351 1.59422e+06
352 1.59427e+06
353 1.59435e+06
354 1.59438e+06
355 1.59448e+06
356 1.59454e+06
357 1.59454e+06
358 1.5946e+06
359 1.59464e+06
360 1.59471e+06
361 1.59478e+06
362 1.595e+06
363 1.59504e+06
364 1.59509e+06
365 1.5951e+06
366 1.59512e+06
367 1.59515e+06
368 1.59528e+06
369 1.59529e+06
370 1.59534e+06
371 1.59536e+06
372 1.59535e+06
373 1.59536e+06
374 1.59546e+06
375 1.59551e+06
376 1.5956e+06
377 1.59575e+06
378 1.59585e+06
379 1.59591e+06
380 1.59596e+06
381 1.59596e+06
382 1.59605e+06
383 1.59614e+06
384 1.59619e+06
385 1.59626e+06
386 1.59626e+06
387 1.59626e+06
388 1.59638e+06
389 1.5964e+06
390 1.59644e+06
391 1.5965e+06
392 1.59651e+06
393 1.59655e+06
394 1.59661e+06
395 1.59676e+06
396 1.59689e+06
397 1.59691e+06
398 1.59699e+06
399 1.597e+06
400 1.59704e+06
401 1.59708e+06
402 1.59715e+06
403 1.59717e+06
404 1.59718e+06
405 1.59723e+06
406 1.59724e+06
407 1.59731e+06
408 1.59735e+06
409 1.59737e+06
410 1.59738e+06
411 1.59759e+06
412 1.59766e+06
413 1.59771e+06
414 1.59777e+06
415 1.59786e+06
416 1.59793e+06
417 1.59804e+06
418 1.59813e+06
419 1.5982e+06
420 1.59829e+06
421 1.5983e+06
422 1.5983e+06
423 1.5983e+06
424 1.59835e+06
425 1.59848e+06
426 1.59852e+06
427 1.59859e+06
428 1.5986e+06
429 1.59869e+06
430 1.5987e+06
431 1.5987e+06
432 1.59873e+06
433 1.59881e+06
434 1.59885e+06
435 1.59901e+06
436 1.59904e+06
437 1.59907e+06
438 1.59911e+06
439 1.59913e+06
440 1.59924e+06
441 1.59935e+06
442 1.59944e+06
443 1.59951e+06
444 1.59956e+06
445 1.59964e+06
446 1.59969e+06
447 1.59978e+06
448 1.59982e+06
449 1.59988e+06
450 1.59994e+06
451 1.60001e+06
452 1.60016e+06
453 1.60018e+06
454 1.60016e+06
455 1.60016e+06
456 1.60023e+06
457 1.60022e+06
458 1.6003e+06
459 1.60037e+06
460 1.60047e+06
461 1.60051e+06
462 1.60067e+06
463 1.60071e+06
464 1.60073e+06
465 1.60082e+06
466 1.60088e+06
467 1.60096e+06
468 1.60101e+06
469 1.60105e+06
470 1.60106e+06
471 1.60104e+06
472 1.60111e+06
473 1.60111e+06
474 1.60128e+06
475 1.60137e+06
476 1.60139e+06
477 1.6015e+06
478 1.60154e+06
479 1.60164e+06
480 1.60168e+06
481 1.6018e+06
482 1.60183e+06
483 1.60191e+06
484 1.60195e+06
485 1.60206e+06
486 1.60212e+06
487 1.60221e+06
488 1.60225e+06
489 1.60229e+06
490 1.60232e+06
491 1.60236e+06
492 1.6024e+06
493 1.60246e+06
494 1.6025e+06
495 1.60257e+06
496 1.60262e+06
497 1.60265e+06
498 1.60268e+06
499 1.60272e+06
500 1.60274e+06
501 1.60283e+06
502 1.60285e+06
503 1.60291e+06
504 1.60299e+06
505 1.60306e+06
506 1.60315e+06
507 1.6032e+06
508 1.60321e+06
509 1.60325e+06
510 1.6034e+06
511 1.60341e+06
512 1.60348e+06
513 1.60348e+06
514 1.60361e+06
515 1.60363e+06
516 1.60364e+06
517 1.60363e+06
518 1.60377e+06
519 1.60384e+06
520 1.60384e+06
521 1.60383e+06
522 1.60386e+06
523 1.60388e+06
524 1.60392e+06
525 1.60397e+06
526 1.60406e+06
527 1.60417e+06
528 1.60417e+06
529 1.60421e+06
530 1.60428e+06
531 1.60432e+06
532 1.6044e+06
533 1.60443e+06
534 1.6045e+06
535 1.60453e+06
536 1.6046e+06
537 1.60464e+06
538 1.60472e+06
539 1.60475e+06
540 1.60482e+06
541 1.60494e+06
542 1.60492e+06
543 1.60499e+06
544 1.6051e+06
545 1.60522e+06
546 1.60525e+06
547 1.60528e+06
548 1.60536e+06
549 1.60546e+06
550 1.60547e+06
551 1.60557e+06
552 1.60561e+06
553 1.60568e+06
554 1.60572e+06
555 1.60571e+06
556 1.60572e+06
557 1.60573e+06
558 1.60578e+06
559 1.60584e+06
560 1.60589e+06
561 1.60594e+06
562 1.60601e+06
563 1.60602e+06
564 1.60614e+06
565 1.60617e+06
566 1.60619e+06
567 1.60628e+06
568 1.60654e+06
569 1.60665e+06
570 1.60667e+06
571 1.60683e+06
572 1.60692e+06
573 1.60699e+06
574 1.60702e+06
575 1.60706e+06
576 1.60716e+06
577 1.60724e+06
578 1.60724e+06
579 1.60724e+06
580 1.6073e+06
581 1.6074e+06
582 1.6075e+06
583 1.6076e+06
584 1.6077e+06
585 1.60772e+06
586 1.60781e+06
587 1.60783e+06
588 1.60782e+06
589 1.60783e+06
590 1.60786e+06
591 1.60787e+06
592 1.60787e+06
593 1.60796e+06
594 1.60796e+06
595 1.60796e+06
596 1.60797e+06
597 1.60806e+06
598 1.60811e+06
599 1.6082e+06
600 1.60827e+06
601 1.60837e+06
602 1.60838e+06
603 1.60843e+06
604 1.60847e+06
605 1.6085e+06
606 1.60853e+06
607 1.60863e+06
608 1.6087e+06
609 1.60869e+06
610 1.6087e+06
611 1.6088e+06
612 1.60888e+06
613 1.60901e+06
614 1.60906e+06
615 1.60914e+06
616 1.60922e+06
617 1.60931e+06
618 1.60932e+06
619 1.60936e+06
620 1.60945e+06
621 1.60947e+06
622 1.60948e+06
623 1.60951e+06
624 1.6096e+06
625 1.60961e+06
626 1.60968e+06
627 1.60968e+06
628 1.60974e+06
629 1.6098e+06
630 1.60986e+06
631 1.61006e+06
632 1.61014e+06
633 1.6102e+06
634 1.61025e+06
635 1.61031e+06
636 1.6104e+06
637 1.61044e+06
638 1.61044e+06
639 1.61053e+06
640 1.61064e+06
641 1.61073e+06
642 1.61081e+06
643 1.6108e+06
644 1.61084e+06
645 1.6109e+06
646 1.61105e+06
647 1.6111e+06
648 1.61118e+06
649 1.61121e+06
650 1.61128e+06
651 1.61134e+06
652 1.61142e+06
653 1.61154e+06
654 1.61158e+06
655 1.6117e+06
656 1.61179e+06
657 1.61182e+06
658 1.61196e+06
659 1.61201e+06
660 1.61201e+06
661 1.61204e+06
662 1.61204e+06
663 1.61209e+06
664 1.61212e+06
665 1.61218e+06
666 1.61218e+06
667 1.61221e+06
668 1.61228e+06
669 1.61235e+06
670 1.61244e+06
671 1.61247e+06
672 1.61254e+06
673 1.61259e+06
674 1.61264e+06
675 1.61276e+06
676 1.61286e+06
677 1.61286e+06
678 1.61289e+06
679 1.61293e+06
680 1.61294e+06
681 1.61306e+06
682 1.61312e+06
683 1.61314e+06
684 1.61318e+06
685 1.61329e+06
686 1.61332e+06
687 1.61333e+06
688 1.61334e+06
689 1.61335e+06
690 1.61338e+06
691 1.61348e+06
692 1.61354e+06
693 1.6137e+06
694 1.61378e+06
695 1.61383e+06
696 1.61392e+06
697 1.61398e+06
698 1.61401e+06
699 1.61406e+06
700 1.6141e+06
701 1.61415e+06
702 1.61416e+06
703 1.61419e+06
704 1.61421e+06
705 1.61431e+06
706 1.61435e+06
707 1.61445e+06
708 1.61453e+06
709 1.61464e+06
710 1.61466e+06
711 1.6147e+06
712 1.61481e+06
713 1.61487e+06
714 1.6149e+06
715 1.6149e+06
716 1.61493e+06
717 1.61496e+06
718 1.61496e+06
719 1.61498e+06
720 1.61504e+06
721 1.61507e+06
722 1.61506e+06
723 1.61506e+06
724 1.6152e+06
725 1.61524e+06
726 1.61526e+06
727 1.61525e+06
728 1.61526e+06
729 1.6153e+06
730 1.61533e+06
731 1.61535e+06
732 1.61556e+06
733 1.61561e+06
734 1.61561e+06
735 1.6157e+06
736 1.61572e+06
737 1.61579e+06
738 1.61584e+06
739 1.61591e+06
740 1.61593e+06
741 1.61595e+06
742 1.616e+06
743 1.61603e+06
744 1.61609e+06
745 1.61618e+06
746 1.6163e+06
747 1.61632e+06
748 1.61633e+06
749 1.61644e+06
750 1.61648e+06
751 1.61657e+06
752 1.61656e+06
753 1.61664e+06
754 1.61678e+06
755 1.6168e+06
756 1.6168e+06
757 1.61688e+06
758 1.61696e+06
759 1.61695e+06
760 1.61696e+06
761 1.61701e+06
762 1.61708e+06
763 1.61717e+06
764 1.61716e+06
765 1.61727e+06
766 1.61734e+06
767 1.61735e+06
768 1.61738e+06
769 1.61743e+06
770 1.61749e+06
771 1.61751e+06
772 1.61761e+06
773 1.61774e+06
774 1.61785e+06
775 1.61788e+06
776 1.61792e+06
777 1.61796e+06
778 1.61805e+06
779 1.61812e+06
780 1.61815e+06
781 1.61818e+06
782 1.61818e+06
783 1.61826e+06
784 1.61828e+06
785 1.6184e+06
786 1.6185e+06
787 1.61858e+06
788 1.61865e+06
789 1.61866e+06
790 1.61866e+06
791 1.61874e+06
792 1.61881e+06
793 1.61887e+06
794 1.61888e+06
795 1.61898e+06
796 1.6191e+06
797 1.61914e+06
798 1.61921e+06
799 1.61921e+06
800 1.61925e+06
801 1.61929e+06
802 1.61934e+06
803 1.61938e+06
804 1.61948e+06
805 1.61956e+06
806 1.6196e+06
807 1.61966e+06
808 1.61972e+06
809 1.61982e+06
810 1.61982e+06
811 1.61982e+06
812 1.61994e+06
813 1.61995e+06
814 1.62001e+06
815 1.6201e+06
816 1.62014e+06
817 1.62022e+06
818 1.62026e+06
819 1.6203e+06
820 1.62035e+06
821 1.62036e+06
822 1.62038e+06
823 1.62041e+06
824 1.62048e+06
825 1.62053e+06
826 1.62055e+06
827 1.62056e+06
828 1.62068e+06
829 1.62069e+06
830 1.62068e+06
831 1.6207e+06
832 1.6207e+06
833 1.62076e+06
834 1.62082e+06
835 1.62092e+06
836 1.62101e+06
837 1.62103e+06
838 1.62112e+06
839 1.62116e+06
840 1.62119e+06
841 1.62123e+06
842 1.62123e+06
843 1.62128e+06
844 1.62132e+06
845 1.62137e+06
846 1.62138e+06
847 1.62138e+06
848 1.62145e+06
849 1.62163e+06
850 1.62169e+06
851 1.62175e+06
852 1.62177e+06
853 1.62176e+06
854 1.62182e+06
855 1.62187e+06
856 1.62184e+06
857 1.62188e+06
858 1.62187e+06
859 1.62195e+06
860 1.622e+06
861 1.62208e+06
862 1.62208e+06
863 1.62211e+06
864 1.62219e+06
865 1.6222e+06
866 1.62222e+06
867 1.62226e+06
868 1.62226e+06
869 1.62237e+06
870 1.62248e+06
871 1.62261e+06
872 1.62263e+06
873 1.62265e+06
874 1.62268e+06
875 1.62275e+06
876 1.62278e+06
877 1.62282e+06
878 1.62291e+06
879 1.62302e+06
880 1.62303e+06
881 1.62302e+06
882 1.62304e+06
883 1.62316e+06
884 1.62319e+06
885 1.62324e+06
886 1.62328e+06
887 1.6233e+06
888 1.62335e+06
889 1.62342e+06
890 1.6235e+06
891 1.62352e+06
892 1.62352e+06
893 1.62354e+06
894 1.62374e+06
895 1.6238e+06
896 1.6238e+06
897 1.62385e+06
898 1.62385e+06
899 1.62388e+06
900 1.624e+06
901 1.62402e+06
902 1.62405e+06
903 1.62411e+06
904 1.62414e+06
905 1.62415e+06
906 1.62419e+06
907 1.62432e+06
908 1.62436e+06
909 1.62443e+06
910 1.62449e+06
911 1.62458e+06
912 1.62461e+06
913 1.62465e+06
914 1.62467e+06
915 1.62467e+06
916 1.62468e+06
917 1.6247e+06
918 1.6247e+06
919 1.62476e+06
920 1.62477e+06
921 1.62479e+06
922 1.625e+06
923 1.62499e+06
924 1.62499e+06
925 1.62508e+06
926 1.62513e+06
927 1.62523e+06
928 1.62528e+06
929 1.62531e+06
930 1.62538e+06
931 1.62541e+06
932 1.62548e+06
933 1.6255e+06
934 1.62558e+06
935 1.62561e+06
936 1.6256e+06
937 1.62566e+06
938 1.62569e+06
939 1.62569e+06
940 1.62579e+06
941 1.62592e+06
942 1.626e+06
943 1.62609e+06
944 1.62614e+06
945 1.62614e+06
946 1.62616e+06
947 1.62624e+06
948 1.62631e+06
949 1.62634e+06
950 1.62637e+06
951 1.62637e+06
952 1.62646e+06
953 1.62648e+06
954 1.6265e+06
955 1.62649e+06
956 1.62652e+06
957 1.62661e+06
958 1.62664e+06
959 1.62663e+06
960 1.62667e+06
961 1.6267e+06
962 1.62673e+06
963 1.62678e+06
964 1.62682e+06
965 1.62691e+06
966 1.62692e+06
967 1.62698e+06
968 1.62701e+06
969 1.62703e+06
970 1.62706e+06
971 1.6271e+06
972 1.62713e+06
973 1.62717e+06
974 1.62725e+06
975 1.62725e+06
976 1.62732e+06
977 1.62742e+06
978 1.62748e+06
979 1.62752e+06
980 1.62758e+06
981 1.62764e+06
982 1.62766e+06
983 1.62777e+06
984 1.62779e+06
985 1.62777e+06
986 1.62779e+06
987 1.6278e+06
988 1.62784e+06
989 1.62785e+06
990 1.62785e+06
991 1.62787e+06
992 1.62787e+06
993 1.62793e+06
994 1.62795e+06
995 1.62799e+06
996 1.62801e+06
997 1.62804e+06
998 1.62804e+06
999 1.62811e+06
1000 1.62819e+06
