128 0.3 0.251
0 156776
1 1.56779e+06
2 1.56779e+06
3 1.56798e+06
4 1.56802e+06
5 1.56825e+06
6 1.56848e+06
7 1.56854e+06
8 1.56872e+06
9 1.56876e+06
10 1.56884e+06
11 1.56884e+06
12 1.56894e+06
13 1.56913e+06
14 1.56916e+06
15 1.56923e+06
16 1.56926e+06
17 1.56933e+06
18 1.56939e+06
19 1.56948e+06
20 1.56947e+06
21 1.5695e+06
22 1.56952e+06
23 1.56964e+06
24 1.56967e+06
25 1.56982e+06
26 1.56987e+06
27 1.56989e+06
28 1.56997e+06
29 1.57001e+06
30 1.57012e+06
31 1.57019e+06
32 1.57029e+06
33 1.5704e+06
34 1.57051e+06
35 1.57054e+06
36 1.57054e+06
37 1.57074e+06
38 1.57089e+06
39 1.57101e+06
40 1.5711e+06
41 1.57118e+06
42 1.57136e+06
43 1.57145e+06
44 1.57146e+06
45 1.57146e+06
46 1.57162e+06
47 1.57162e+06
48 1.57172e+06
49 1.57186e+06
50 1.5719e+06
51 1.57199e+06
52 1.57215e+06
53 1.5723e+06
54 1.57236e+06
55 1.57244e+06
56 1.57256e+06
57 1.5726e+06
58 1.57265e+06
59 1.5728e+06
60 1.57282e+06
61 1.5729e+06
62 1.57295e+06
63 1.57302e+06
64 1.57307e+06
65 1.57321e+06
66 1.57329e+06
67 1.57334e+06
68 1.57346e+06
69 1.57367e+06
70 1.57368e+06
71 1.5738e+06
72 1.57383e+06
73 1.574e+06
74 1.57411e+06
75 1.57418e+06
76 1.5742e+06
77 1.57423e+06
78 1.57426e+06
79 1.57437e+06
80 1.57449e+06
81 1.57457e+06
82 1.57465e+06
83 1.5747e+06
84 1.57486e+06
85 1.57494e+06
86 1.575e+06
87 1.57506e+06
88 1.57517e+06
89 1.5752e+06
90 1.57528e+06
91 1.57535e+06
92 1.57539e+06
93 1.57546e+06
94 1.57556e+06
95 1.57566e+06
96 1.57569e+06
97 1.57577e+06
98 1.57588e+06
99 1.57596e+06
100 1.57596e+06
101 1.57598e+06
102 1.57602e+06
103 1.57623e+06
104 1.57631e+06
105 1.57631e+06
106 1.5764e+06
107 1.5765e+06
108 1.57658e+06
109 1.57664e+06
110 1.57674e+06
111 1.5768e+06
112 1.57684e+06
113 1.57698e+06
114 1.57704e+06
115 1.57704e+06
116 1.57716e+06
117 1.57721e+06
118 1.5773e+06
119 1.57739e+06
120 1.57746e+06
121 1.57767e+06
122 1.57776e+06
123 1.57783e+06
124 1.57792e+06
125 1.57804e+06
126 1.57811e+06
127 1.57811e+06
128 1.57825e+06
129 1.57837e+06
130 1.57843e+06
131 1.57862e+06
132 1.57866e+06
133 1.57869e+06
134 1.57877e+06
135 1.57891e+06
136 1.57898e+06
137 1.57909e+06
138 1.57918e+06
139 1.57923e+06
140 1.57933e+06
141 1.5794e+06
142 1.57942e+06
143 1.57953e+06
144 1.5796e+06
145 1.57967e+06
146 1.57974e+06
147 1.57985e+06
148 1.58009e+06
149 1.58016e+06
150 1.5802e+06
151 1.58022e+06
152 1.58021e+06
153 1.5804e+06
154 1.58049e+06
155 1.5806e+06
156 1.58074e+06
157 1.58078e+06
158 1.58091e+06
159 1.58098e+06
160 1.58114e+06
161 1.58128e+06
162 1.58137e+06
163 1.58146e+06
164 1.58164e+06
165 1.58167e+06
166 1.5817e+06
167 1.58181e+06
168 1.58188e+06
169 1.58193e+06
170 1.58203e+06
171 1.58213e+06
172 1.58215e+06
173 1.58216e+06
174 1.58223e+06
175 1.58228e+06
176 1.58234e+06
177 1.58239e+06
178 1.58251e+06
179 1.58269e+06
180 1.58281e+06
181 1.5829e+06
182 1.5831e+06
183 1.58319e+06
184 1.58333e+06
185 1.58335e+06
186 1.58339e+06
187 1.58346e+06
188 1.58354e+06
189 1.58359e+06
190 1.58363e+06
191 1.58368e+06
192 1.58376e+06
193 1.58389e+06
194 1.58398e+06
195 1.58399e+06
196 1.58404e+06
197 1.58417e+06
198 1.58421e+06
199 1.58429e+06
200 1.58435e+06
201 1.58445e+06
202 1.58449e+06
203 1.58462e+06
204 1.58479e+06
205 1.58492e+06
206 1.58499e+06
207 1.58503e+06
208 1.58508e+06
209 1.58514e+06
210 1.5852e+06
211 1.58521e+06
212 1.58526e+06
213 1.58532e+06
214 1.58542e+06
215 1.58548e+06
216 1.5855e+06
217 1.58554e+06
218 1.58561e+06
219 1.58565e+06
220 1.5857e+06
221 1.58573e+06
222 1.58576e+06
223 1.58583e+06
224 1.58587e+06
225 1.58592e+06
226 1.58596e+06
227 1.58604e+06
228 1.58615e+06
229 1.58614e+06
230 1.58616e+06
231 1.5862e+06
232 1.58633e+06
233 1.58645e+06
234 1.58656e+06
235 1.5866e+06
236 1.58663e+06
237 1.58668e+06
238 1.58682e+06
239 1.58685e+06
240 1.58692e+06
241 1.58697e+06
242 1.58706e+06
243 1.58707e+06
244 1.58724e+06
245 1.58728e+06
246 1.58736e+06
247 1.5874e+06
248 1.58759e+06
249 1.58774e+06
250 1.58783e+06
251 1.58789e+06
252 1.58795e+06
253 1.58798e+06
254 1.58806e+06
255 1.58811e+06
256 1.58818e+06
257 1.58821e+06
258 1.58834e+06
259 1.58846e+06
260 1.58851e+06
261 1.58862e+06
262 1.58864e+06
263 1.58879e+06
264 1.58894e+06
265 1.58902e+06
266 1.58903e+06
267 1.58909e+06
268 1.58915e+06
269 1.58923e+06
270 1.58944e+06
271 1.58955e+06
272 1.58954e+06
273 1.58954e+06
274 1.58964e+06
275 1.58973e+06
276 1.58974e+06
277 1.58991e+06
278 1.59003e+06
279 1.59004e+06
280 1.5902e+06
281 1.59028e+06
282 1.59036e+06
283 1.59042e+06
284 1.59043e+06
285 1.59044e+06
286 1.59056e+06
287 1.59067e+06
288 1.59075e+06
289 1.59083e+06
290 1.59092e+06
291 1.591e+06
292 1.59102e+06
293 1.59108e+06
294 1.5911e+06
295 1.59116e+06
296 1.59117e+06
297 1.59119e+06
298 1.59124e+06
299 1.59129e+06
300 1.59141e+06
301 1.5915e+06
302 1.59171e+06
303 1.5918e+06
304 1.59184e+06
305 1.59196e+06
306 1.59212e+06
307 1.59215e+06
308 1.59222e+06
309 1.59228e+06
310 1.59228e+06
311 1.59236e+06
312 1.59238e+06
313 1.59248e+06
314 1.59252e+06
315 1.59253e+06
316 1.59267e+06
317 1.59272e+06
318 1.5928e+06
319 1.59285e+06
320 1.59291e+06
321 1.59299e+06
322 1.59307e+06
323 1.59309e+06
324 1.59316e+06
325 1.59329e+06
326 1.59335e+06
327 1.5934e+06
328 1.59345e+06
329 1.59352e+06
330 1.59357e+06
331 1.59364e+06
332 1.59368e+06
333 1.59369e+06
334 1.59375e+06
335 1.59385e+06
336 1.59389e+06
337 1.59396e+06
338 1.59405e+06
339 1.59408e+06
340 1.59412e+06
341 1.59413e+06
342 1.59421e+06
343 1.59425e+06
344 1.59437e+06
345 1.59445e+06
346 1.5945e+06
347 1.59462e+06
348 1.59467e+06
349 1.59474e+06
350 1.59482e+06
351 1.59495e+06
352 1.59505e+06
353 1.59513e+06
354 1.59523e+06
355 1.59524e+06
356 1.5953e+06
357 1.59536e+06
358 1.59544e+06
359 1.59548e+06
360 1.59551e+06
361 1.59557e+06
362 1.59571e+06
363 1.59576e+06
364 1.59581e+06
365 1.59588e+06
366 1.59594e+06
367 1.59602e+06
368 1.5961e+06
369 1.59616e+06
370 1.59621e+06
371 1.59624e+06
372 1.59626e+06
373 1.59632e+06
374 1.59635e+06
375 1.59645e+06
376 1.59652e+06
377 1.59656e+06
378 1.5966e+06
379 1.59668e+06
380 1.59674e+06
381 1.59678e+06
382 1.59689e+06
383 1.59696e+06
384 1.59702e+06
385 1.59707e+06
386 1.59711e+06
387 1.59719e+06
388 1.59728e+06
389 1.59734e+06
390 1.59746e+06
391 1.5975e+06
392 1.59751e+06
393 1.59757e+06
394 1.5976e+06
395 1.59761e+06
396 1.59765e+06
397 1.59765e+06
398 1.59767e+06
399 1.59771e+06
400 1.59771e+06
401 1.5978e+06
402 1.59784e+06
403 1.5979e+06
404 1.59794e+06
405 1.59801e+06
406 1.59808e+06
407 1.59816e+06
408 1.5982e+06
409 1.59831e+06
410 1.59836e+06
411 1.5984e+06
412 1.59846e+06
413 1.59853e+06
414 1.5986e+06
415 1.59866e+06
416 1.59868e+06
417 1.59873e+06
418 1.59884e+06
419 1.59887e+06
420 1.59887e+06
421 1.59888e+06
422 1.59892e+06
423 1.59897e+06
424 1.59903e+06
425 1.59917e+06
426 1.59922e+06
427 1.59929e+06
428 1.59933e+06
429 1.59939e+06
430 1.59943e+06
431 1.59954e+06
432 1.59957e+06
433 1.59962e+06
434 1.59966e+06
435 1.59972e+06
436 1.59982e+06
437 1.59988e+06
438 1.59997e+06
439 1.60007e+06
440 1.60013e+06
441 1.60018e+06
442 1.60019e+06
443 1.60024e+06
444 1.60027e+06
445 1.6003e+06
446 1.60031e+06
447 1.60039e+06
448 1.6004e+06
449 1.60046e+06
450 1.60051e+06
451 1.60052e+06
452 1.60057e+06
453 1.60057e+06
454 1.6006e+06
455 1.60066e+06
456 1.60067e+06
457 1.6007e+06
458 1.60076e+06
459 1.60079e+06
460 1.60088e+06
461 1.601e+06
462 1.601e+06
463 1.60109e+06
464 1.60112e+06
465 1.60113e+06
466 1.60118e+06
467 1.60118e+06
468 1.60126e+06
469 1.60129e+06
470 1.60134e+06
471 1.60147e+06
472 1.60154e+06
473 1.60157e+06
474 1.60163e+06
475 1.60165e+06
476 1.60171e+06
477 1.60174e+06
478 1.6018e+06
479 1.60186e+06
480 1.60195e+06
481 1.60195e+06
482 1.60197e+06
483 1.60214e+06
484 1.6022e+06
485 1.60228e+06
486 1.60236e+06
487 1.6024e+06
488 1.60252e+06
489 1.60256e+06
490 1.60257e+06
491 1.60261e+06
492 1.60263e+06
493 1.6027e+06
494 1.60277e+06
495 1.60281e+06
496 1.60282e+06
497 1.60286e+06
498 1.60288e+06
499 1.60299e+06
500 1.60308e+06
501 1.60312e+06
502 1.60318e+06
503 1.60327e+06
504 1.60336e+06
505 1.60336e+06
506 1.60342e+06
507 1.60358e+06
508 1.60364e+06
509 1.60365e+06
510 1.60369e+06
511 1.6038e+06
512 1.60383e+06
513 1.60389e+06
514 1.6039e+06
515 1.60399e+06
516 1.60403e+06
517 1.60405e+06
518 1.60405e+06
519 1.60408e+06
520 1.60411e+06
521 1.60419e+06
522 1.60423e+06
523 1.60425e+06
524 1.60431e+06
525 1.60435e+06
526 1.60446e+06
527 1.60451e+06
528 1.60465e+06
529 1.60469e+06
530 1.60473e+06
531 1.60476e+06
532 1.60479e+06
533 1.60482e+06
534 1.60484e+06
535 1.60491e+06
536 1.60497e+06
537 1.60507e+06
538 1.60517e+06
539 1.60518e+06
540 1.6052e+06
541 1.60526e+06
542 1.60538e+06
543 1.60549e+06
544 1.60559e+06
545 1.6057e+06
546 1.60574e+06
547 1.60576e+06
548 1.60588e+06
549 1.60599e+06
550 1.60605e+06
551 1.60605e+06
552 1.60611e+06
553 1.60624e+06
554 1.6063e+06
555 1.60635e+06
556 1.60641e+06
557 1.60651e+06
558 1.6066e+06
559 1.60662e+06
560 1.60679e+06
561 1.60684e+06
562 1.60687e+06
563 1.60694e+06
564 1.607e+06
565 1.60702e+06
566 1.60711e+06
567 1.60713e+06
568 1.60721e+06
569 1.60723e+06
570 1.60731e+06
571 1.6074e+06
572 1.60745e+06
573 1.60752e+06
574 1.60752e+06
575 1.60761e+06
576 1.60769e+06
577 1.60768e+06
578 1.60774e+06
579 1.60784e+06
580 1.60788e+06
581 1.608e+06
582 1.60809e+06
583 1.60814e+06
584 1.60819e+06
585 1.60821e+06
586 1.60827e+06
587 1.60833e+06
588 1.60836e+06
589 1.60837e+06
590 1.60841e+06
591 1.60846e+06
592 1.60854e+06
593 1.60857e+06
594 1.60861e+06
595 1.60864e+06
596 1.60866e+06
597 1.60869e+06
598 1.60887e+06
599 1.60891e+06
600 1.60898e+06
601 1.60906e+06
602 1.60906e+06
603 1.6091e+06
604 1.60913e+06
605 1.60916e+06
606 1.60928e+06
607 1.60936e+06
608 1.60945e+06
609 1.60946e+06
610 1.60948e+06
611 1.60956e+06
612 1.60965e+06
613 1.60969e+06
614 1.60969e+06
615 1.60972e+06
616 1.6098e+06
617 1.60988e+06
618 1.60991e+06
619 1.60993e+06
620 1.60994e+06
621 1.61003e+06
622 1.61007e+06
623 1.6101e+06
624 1.61011e+06
625 1.61016e+06
626 1.6102e+06
627 1.61027e+06
628 1.61032e+06
629 1.61037e+06
630 1.61042e+06
631 1.61046e+06
632 1.61059e+06
633 1.61065e+06
634 1.6107e+06
635 1.61078e+06
636 1.61084e+06
637 1.6109e+06
638 1.61095e+06
639 1.61102e+06
640 1.61103e+06
641 1.61104e+06
642 1.61117e+06
643 1.61124e+06
644 1.61136e+06
645 1.61154e+06
646 1.61165e+06
647 1.61176e+06
648 1.61183e+06
649 1.61192e+06
650 1.61194e+06
651 1.61203e+06
652 1.61211e+06
653 1.61211e+06
654 1.61216e+06
655 1.6122e+06
656 1.6122e+06
657 1.61241e+06
658 1.61243e+06
659 1.61251e+06
660 1.61255e+06
661 1.61261e+06
662 1.61269e+06
663 1.61281e+06
664 1.61284e+06
665 1.61289e+06
666 1.6129e+06
667 1.61296e+06
668 1.61301e+06
669 1.61311e+06
670 1.61312e+06
671 1.61316e+06
672 1.61318e+06
673 1.61327e+06
674 1.61328e+06
675 1.61329e+06
676 1.61334e+06
677 1.61342e+06
678 1.61346e+06
679 1.61356e+06
680 1.6136e+06
681 1.61365e+06
682 1.61368e+06
683 1.61372e+06
684 1.61385e+06
685 1.61391e+06
686 1.61393e+06
687 1.61401e+06
688 1.61406e+06
689 1.61412e+06
690 1.61417e+06
691 1.61418e+06
692 1.61426e+06
693 1.61431e+06
694 1.61439e+06
695 1.61443e+06
696 1.61443e+06
697 1.61446e+06
698 1.61452e+06
699 1.61453e+06
700 1.61453e+06
701 1.61456e+06
702 1.61468e+06
703 1.61487e+06
704 1.61494e+06
705 1.61506e+06
706 1.61506e+06
707 1.61522e+06
708 1.61525e+06
709 1.61528e+06
710 1.61541e+06
711 1.61542e+06
712 1.61546e+06
713 1.61556e+06
714 1.61566e+06
715 1.61566e+06
716 1.61573e+06
717 1.61584e+06
718 1.61591e+06
719 1.616e+06
720 1.61607e+06
721 1.6161e+06
722 1.61618e+06
723 1.61619e+06
724 1.61622e+06
725 1.61627e+06
726 1.61627e+06
727 1.61628e+06
728 1.61633e+06
729 1.61639e+06
730 1.61643e+06
731 1.6165e+06
732 1.6166e+06
733 1.61663e+06
734 1.61678e+06
735 1.61684e+06
736 1.61694e+06
737 1.61696e+06
738 1.617e+06
739 1.61703e+06
740 1.61708e+06
741 1.61713e+06
742 1.61714e+06
743 1.61715e+06
744 1.61717e+06
745 1.6172e+06
746 1.61725e+06
747 1.61726e+06
748 1.61734e+06
749 1.61736e+06
750 1.61738e+06
751 1.61746e+06
752 1.61751e+06
753 1.61761e+06
754 1.61764e+06
755 1.61769e+06
756 1.61771e+06
757 1.61779e+06
758 1.61779e+06
759 1.61784e+06
760 1.61795e+06
761 1.618e+06
762 1.61804e+06
763 1.61809e+06
764 1.61814e+06
765 1.6182e+06
766 1.61823e+06
767 1.61824e+06
768 1.61829e+06
769 1.61837e+06
770 1.61844e+06
771 1.61848e+06
772 1.61849e+06
773 1.6185e+06
774 1.61853e+06
775 1.61853e+06
776 1.61856e+06
777 1.61859e+06
778 1.61867e+06
779 1.61878e+06
780 1.6188e+06
781 1.61885e+06
782 1.61888e+06
783 1.61888e+06
784 1.61892e+06
785 1.61895e+06
786 1.619e+06
787 1.61909e+06
788 1.61917e+06
789 1.61922e+06
790 1.61923e+06
791 1.61929e+06
792 1.6193e+06
793 1.61931e+06
794 1.61937e+06
795 1.6194e+06
796 1.61946e+06
797 1.61951e+06
798 1.61952e+06
799 1.61954e+06
800 1.61956e+06
801 1.61959e+06
802 1.61964e+06
803 1.61965e+06
804 1.61975e+06
805 1.6198e+06
806 1.6199e+06
807 1.61997e+06
808 1.61996e+06
809 1.6201e+06
810 1.62012e+06
811 1.62017e+06
812 1.62021e+06
813 1.62032e+06
814 1.62043e+06
815 1.62046e+06
816 1.62052e+06
817 1.62059e+06
818 1.6206e+06
819 1.62061e+06
820 1.62078e+06
821 1.62084e+06
822 1.62087e+06
823 1.62088e+06
824 1.62095e+06
825 1.62106e+06
826 1.62116e+06
827 1.62118e+06
828 1.62123e+06
829 1.62123e+06
830 1.62128e+06
831 1.6213e+06
832 1.62129e+06
833 1.62133e+06
834 1.6214e+06
835 1.62141e+06
836 1.62152e+06
837 1.62152e+06
838 1.62159e+06
839 1.62162e+06
840 1.62168e+06
841 1.6217e+06
842 1.62174e+06
843 1.62184e+06
844 1.62196e+06
845 1.62205e+06
846 1.62212e+06
847 1.62213e+06
848 1.62217e+06
849 1.62224e+06
850 1.62233e+06
851 1.62237e+06
852 1.6224e+06
853 1.62251e+06
854 1.6226e+06
855 1.62267e+06
856 1.62272e+06
857 1.62275e+06
858 1.62274e+06
859 1.62279e+06
860 1.62285e+06
861 1.62288e+06
862 1.62297e+06
863 1.62304e+06
864 1.62308e+06
865 1.62311e+06
866 1.62313e+06
867 1.62318e+06
868 1.62324e+06
869 1.62327e+06
870 1.62327e+06
871 1.6233e+06
872 1.62331e+06
873 1.62335e+06
874 1.62338e+06
875 1.62346e+06
876 1.62349e+06
877 1.62361e+06
878 1.62369e+06
879 1.62369e+06
880 1.62372e+06
881 1.62387e+06
882 1.62387e+06
883 1.62391e+06
884 1.62399e+06
885 1.62406e+06
886 1.62412e+06
887 1.62413e+06
888 1.62424e+06
889 1.62438e+06
890 1.62438e+06
891 1.6245e+06
892 1.62463e+06
893 1.62466e+06
894 1.6247e+06
895 1.62476e+06
896 1.62485e+06
897 1.62492e+06
898 1.62501e+06
899 1.62506e+06
900 1.62506e+06
901 1.62513e+06
902 1.62515e+06
903 1.62522e+06
904 1.62535e+06
905 1.62541e+06
906 1.62543e+06
907 1.62552e+06
908 1.62564e+06
909 1.62569e+06
910 1.62574e+06
911 1.62574e+06
912 1.62587e+06
913 1.62591e+06
914 1.62591e+06
915 1.62597e+06
916 1.62603e+06
917 1.62609e+06
918 1.62612e+06
919 1.62612e+06
920 1.62612e+06
921 1.62619e+06
922 1.6263e+06
923 1.62647e+06
924 1.62649e+06
925 1.62654e+06
926 1.62656e+06
927 1.62659e+06
928 1.62668e+06
929 1.62674e+06
930 1.62681e+06
931 1.62689e+06
932 1.62697e+06
933 1.62697e+06
934 1.62699e+06
935 1.62712e+06
936 1.62718e+06
937 1.62728e+06
938 1.62733e+06
939 1.62738e+06
940 1.6275e+06
941 1.62754e+06
942 1.62759e+06
943 1.62763e+06
944 1.62769e+06
945 1.6278e+06
946 1.62782e+06
947 1.62788e+06
948 1.6279e+06
949 1.62794e+06
950 1.62803e+06
951 1.62808e+06
952 1.62811e+06
953 1.62814e+06
954 1.62826e+06
955 1.62827e+06
956 1.62827e+06
957 1.62834e+06
958 1.6285e+06
959 1.62852e+06
960 1.62862e+06
961 1.62864e+06
962 1.62871e+06
963 1.62882e+06
964 1.62886e+06
965 1.62891e+06
966 1.62891e+06
967 1.62896e+06
968 1.629e+06
969 1.62903e+06
970 1.62909e+06
971 1.62909e+06
972 1.62919e+06
973 1.62929e+06
974 1.62932e+06
975 1.62932e+06
976 1.62933e+06
977 1.62938e+06
978 1.62945e+06
979 1.62946e+06
980 1.6295e+06
981 1.62961e+06
982 1.62975e+06
983 1.62984e+06
984 1.62989e+06
985 1.6299e+06
986 1.62992e+06
987 1.62995e+06
988 1.62998e+06
989 1.63001e+06
990 1.63008e+06
991 1.63015e+06
992 1.6302e+06
993 1.63022e+06
994 1.63033e+06
995 1.63036e+06
996 1.63061e+06
997 1.63061e+06
998 1.63072e+06
999 1.63078e+06
1000 1.63092e+06
