128 0.3 0.411
0 156776
1 1.56788e+06
2 1.56797e+06
3 1.56811e+06
4 1.56814e+06
5 1.56824e+06
6 1.5683e+06
7 1.56845e+06
8 1.56859e+06
9 1.56863e+06
10 1.56875e+06
11 1.56882e+06
12 1.56898e+06
13 1.56909e+06
14 1.56917e+06
15 1.56917e+06
16 1.56926e+06
17 1.5693e+06
18 1.56947e+06
19 1.56963e+06
20 1.56978e+06
21 1.56994e+06
22 1.57013e+06
23 1.57024e+06
24 1.57032e+06
25 1.57049e+06
26 1.5705e+06
27 1.57055e+06
28 1.57069e+06
29 1.57077e+06
30 1.5708e+06
31 1.57087e+06
32 1.57103e+06
33 1.57107e+06
34 1.57114e+06
35 1.5712e+06
36 1.57131e+06
37 1.57139e+06
38 1.57151e+06
39 1.57164e+06
40 1.57177e+06
41 1.57179e+06
42 1.57199e+06
43 1.57207e+06
44 1.57211e+06
45 1.57214e+06
46 1.57219e+06
47 1.57219e+06
48 1.57237e+06
49 1.57248e+06
50 1.57259e+06
51 1.57269e+06
52 1.57281e+06
53 1.57282e+06
54 1.57289e+06
55 1.57296e+06
56 1.57309e+06
57 1.57323e+06
58 1.57338e+06
59 1.57349e+06
60 1.57354e+06
61 1.57371e+06
62 1.57378e+06
63 1.57388e+06
64 1.57389e+06
65 1.57394e+06
66 1.57395e+06
67 1.57408e+06
68 1.5741e+06
69 1.57421e+06
70 1.57429e+06
71 1.57443e+06
72 1.5745e+06
73 1.57461e+06
74 1.57485e+06
75 1.57495e+06
76 1.57502e+06
77 1.5751e+06
78 1.5751e+06
79 1.57513e+06
80 1.57514e+06
81 1.57527e+06
82 1.57544e+06
83 1.57561e+06
84 1.57574e+06
85 1.57592e+06
86 1.576e+06
87 1.57607e+06
88 1.57614e+06
89 1.57624e+06
90 1.5764e+06
91 1.57644e+06
92 1.57653e+06
93 1.57662e+06
94 1.5767e+06
95 1.57675e+06
96 1.57678e+06
97 1.57686e+06
98 1.5769e+06
99 1.57695e+06
100 1.57705e+06
101 1.57717e+06
102 1.57736e+06
103 1.57738e+06
104 1.57747e+06
105 1.57755e+06
106 1.5776e+06
107 1.57769e+06
108 1.57782e+06
109 1.57793e+06
110 1.57798e+06
111 1.57822e+06
112 1.57828e+06
113 1.57837e+06
114 1.57844e+06
115 1.57861e+06
116 1.57867e+06
117 1.57867e+06
118 1.57873e+06
119 1.57882e+06
120 1.57895e+06
121 1.57901e+06
122 1.57904e+06
123 1.57907e+06
124 1.57918e+06
125 1.57924e+06
126 1.5794e+06
127 1.57948e+06
128 1.5795e+06
129 1.57957e+06
130 1.5797e+06
131 1.57983e+06
132 1.5799e+06
133 1.57999e+06
134 1.58004e+06
135 1.58011e+06
136 1.58016e+06
137 1.58021e+06
138 1.58031e+06
139 1.58036e+06
140 1.58041e+06
141 1.58046e+06
142 1.58049e+06
143 1.5806e+06
144 1.58064e+06
145 1.58084e+06
146 1.58106e+06
147 1.58111e+06
148 1.58114e+06
149 1.58119e+06
150 1.58125e+06
151 1.5814e+06
152 1.58151e+06
153 1.58171e+06
154 1.5817e+06
155 1.58179e+06
156 1.58185e+06
157 1.58186e+06
158 1.582e+06
159 1.58215e+06
160 1.58217e+06
161 1.58238e+06
162 1.58246e+06
163 1.58252e+06
164 1.5826e+06
165 1.58272e+06
166 1.58278e+06
167 1.58288e+06
168 1.58292e+06
169 1.58298e+06
170 1.58307e+06
171 1.58313e+06
172 1.5833e+06
173 1.58339e+06
174 1.58341e+06
175 1.5835e+06
176 1.58354e+06
177 1.5837e+06
178 1.58379e+06
179 1.58378e+06
180 1.58382e+06
181 1.58388e+06
182 1.58392e+06
183 1.58396e+06
184 1.58404e+06
185 1.58412e+06
186 1.58423e+06
187 1.58427e+06
188 1.58436e+06
189 1.58441e+06
190 1.58452e+06
191 1.58464e+06
192 1.58467e+06
193 1.58481e+06
194 1.58486e+06
195 1.58501e+06
196 1.58504e+06
197 1.58521e+06
198 1.58536e+06
199 1.58546e+06
200 1.58552e+06
201 1.58565e+06
202 1.58569e+06
203 1.58577e+06
204 1.58593e+06
205 1.586e+06
206 1.58613e+06
207 1.58618e+06
208 1.58619e+06
209 1.58618e+06
210 1.58636e+06
211 1.58642e+06
212 1.58652e+06
213 1.58664e+06
214 1.58666e+06
215 1.58678e+06
216 1.58681e+06
217 1.58687e+06
218 1.58691e+06
219 1.58697e+06
220 1.58705e+06
221 1.58708e+06
222 1.58719e+06
223 1.58728e+06
224 1.5873e+06
225 1.58746e+06
226 1.5875e+06
227 1.58756e+06
228 1.5877e+06
229 1.58778e+06
230 1.58783e+06
231 1.58792e+06
232 1.588e+06
233 1.58804e+06
234 1.58808e+06
235 1.5882e+06
236 1.58824e+06
237 1.58832e+06
238 1.58833e+06
239 1.5884e+06
240 1.58846e+06
241 1.58858e+06
242 1.58865e+06
243 1.58867e+06
244 1.58869e+06
245 1.58887e+06
246 1.58886e+06
247 1.58901e+06
248 1.5891e+06
249 1.58919e+06
250 1.58929e+06
251 1.58933e+06
252 1.58943e+06
253 1.58947e+06
254 1.58951e+06
255 1.58959e+06
256 1.58966e+06
257 1.5897e+06
258 1.58976e+06
259 1.5898e+06
260 1.58983e+06
261 1.58992e+06
262 1.58999e+06
263 1.59004e+06
264 1.59006e+06
265 1.59012e+06
266 1.5902e+06
267 1.59035e+06
268 1.59043e+06
269 1.59043e+06
270 1.59049e+06
271 1.59055e+06
272 1.59064e+06
273 1.59072e+06
274 1.59084e+06
275 1.59086e+06
276 1.59093e+06
277 1.59098e+06
278 1.59103e+06
279 1.59108e+06
280 1.59113e+06
281 1.59122e+06
282 1.59128e+06
283 1.59141e+06
284 1.59144e+06
285 1.59144e+06
286 1.59154e+06
287 1.59157e+06
288 1.59162e+06
289 1.59172e+06
290 1.59178e+06
291 1.59186e+06
292 1.59191e+06
293 1.59198e+06
294 1.5921e+06
295 1.59212e+06
296 1.59213e+06
297 1.59224e+06
298 1.59226e+06
299 1.59233e+06
300 1.59236e+06
301 1.59242e+06
302 1.59245e+06
303 1.59253e+06
304 1.59257e+06
305 1.59261e+06
306 1.59269e+06
307 1.59284e+06
308 1.59289e+06
309 1.59307e+06
310 1.5931e+06
311 1.59322e+06
312 1.59328e+06
313 1.59332e+06
314 1.59335e+06
315 1.59346e+06
316 1.59354e+06
317 1.59367e+06
318 1.5937e+06
319 1.59381e+06
320 1.59386e+06
321 1.59397e+06
322 1.59406e+06
323 1.59414e+06
324 1.5942e+06
325 1.59428e+06
326 1.59432e+06
327 1.5944e+06
328 1.59453e+06
329 1.59457e+06
330 1.59466e+06
331 1.59472e+06
332 1.59486e+06
333 1.5949e+06
334 1.59494e+06
335 1.59499e+06
336 1.59506e+06
337 1.59511e+06
338 1.59516e+06
339 1.59528e+06
340 1.5954e+06
341 1.59542e+06
342 1.59545e+06
343 1.59554e+06
344 1.59559e+06
345 1.5957e+06
346 1.59572e+06
347 1.59581e+06
348 1.5959e+06
349 1.59596e+06
350 1.59601e+06
351 1.59602e+06
352 1.59607e+06
353 1.59614e+06
354 1.59619e+06
355 1.59627e+06
356 1.59638e+06
357 1.59646e+06
358 1.5965e+06
359 1.59653e+06
360 1.59656e+06
361 1.59666e+06
362 1.59668e+06
363 1.59673e+06
364 1.5968e+06
365 1.59688e+06
366 1.59695e+06
367 1.59702e+06
368 1.59706e+06
369 1.59709e+06
370 1.59713e+06
371 1.59715e+06
372 1.59721e+06
373 1.59734e+06
374 1.59736e+06
375 1.59747e+06
376 1.59752e+06
377 1.59765e+06
378 1.59773e+06
379 1.59781e+06
380 1.59781e+06
381 1.59786e+06
382 1.59792e+06
383 1.59794e+06
384 1.59796e+06
385 1.59805e+06
386 1.59812e+06
387 1.5982e+06
388 1.59829e+06
389 1.59837e+06
390 1.59842e+06
391 1.59848e+06
392 1.59853e+06
393 1.59867e+06
394 1.59881e+06
395 1.59891e+06
396 1.59897e+06
397 1.59899e+06
398 1.59909e+06
399 1.59912e+06
400 1.59912e+06
401 1.59913e+06
402 1.59924e+06
403 1.59931e+06
404 1.59936e+06
405 1.59938e+06
406 1.59945e+06
407 1.59954e+06
408 1.59961e+06
409 1.59967e+06
410 1.59976e+06
411 1.59979e+06
412 1.59981e+06
413 1.59984e+06
414 1.59988e+06
415 1.59991e+06
416 1.60004e+06
417 1.60012e+06
418 1.60021e+06
419 1.60024e+06
420 1.60029e+06
421 1.60033e+06
422 1.60041e+06
423 1.60052e+06
424 1.60056e+06
425 1.60058e+06
426 1.60059e+06
427 1.60065e+06
428 1.6007e+06
429 1.60077e+06
430 1.60084e+06
431 1.60086e+06
432 1.60092e+06
433 1.60094e+06
434 1.60096e+06
435 1.60096e+06
436 1.60096e+06
437 1.601e+06
438 1.60109e+06
439 1.60113e+06
440 1.60118e+06
441 1.60128e+06
442 1.60132e+06
443 1.60137e+06
444 1.60139e+06
445 1.60151e+06
446 1.60154e+06
447 1.60156e+06
448 1.60158e+06
449 1.60171e+06
450 1.60174e+06
451 1.60178e+06
452 1.60194e+06
453 1.60201e+06
454 1.60215e+06
455 1.60219e+06
456 1.60224e+06
457 1.60239e+06
458 1.60244e+06
459 1.60252e+06
460 1.60258e+06
461 1.60263e+06
462 1.6027e+06
463 1.60277e+06
464 1.60284e+06
465 1.6029e+06
466 1.60295e+06
467 1.60303e+06
468 1.60307e+06
469 1.60312e+06
470 1.60314e+06
471 1.60326e+06
472 1.60331e+06
473 1.60342e+06
474 1.60354e+06
475 1.60356e+06
476 1.60361e+06
477 1.60372e+06
478 1.60385e+06
479 1.60396e+06
480 1.60406e+06
481 1.60412e+06
482 1.60414e+06
483 1.60429e+06
484 1.6043e+06
485 1.60433e+06
486 1.60433e+06
487 1.60436e+06
488 1.60442e+06
489 1.60445e+06
490 1.60449e+06
491 1.60461e+06
492 1.60462e+06
493 1.60476e+06
494 1.60476e+06
495 1.6048e+06
496 1.60486e+06
497 1.60492e+06
498 1.60493e+06
499 1.605e+06
500 1.60508e+06
501 1.60513e+06
502 1.60515e+06
503 1.60519e+06
504 1.60524e+06
505 1.6053e+06
506 1.6054e+06
507 1.60543e+06
508 1.6055e+06
509 1.60561e+06
510 1.60569e+06
511 1.60579e+06
512 1.60584e+06
513 1.60586e+06
514 1.60594e+06
515 1.60597e+06
516 1.60608e+06
517 1.60614e+06
518 1.60618e+06
519 1.60628e+06
520 1.60636e+06
521 1.60637e+06
522 1.60646e+06
523 1.60645e+06
524 1.6065e+06
525 1.6065e+06
526 1.60656e+06
527 1.60667e+06
528 1.60674e+06
529 1.60687e+06
530 1.60689e+06
531 1.60694e+06
532 1.60699e+06
533 1.60702e+06
534 1.60708e+06
535 1.60717e+06
536 1.60719e+06
537 1.60727e+06
538 1.60729e+06
539 1.60734e+06
540 1.60739e+06
541 1.60752e+06
542 1.60764e+06
543 1.60769e+06
544 1.60773e+06
545 1.60774e+06
546 1.60778e+06
547 1.6078e+06
548 1.60785e+06
549 1.60796e+06
550 1.60801e+06
551 1.60801e+06
552 1.60809e+06
553 1.60812e+06
554 1.60822e+06
555 1.60821e+06
556 1.60831e+06
557 1.60836e+06
558 1.60846e+06
559 1.60848e+06
560 1.60848e+06
561 1.60857e+06
562 1.6086e+06
563 1.6088e+06
564 1.60888e+06
565 1.609e+06
566 1.60908e+06
567 1.6091e+06
568 1.60915e+06
569 1.60916e+06
570 1.6092e+06
571 1.60928e+06
572 1.60932e+06
573 1.60937e+06
574 1.60941e+06
575 1.60953e+06
576 1.60962e+06
577 1.60962e+06
578 1.60966e+06
579 1.60976e+06
580 1.60987e+06
581 1.60988e+06
582 1.6099e+06
583 1.60994e+06
584 1.61002e+06
585 1.61005e+06
586 1.61008e+06
587 1.61022e+06
588 1.61034e+06
589 1.61034e+06
590 1.61038e+06
591 1.61049e+06
592 1.61056e+06
593 1.61063e+06
594 1.61068e+06
595 1.61071e+06
596 1.61079e+06
597 1.61085e+06
598 1.61086e+06
599 1.61091e+06
600 1.61097e+06
601 1.61109e+06
602 1.6111e+06
603 1.61114e+06
604 1.61115e+06
605 1.61117e+06
606 1.61129e+06
607 1.61139e+06
608 1.6114e+06
609 1.61144e+06
610 1.61144e+06
611 1.61144e+06
612 1.61147e+06
613 1.61152e+06
614 1.61162e+06
615 1.61168e+06
616 1.61172e+06
617 1.6118e+06
618 1.61182e+06
619 1.61188e+06
620 1.61193e+06
621 1.61197e+06
622 1.61197e+06
623 1.61199e+06
624 1.61205e+06
625 1.6121e+06
626 1.61214e+06
627 1.61216e+06
628 1.61225e+06
629 1.61226e+06
630 1.6124e+06
631 1.6124e+06
632 1.61246e+06
633 1.61255e+06
634 1.61262e+06
635 1.61262e+06
636 1.6127e+06
637 1.61283e+06
638 1.61296e+06
639 1.613e+06
640 1.61306e+06
641 1.61306e+06
642 1.61311e+06
643 1.61324e+06
644 1.61331e+06
645 1.61337e+06
646 1.61337e+06
647 1.61343e+06
648 1.61349e+06
649 1.61355e+06
650 1.6136e+06
651 1.61368e+06
652 1.61376e+06
653 1.61385e+06
654 1.61392e+06
655 1.61401e+06
656 1.61403e+06
657 1.61411e+06
658 1.61415e+06
659 1.6142e+06
660 1.61423e+06
661 1.61438e+06
662 1.6144e+06
663 1.6145e+06
664 1.61459e+06
665 1.61466e+06
666 1.6147e+06
667 1.61476e+06
668 1.61477e+06
669 1.61486e+06
670 1.61494e+06
671 1.61496e+06
672 1.61502e+06
673 1.61505e+06
674 1.61513e+06
675 1.61516e+06
676 1.61522e+06
677 1.61532e+06
678 1.61534e+06
679 1.61534e+06
680 1.61536e+06
681 1.61546e+06
682 1.61553e+06
683 1.61556e+06
684 1.61564e+06
685 1.61569e+06
686 1.61579e+06
687 1.61581e+06
688 1.61586e+06
689 1.6159e+06
690 1.61592e+06
691 1.61598e+06
692 1.61602e+06
693 1.61602e+06
694 1.61613e+06
695 1.61614e+06
696 1.61631e+06
697 1.61633e+06
698 1.61641e+06
699 1.61646e+06
700 1.61648e+06
701 1.61651e+06
702 1.61654e+06
703 1.61664e+06
704 1.61664e+06
705 1.61668e+06
706 1.61672e+06
707 1.6168e+06
708 1.6168e+06
709 1.61688e+06
710 1.6169e+06
711 1.61693e+06
712 1.61696e+06
713 1.61698e+06
714 1.61708e+06
715 1.61718e+06
716 1.61726e+06
717 1.61734e+06
718 1.61739e+06
719 1.61742e+06
720 1.61744e+06
721 1.61755e+06
722 1.6176e+06
723 1.61761e+06
724 1.61762e+06
725 1.61762e+06
726 1.61771e+06
727 1.61781e+06
728 1.61786e+06
729 1.61788e+06
730 1.61798e+06
731 1.61807e+06
732 1.61808e+06
733 1.61813e+06
734 1.61814e+06
735 1.61821e+06
736 1.61823e+06
737 1.61827e+06
738 1.61829e+06
739 1.61834e+06
740 1.61841e+06
741 1.61851e+06
742 1.61852e+06
743 1.61854e+06
744 1.61855e+06
745 1.61859e+06
746 1.61868e+06
747 1.61883e+06
748 1.61884e+06
749 1.61897e+06
750 1.61908e+06
751 1.61912e+06
752 1.61912e+06
753 1.61927e+06
754 1.61932e+06
755 1.61948e+06
756 1.61952e+06
757 1.61956e+06
758 1.6196e+06
759 1.61963e+06
760 1.61971e+06
761 1.61975e+06
762 1.6199e+06
763 1.61992e+06
764 1.61997e+06
765 1.6201e+06
766 1.62014e+06
767 1.62016e+06
768 1.62025e+06
769 1.62027e+06
770 1.62034e+06
771 1.62036e+06
772 1.62041e+06
773 1.62052e+06
774 1.62054e+06
775 1.62054e+06
776 1.62054e+06
777 1.62055e+06
778 1.62059e+06
779 1.62061e+06
780 1.62067e+06
781 1.62083e+06
782 1.62086e+06
783 1.62091e+06
784 1.62095e+06
785 1.62095e+06
786 1.62109e+06
787 1.6211e+06
788 1.62112e+06
789 1.62112e+06
790 1.62121e+06
791 1.6213e+06
792 1.6214e+06
793 1.62151e+06
794 1.62154e+06
795 1.62167e+06
796 1.62168e+06
797 1.62169e+06
798 1.62172e+06
799 1.62173e+06
800 1.62181e+06
801 1.62184e+06
802 1.62188e+06
803 1.62198e+06
804 1.62204e+06
805 1.62207e+06
806 1.62209e+06
807 1.62209e+06
808 1.62215e+06
809 1.62226e+06
810 1.62236e+06
811 1.62239e+06
812 1.62253e+06
813 1.62259e+06
814 1.62258e+06
815 1.62262e+06
816 1.62265e+06
817 1.62277e+06
818 1.62289e+06
819 1.62293e+06
820 1.62294e+06
821 1.62301e+06
822 1.62309e+06
823 1.62319e+06
824 1.62334e+06
825 1.62344e+06
826 1.62347e+06
827 1.62352e+06
828 1.62357e+06
829 1.62359e+06
830 1.62368e+06
831 1.6237e+06
832 1.62385e+06
833 1.6239e+06
834 1.62391e+06
835 1.62393e+06
836 1.62399e+06
837 1.62401e+06
838 1.62411e+06
839 1.62411e+06
840 1.62416e+06
841 1.6242e+06
842 1.62422e+06
843 1.62428e+06
844 1.62429e+06
845 1.62437e+06
846 1.62445e+06
847 1.62445e+06
848 1.62454e+06
849 1.6246e+06
850 1.6247e+06
851 1.62474e+06
852 1.6248e+06
853 1.62485e+06
854 1.62489e+06
855 1.62489e+06
856 1.62494e+06
857 1.62495e+06
858 1.62502e+06
859 1.62511e+06
860 1.62515e+06
861 1.62517e+06
862 1.62522e+06
863 1.62523e+06
864 1.6253e+06
865 1.62538e+06
866 1.62542e+06
867 1.62543e+06
868 1.62544e+06
869 1.62548e+06
870 1.62555e+06
871 1.62566e+06
872 1.62572e+06
873 1.62578e+06
874 1.62585e+06
875 1.62585e+06
876 1.62594e+06
877 1.62594e+06
878 1.62598e+06
879 1.6261e+06
880 1.62612e+06
881 1.62619e+06
882 1.62622e+06
883 1.62628e+06
884 1.6263e+06
885 1.62637e+06
886 1.62644e+06
887 1.62645e+06
888 1.62646e+06
889 1.62651e+06
890 1.62651e+06
891 1.62659e+06
892 1.62664e+06
893 1.62666e+06
894 1.62676e+06
895 1.62685e+06
896 1.62689e+06
897 1.62698e+06
898 1.62704e+06
899 1.62712e+06
900 1.62718e+06
901 1.62719e+06
902 1.62725e+06
903 1.62728e+06
904 1.62736e+06
905 1.62738e+06
906 1.62752e+06
907 1.62754e+06
908 1.62756e+06
909 1.62762e+06
910 1.62769e+06
911 1.62771e+06
912 1.62778e+06
913 1.6278e+06
914 1.6278e+06
915 1.62786e+06
916 1.6279e+06
917 1.6279e+06
918 1.62795e+06
919 1.62801e+06
920 1.62809e+06
921 1.6281e+06
922 1.62814e+06
923 1.62816e+06
924 1.62829e+06
925 1.62831e+06
926 1.62831e+06
927 1.62834e+06
928 1.62848e+06
929 1.62852e+06
930 1.62857e+06
931 1.62859e+06
932 1.62858e+06
933 1.62858e+06
934 1.62866e+06
935 1.62869e+06
936 1.62874e+06
937 1.62879e+06
938 1.62882e+06
939 1.62888e+06
940 1.62892e+06
941 1.62894e+06
942 1.6291e+06
943 1.62919e+06
944 1.62919e+06
945 1.62927e+06
946 1.62938e+06
947 1.62942e+06
948 1.62942e+06
949 1.62942e+06
950 1.62944e+06
951 1.6295e+06
952 1.62952e+06
953 1.62954e+06
954 1.62958e+06
955 1.62966e+06
956 1.62968e+06
957 1.6297e+06
958 1.62975e+06
959 1.62975e+06
960 1.62982e+06
961 1.62987e+06
962 1.62986e+06
963 1.62993e+06
964 1.62993e+06
965 1.62997e+06
966 1.63e+06
967 1.63012e+06
968 1.63024e+06
969 1.63024e+06
970 1.63025e+06
971 1.63026e+06
972 1.63027e+06
973 1.63031e+06
974 1.63039e+06
975 1.63042e+06
976 1.63047e+06
977 1.63054e+06
978 1.63056e+06
979 1.63062e+06
980 1.63066e+06
981 1.63069e+06
982 1.63073e+06
983 1.63078e+06
984 1.6308e+06
985 1.63089e+06
986 1.63092e+06
987 1.63094e+06
988 1.63095e+06
989 1.63106e+06
990 1.63114e+06
991 1.63122e+06
992 1.63135e+06
993 1.63144e+06
994 1.63148e+06
995 1.63151e+06
996 1.6316e+06
997 1.63162e+06
998 1.63165e+06
999 1.63174e+06
1000 1.63178e+06
