128 0.3 0.359
0 156776
1 1.56779e+06
2 1.5679e+06
3 1.56802e+06
4 1.56811e+06
5 1.56823e+06
6 1.56828e+06
7 1.56851e+06
8 1.56858e+06
9 1.56863e+06
10 1.56873e+06
11 1.56892e+06
12 1.56903e+06
13 1.56926e+06
14 1.56945e+06
15 1.56956e+06
16 1.56984e+06
17 1.56998e+06
18 1.57002e+06
19 1.57004e+06
20 1.57009e+06
21 1.57012e+06
22 1.57015e+06
23 1.57016e+06
24 1.57031e+06
25 1.57034e+06
26 1.57049e+06
27 1.5705e+06
28 1.57053e+06
29 1.57062e+06
30 1.57067e+06
31 1.57067e+06
32 1.5708e+06
33 1.57087e+06
34 1.57109e+06
35 1.57112e+06
36 1.57123e+06
37 1.57139e+06
38 1.5716e+06
39 1.57165e+06
40 1.57178e+06
41 1.57182e+06
42 1.57192e+06
43 1.57201e+06
44 1.57218e+06
45 1.57229e+06
46 1.57242e+06
47 1.57248e+06
48 1.5725e+06
49 1.57267e+06
50 1.57271e+06
51 1.57275e+06
52 1.57287e+06
53 1.57296e+06
54 1.57299e+06
55 1.57304e+06
56 1.57311e+06
57 1.57319e+06
58 1.57326e+06
59 1.57342e+06
60 1.57348e+06
61 1.57363e+06
62 1.57367e+06
63 1.57378e+06
64 1.57389e+06
65 1.57398e+06
66 1.57406e+06
67 1.57417e+06
68 1.57421e+06
69 1.57426e+06
70 1.5744e+06
71 1.57447e+06
72 1.57454e+06
73 1.57461e+06
74 1.57471e+06
75 1.57475e+06
76 1.57482e+06
77 1.57492e+06
78 1.57504e+06
79 1.57504e+06
80 1.57519e+06
81 1.57527e+06
82 1.57529e+06
83 1.57536e+06
84 1.5754e+06
85 1.57551e+06
86 1.57553e+06
87 1.57561e+06
88 1.57567e+06
89 1.57575e+06
90 1.57579e+06
91 1.57587e+06
92 1.576e+06
93 1.57602e+06
94 1.57612e+06
95 1.57626e+06
96 1.57639e+06
97 1.57655e+06
98 1.57663e+06
99 1.57666e+06
100 1.57668e+06
101 1.5768e+06
102 1.57689e+06
103 1.57689e+06
104 1.57702e+06
105 1.57702e+06
106 1.57706e+06
107 1.57713e+06
108 1.57718e+06
109 1.57722e+06
110 1.57739e+06
111 1.57749e+06
112 1.57754e+06
113 1.57762e+06
114 1.57776e+06
115 1.57786e+06
116 1.57792e+06
117 1.57803e+06
118 1.57809e+06
119 1.57817e+06
120 1.57821e+06
121 1.57828e+06
122 1.57841e+06
123 1.57848e+06
124 1.57854e+06
125 1.57867e+06
126 1.57867e+06
127 1.57875e+06
128 1.57882e+06
129 1.57884e+06
130 1.57891e+06
131 1.57902e+06
132 1.57908e+06
133 1.57915e+06
134 1.57924e+06
135 1.57929e+06
136 1.57938e+06
137 1.57938e+06
138 1.57951e+06
139 1.57954e+06
140 1.57956e+06
141 1.57964e+06
142 1.57981e+06
143 1.5799e+06
144 1.57993e+06
145 1.57999e+06
146 1.5801e+06
147 1.58015e+06
148 1.58027e+06
149 1.58031e+06
150 1.58031e+06
151 1.58042e+06
152 1.58052e+06
153 1.58062e+06
154 1.58076e+06
155 1.58092e+06
156 1.58095e+06
157 1.58108e+06
158 1.58118e+06
159 1.58123e+06
160 1.5813e+06
161 1.5815e+06
162 1.58161e+06
163 1.58174e+06
164 1.58184e+06
165 1.58186e+06
166 1.58187e+06
167 1.58194e+06
168 1.5821e+06
169 1.58216e+06
170 1.58217e+06
171 1.58226e+06
172 1.58227e+06
173 1.58231e+06
174 1.58239e+06
175 1.58255e+06
176 1.58258e+06
177 1.58275e+06
178 1.58286e+06
179 1.583e+06
180 1.58303e+06
181 1.58312e+06
182 1.5832e+06
183 1.58335e+06
184 1.58341e+06
185 1.58348e+06
186 1.58352e+06
187 1.58361e+06
188 1.58368e+06
189 1.5837e+06
190 1.58378e+06
191 1.58387e+06
192 1.58386e+06
193 1.58397e+06
194 1.58402e+06
195 1.58407e+06
196 1.58411e+06
197 1.58412e+06
198 1.58417e+06
199 1.58421e+06
200 1.5843e+06
201 1.58436e+06
202 1.58456e+06
203 1.58471e+06
204 1.58479e+06
205 1.58482e+06
206 1.58499e+06
207 1.58508e+06
208 1.58517e+06
209 1.58526e+06
210 1.5853e+06
211 1.58533e+06
212 1.58541e+06
213 1.58543e+06
214 1.58553e+06
215 1.58556e+06
216 1.58561e+06
217 1.5857e+06
218 1.58571e+06
219 1.58583e+06
220 1.58587e+06
221 1.58589e+06
222 1.58597e+06
223 1.58598e+06
224 1.5861e+06
225 1.58614e+06
226 1.58624e+06
227 1.58627e+06
228 1.58634e+06
229 1.58639e+06
230 1.58645e+06
231 1.58653e+06
232 1.58657e+06
233 1.58657e+06
234 1.58666e+06
235 1.58673e+06
236 1.5868e+06
237 1.58682e+06
238 1.58685e+06
239 1.58687e+06
240 1.587e+06
241 1.58704e+06
242 1.58713e+06
243 1.58726e+06
244 1.58736e+06
245 1.58739e+06
246 1.5874e+06
247 1.58743e+06
248 1.58759e+06
249 1.58768e+06
250 1.58775e+06
251 1.58782e+06
252 1.58787e+06
253 1.5879e+06
254 1.58798e+06
255 1.58812e+06
256 1.5882e+06
257 1.58824e+06
258 1.58829e+06
259 1.58838e+06
260 1.58845e+06
261 1.58859e+06
262 1.58877e+06
263 1.58878e+06
264 1.58881e+06
265 1.58885e+06
266 1.58885e+06
267 1.58898e+06
268 1.58906e+06
269 1.58922e+06
270 1.58933e+06
271 1.58936e+06
272 1.58948e+06
273 1.58956e+06
274 1.58966e+06
275 1.58976e+06
276 1.5898e+06
277 1.58981e+06
278 1.58991e+06
279 1.58993e+06
280 1.59001e+06
281 1.59008e+06
282 1.59017e+06
283 1.59022e+06
284 1.59028e+06
285 1.59033e+06
286 1.59039e+06
287 1.59044e+06
288 1.59059e+06
289 1.59062e+06
290 1.59066e+06
291 1.59077e+06
292 1.59082e+06
293 1.5909e+06
294 1.59093e+06
295 1.59099e+06
296 1.591e+06
297 1.5911e+06
298 1.59116e+06
299 1.59132e+06
300 1.5914e+06
301 1.59145e+06
302 1.59146e+06
303 1.59151e+06
304 1.59154e+06
305 1.59167e+06
306 1.59177e+06
307 1.59177e+06
308 1.59192e+06
309 1.59196e+06
310 1.59198e+06
311 1.59215e+06
312 1.59217e+06
313 1.59229e+06
314 1.59231e+06
315 1.59244e+06
316 1.59255e+06
317 1.5927e+06
318 1.59278e+06
319 1.59282e+06
320 1.59288e+06
321 1.59302e+06
322 1.59315e+06
323 1.59319e+06
324 1.59322e+06
325 1.5933e+06
326 1.59335e+06
327 1.59343e+06
328 1.59349e+06
329 1.59355e+06
330 1.59364e+06
331 1.5937e+06
332 1.59374e+06
333 1.59382e+06
334 1.59388e+06
335 1.5939e+06
336 1.59392e+06
337 1.59401e+06
338 1.59405e+06
339 1.59411e+06
340 1.59418e+06
341 1.59418e+06
342 1.59422e+06
343 1.59431e+06
344 1.59433e+06
345 1.5944e+06
346 1.5945e+06
347 1.59457e+06
348 1.5946e+06
349 1.59467e+06
350 1.59476e+06
351 1.59485e+06
352 1.59497e+06
353 1.59504e+06
354 1.59512e+06
355 1.59524e+06
356 1.59532e+06
357 1.59532e+06
358 1.5954e+06
359 1.59542e+06
360 1.59542e+06
361 1.5955e+06
362 1.59558e+06
363 1.59565e+06
364 1.59578e+06
365 1.5959e+06
366 1.59593e+06
367 1.596e+06
368 1.59605e+06
369 1.59617e+06
370 1.59627e+06
371 1.59628e+06
372 1.59633e+06
373 1.59648e+06
374 1.59658e+06
375 1.59668e+06
376 1.59667e+06
377 1.59674e+06
378 1.5968e+06
379 1.59687e+06
380 1.59694e+06
381 1.59706e+06
382 1.5971e+06
383 1.59714e+06
384 1.5972e+06
385 1.59725e+06
386 1.59728e+06
387 1.59737e+06
388 1.59752e+06
389 1.59758e+06
390 1.59759e+06
391 1.59766e+06
392 1.59767e+06
393 1.59768e+06
394 1.59772e+06
395 1.59776e+06
396 1.59779e+06
397 1.5979e+06
398 1.5979e+06
399 1.5979e+06
400 1.59796e+06
401 1.59802e+06
402 1.59806e+06
403 1.59815e+06
404 1.59819e+06
405 1.59819e+06
406 1.59822e+06
407 1.59829e+06
408 1.59834e+06
409 1.59834e+06
410 1.59845e+06
411 1.59861e+06
412 1.59873e+06
413 1.59878e+06
414 1.5988e+06
415 1.5989e+06
416 1.59904e+06
417 1.59906e+06
418 1.59906e+06
419 1.5991e+06
420 1.59912e+06
421 1.59925e+06
422 1.5993e+06
423 1.59936e+06
424 1.59952e+06
425 1.59958e+06
426 1.59963e+06
427 1.59971e+06
428 1.59978e+06
429 1.59991e+06
430 1.6e+06
431 1.60006e+06
432 1.60011e+06
433 1.60016e+06
434 1.60023e+06
435 1.60031e+06
436 1.60034e+06
437 1.60035e+06
438 1.60042e+06
439 1.60054e+06
440 1.6006e+06
441 1.60064e+06
442 1.60072e+06
443 1.60073e+06
444 1.60076e+06
445 1.60081e+06
446 1.60085e+06
447 1.60087e+06
448 1.60095e+06
449 1.60103e+06
450 1.60105e+06
451 1.60106e+06
452 1.60108e+06
453 1.60114e+06
454 1.60122e+06
455 1.60127e+06
456 1.60136e+06
457 1.6014e+06
458 1.60148e+06
459 1.60155e+06
460 1.60161e+06
461 1.60168e+06
462 1.60175e+06
463 1.60181e+06
464 1.60186e+06
465 1.60199e+06
466 1.602e+06
467 1.60202e+06
468 1.6021e+06
469 1.60225e+06
470 1.60229e+06
471 1.60236e+06
472 1.6024e+06
473 1.60248e+06
474 1.60248e+06
475 1.60258e+06
476 1.60259e+06
477 1.60274e+06
478 1.60288e+06
479 1.60292e+06
480 1.60291e+06
481 1.60307e+06
482 1.6032e+06
483 1.60325e+06
484 1.60329e+06
485 1.60334e+06
486 1.6034e+06
487 1.60346e+06
488 1.60348e+06
489 1.60358e+06
490 1.60373e+06
491 1.60387e+06
492 1.60394e+06
493 1.60401e+06
494 1.60414e+06
495 1.60415e+06
496 1.60416e+06
497 1.60424e+06
498 1.60428e+06
499 1.60439e+06
500 1.60446e+06
501 1.60455e+06
502 1.60461e+06
503 1.60462e+06
504 1.60464e+06
505 1.60469e+06
506 1.60485e+06
507 1.60498e+06
508 1.605e+06
509 1.605e+06
510 1.60503e+06
511 1.60503e+06
512 1.60517e+06
513 1.60517e+06
514 1.60529e+06
515 1.60537e+06
516 1.60541e+06
517 1.6055e+06
518 1.60563e+06
519 1.60569e+06
520 1.60575e+06
521 1.60589e+06
522 1.60592e+06
523 1.60602e+06
524 1.60607e+06
525 1.60608e+06
526 1.60615e+06
527 1.60624e+06
528 1.60626e+06
529 1.60635e+06
530 1.60641e+06
531 1.6065e+06
532 1.60663e+06
533 1.60679e+06
534 1.60685e+06
535 1.60691e+06
536 1.60691e+06
537 1.60697e+06
538 1.607e+06
539 1.60712e+06
540 1.60721e+06
541 1.60722e+06
542 1.60722e+06
543 1.60729e+06
544 1.60734e+06
545 1.60741e+06
546 1.60743e+06
547 1.60746e+06
548 1.60748e+06
549 1.6075e+06
550 1.60757e+06
551 1.60767e+06
552 1.60773e+06
553 1.60776e+06
554 1.60784e+06
555 1.60784e+06
556 1.60788e+06
557 1.60794e+06
558 1.60795e+06
559 1.608e+06
560 1.60803e+06
561 1.60811e+06
562 1.60816e+06
563 1.60824e+06
564 1.60829e+06
565 1.6084e+06
566 1.60841e+06
567 1.60863e+06
568 1.6087e+06
569 1.60882e+06
570 1.60882e+06
571 1.60893e+06
572 1.609e+06
573 1.60908e+06
574 1.60924e+06
575 1.60933e+06
576 1.60933e+06
577 1.60944e+06
578 1.60949e+06
579 1.60965e+06
580 1.60971e+06
581 1.6098e+06
582 1.6098e+06
583 1.60988e+06
584 1.61e+06
585 1.61011e+06
586 1.61014e+06
587 1.6102e+06
588 1.61032e+06
589 1.61033e+06
590 1.61036e+06
591 1.61047e+06
592 1.61064e+06
593 1.61076e+06
594 1.61084e+06
595 1.61091e+06
596 1.61093e+06
597 1.61102e+06
598 1.6111e+06
599 1.61115e+06
600 1.61121e+06
601 1.61128e+06
602 1.61137e+06
603 1.61142e+06
604 1.61153e+06
605 1.61154e+06
606 1.6116e+06
607 1.61167e+06
608 1.61169e+06
609 1.61174e+06
610 1.61177e+06
611 1.61178e+06
612 1.61189e+06
613 1.61198e+06
614 1.61215e+06
615 1.61215e+06
616 1.61223e+06
617 1.61224e+06
618 1.61241e+06
619 1.61244e+06
620 1.61246e+06
621 1.61251e+06
622 1.61263e+06
623 1.61269e+06
624 1.61276e+06
625 1.61284e+06
626 1.61287e+06
627 1.61295e+06
628 1.61301e+06
629 1.61314e+06
630 1.61326e+06
631 1.61327e+06
632 1.6134e+06
633 1.61344e+06
634 1.61347e+06
635 1.61347e+06
636 1.61352e+06
637 1.61357e+06
638 1.61359e+06
639 1.61363e+06
640 1.61364e+06
641 1.61373e+06
642 1.61384e+06
643 1.61391e+06
644 1.61392e+06
645 1.61394e+06
646 1.61397e+06
647 1.61408e+06
648 1.6141e+06
649 1.61412e+06
650 1.61411e+06
651 1.61415e+06
652 1.61415e+06
653 1.61417e+06
654 1.6142e+06
655 1.61427e+06
656 1.61432e+06
657 1.61435e+06
658 1.61444e+06
659 1.6145e+06
660 1.61453e+06
661 1.6146e+06
662 1.61467e+06
663 1.61474e+06
664 1.61478e+06
665 1.61482e+06
666 1.61482e+06
667 1.61493e+06
668 1.61503e+06
669 1.61514e+06
670 1.61526e+06
671 1.61528e+06
672 1.61532e+06
673 1.6154e+06
674 1.61544e+06
675 1.61546e+06
676 1.61553e+06
677 1.6156e+06
678 1.61566e+06
679 1.61578e+06
680 1.61584e+06
681 1.61587e+06
682 1.61599e+06
683 1.61602e+06
684 1.61602e+06
685 1.61607e+06
686 1.61611e+06
687 1.61615e+06
688 1.61622e+06
689 1.61636e+06
690 1.61635e+06
691 1.61642e+06
692 1.61642e+06
693 1.61645e+06
694 1.61652e+06
695 1.61659e+06
696 1.61659e+06
697 1.61662e+06
698 1.6168e+06
699 1.61694e+06
700 1.61697e+06
701 1.617e+06
702 1.61703e+06
703 1.61703e+06
704 1.61715e+06
705 1.61716e+06
706 1.61724e+06
707 1.61726e+06
708 1.6173e+06
709 1.6173e+06
710 1.61742e+06
711 1.61753e+06
712 1.61755e+06
713 1.61756e+06
714 1.61764e+06
715 1.61764e+06
716 1.61769e+06
717 1.61776e+06
718 1.61781e+06
719 1.61783e+06
720 1.61789e+06
721 1.61795e+06
722 1.61801e+06
723 1.61811e+06
724 1.61815e+06
725 1.61823e+06
726 1.61828e+06
727 1.61831e+06
728 1.61845e+06
729 1.61852e+06
730 1.61866e+06
731 1.61876e+06
732 1.61876e+06
733 1.61884e+06
734 1.61886e+06
735 1.61896e+06
736 1.61908e+06
737 1.61909e+06
738 1.61918e+06
739 1.61918e+06
740 1.61919e+06
741 1.61927e+06
742 1.61928e+06
743 1.61932e+06
744 1.61936e+06
745 1.61936e+06
746 1.61937e+06
747 1.61946e+06
748 1.6195e+06
749 1.61958e+06
750 1.61959e+06
751 1.61962e+06
752 1.61973e+06
753 1.61982e+06
754 1.61991e+06
755 1.61998e+06
756 1.62e+06
757 1.62e+06
758 1.62005e+06
759 1.62012e+06
760 1.6202e+06
761 1.62031e+06
762 1.62039e+06
763 1.62039e+06
764 1.62039e+06
765 1.62044e+06
766 1.62054e+06
767 1.62056e+06
768 1.6206e+06
769 1.62065e+06
770 1.62069e+06
771 1.62074e+06
772 1.62086e+06
773 1.62101e+06
774 1.62104e+06
775 1.6211e+06
776 1.62112e+06
777 1.62112e+06
778 1.62117e+06
779 1.62123e+06
780 1.62128e+06
781 1.62136e+06
782 1.62141e+06
783 1.6215e+06
784 1.62151e+06
785 1.62152e+06
786 1.62157e+06
787 1.62157e+06
788 1.62162e+06
789 1.6217e+06
790 1.62173e+06
791 1.62182e+06
792 1.6219e+06
793 1.62193e+06
794 1.62193e+06
795 1.622e+06
796 1.62214e+06
797 1.62219e+06
798 1.62228e+06
799 1.6223e+06
800 1.6223e+06
801 1.62232e+06
802 1.62237e+06
803 1.62244e+06
804 1.62249e+06
805 1.62255e+06
806 1.62257e+06
807 1.62264e+06
808 1.62264e+06
809 1.62268e+06
810 1.62273e+06
811 1.6228e+06
812 1.62281e+06
813 1.62282e+06
814 1.62288e+06
815 1.62288e+06
816 1.62297e+06
817 1.62301e+06
818 1.62306e+06
819 1.6231e+06
820 1.62311e+06
821 1.62311e+06
822 1.62315e+06
823 1.62316e+06
824 1.62324e+06
825 1.62327e+06
826 1.62334e+06
827 1.62334e+06
828 1.62342e+06
829 1.62358e+06
830 1.6236e+06
831 1.6237e+06
832 1.6237e+06
833 1.6237e+06
834 1.62378e+06
835 1.62381e+06
836 1.62384e+06
837 1.62393e+06
838 1.62402e+06
839 1.62404e+06
840 1.6241e+06
841 1.62415e+06
842 1.62417e+06
843 1.62425e+06
844 1.62432e+06
845 1.62443e+06
846 1.62451e+06
847 1.62455e+06
848 1.62456e+06
849 1.62461e+06
850 1.62463e+06
851 1.62477e+06
852 1.62486e+06
853 1.62486e+06
854 1.62494e+06
855 1.62494e+06
856 1.62502e+06
857 1.62504e+06
858 1.62504e+06
859 1.62517e+06
860 1.62516e+06
861 1.62519e+06
862 1.62525e+06
863 1.62533e+06
864 1.62538e+06
865 1.62552e+06
866 1.62557e+06
867 1.62561e+06
868 1.62568e+06
869 1.62569e+06
870 1.62572e+06
871 1.62583e+06
872 1.62584e+06
873 1.62585e+06
874 1.62588e+06
875 1.62591e+06
876 1.62597e+06
877 1.62603e+06
878 1.6261e+06
879 1.62615e+06
880 1.62616e+06
881 1.62622e+06
882 1.6263e+06
883 1.62634e+06
884 1.62634e+06
885 1.6264e+06
886 1.62651e+06
887 1.62656e+06
888 1.62664e+06
889 1.62663e+06
890 1.6267e+06
891 1.62679e+06
892 1.62682e+06
893 1.62689e+06
894 1.62693e+06
895 1.62698e+06
896 1.62706e+06
897 1.62712e+06
898 1.62722e+06
899 1.62723e+06
900 1.62726e+06
901 1.62726e+06
902 1.62727e+06
903 1.62743e+06
904 1.62744e+06
905 1.62751e+06
906 1.62756e+06
907 1.62759e+06
908 1.62762e+06
909 1.62766e+06
910 1.62775e+06
911 1.62787e+06
912 1.62789e+06
913 1.62796e+06
914 1.62801e+06
915 1.62805e+06
916 1.62807e+06
917 1.62807e+06
918 1.62812e+06
919 1.62816e+06
920 1.62818e+06
921 1.62817e+06
922 1.62824e+06
923 1.6283e+06
924 1.62833e+06
925 1.62835e+06
926 1.6284e+06
927 1.62849e+06
928 1.62855e+06
929 1.62859e+06
930 1.62864e+06
931 1.62867e+06
932 1.62871e+06
933 1.62876e+06
934 1.62879e+06
935 1.6289e+06
936 1.62896e+06
937 1.62896e+06
938 1.62907e+06
939 1.6291e+06
940 1.62909e+06
941 1.62914e+06
942 1.6292e+06
943 1.62921e+06
944 1.62921e+06
945 1.62925e+06
946 1.62939e+06
947 1.62942e+06
948 1.62946e+06
949 1.6295e+06
950 1.62952e+06
951 1.62959e+06
952 1.62962e+06
953 1.62967e+06
954 1.6297e+06
955 1.62973e+06
956 1.62974e+06
957 1.62987e+06
958 1.62987e+06
959 1.62991e+06
960 1.63006e+06
961 1.63008e+06
962 1.63015e+06
963 1.63016e+06
964 1.6302e+06
965 1.63024e+06
966 1.63024e+06
967 1.63025e+06
968 1.63036e+06
969 1.6304e+06
970 1.63044e+06
971 1.6305e+06
972 1.63054e+06
973 1.6306e+06
974 1.63073e+06
975 1.63073e+06
976 1.63076e+06
977 1.63084e+06
978 1.63091e+06
979 1.63094e+06
980 1.63104e+06
981 1.6311e+06
982 1.63113e+06
983 1.63117e+06
984 1.63123e+06
985 1.63127e+06
986 1.63132e+06
987 1.63145e+06
988 1.63153e+06
989 1.63159e+06
990 1.63166e+06
991 1.63169e+06
992 1.63175e+06
993 1.63176e+06
994 1.63182e+06
995 1.63187e+06
996 1.63191e+06
997 1.63191e+06
998 1.632e+06
999 1.63213e+06
1000 1.63214e+06
