128 0.3 0.499
0 156776
1 1.56792e+06
2 1.56795e+06
3 1.56802e+06
4 1.56812e+06
5 1.56832e+06
6 1.56845e+06
7 1.56863e+06
8 1.5687e+06
9 1.5687e+06
10 1.56873e+06
11 1.56889e+06
12 1.569e+06
13 1.56909e+06
14 1.56913e+06
15 1.56923e+06
16 1.56931e+06
17 1.56937e+06
18 1.56945e+06
19 1.56968e+06
20 1.56989e+06
21 1.56997e+06
22 1.57e+06
23 1.57016e+06
24 1.57028e+06
25 1.57033e+06
26 1.57042e+06
27 1.57042e+06
28 1.57044e+06
29 1.57048e+06
30 1.57058e+06
31 1.57071e+06
32 1.57085e+06
33 1.5709e+06
34 1.57106e+06
35 1.57109e+06
36 1.57114e+06
37 1.57125e+06
38 1.57134e+06
39 1.57144e+06
40 1.57155e+06
41 1.57162e+06
42 1.57181e+06
43 1.57181e+06
44 1.5719e+06
45 1.57193e+06
46 1.57195e+06
47 1.57206e+06
48 1.57225e+06
49 1.57235e+06
50 1.57239e+06
51 1.5725e+06
52 1.57256e+06
53 1.57265e+06
54 1.5727e+06
55 1.57295e+06
56 1.57296e+06
57 1.57314e+06
58 1.57321e+06
59 1.57334e+06
60 1.57344e+06
61 1.57358e+06
62 1.57368e+06
63 1.5738e+06
64 1.57399e+06
65 1.5741e+06
66 1.57423e+06
67 1.57435e+06
68 1.5745e+06
69 1.57457e+06
70 1.57465e+06
71 1.57465e+06
72 1.57475e+06
73 1.57486e+06
74 1.5749e+06
75 1.57495e+06
76 1.57502e+06
77 1.57507e+06
78 1.57525e+06
79 1.57534e+06
80 1.57536e+06
81 1.57541e+06
82 1.57548e+06
83 1.57562e+06
84 1.57568e+06
85 1.57578e+06
86 1.57584e+06
87 1.57593e+06
88 1.576e+06
89 1.57617e+06
90 1.57623e+06
91 1.57631e+06
92 1.57631e+06
93 1.57642e+06
94 1.57658e+06
95 1.57664e+06
96 1.57675e+06
97 1.57692e+06
98 1.57704e+06
99 1.57705e+06
100 1.57713e+06
101 1.57728e+06
102 1.57732e+06
103 1.57738e+06
104 1.57753e+06
105 1.57766e+06
106 1.57774e+06
107 1.5778e+06
108 1.57786e+06
109 1.57788e+06
110 1.57803e+06
111 1.57808e+06
112 1.57815e+06
113 1.57824e+06
114 1.57828e+06
115 1.57828e+06
116 1.5783e+06
117 1.57835e+06
118 1.57852e+06
119 1.57861e+06
120 1.57867e+06
121 1.57887e+06
122 1.57899e+06
123 1.57912e+06
124 1.57923e+06
125 1.57928e+06
126 1.57932e+06
127 1.57936e+06
128 1.57943e+06
129 1.57956e+06
130 1.57971e+06
131 1.57974e+06
132 1.5798e+06
133 1.57986e+06
134 1.58e+06
135 1.58005e+06
136 1.58008e+06
137 1.58015e+06
138 1.58018e+06
139 1.58037e+06
140 1.58046e+06
141 1.58065e+06
142 1.58071e+06
143 1.5808e+06
144 1.58083e+06
145 1.58083e+06
146 1.58093e+06
147 1.58101e+06
148 1.58116e+06
149 1.58135e+06
150 1.58139e+06
151 1.58154e+06
152 1.58164e+06
153 1.58167e+06
154 1.58176e+06
155 1.58176e+06
156 1.58189e+06
157 1.58192e+06
158 1.58194e+06
159 1.58203e+06
160 1.58213e+06
161 1.58217e+06
162 1.58225e+06
163 1.58229e+06
164 1.58246e+06
165 1.58252e+06
166 1.58261e+06
167 1.58267e+06
168 1.58274e+06
169 1.5828e+06
170 1.58293e+06
171 1.58298e+06
172 1.58306e+06
173 1.5831e+06
174 1.58316e+06
175 1.58323e+06
176 1.58331e+06
177 1.58344e+06
178 1.58358e+06
179 1.58366e+06
180 1.5837e+06
181 1.5838e+06
182 1.5838e+06
183 1.58386e+06
184 1.584e+06
185 1.58407e+06
186 1.58415e+06
187 1.58423e+06
188 1.5843e+06
189 1.58444e+06
190 1.58457e+06
191 1.58462e+06
192 1.58468e+06
193 1.58478e+06
194 1.58485e+06
195 1.58489e+06
196 1.58501e+06
197 1.58505e+06
198 1.58515e+06
199 1.58532e+06
200 1.58547e+06
201 1.58556e+06
202 1.58567e+06
203 1.58575e+06
204 1.5858e+06
205 1.58584e+06
206 1.58594e+06
207 1.58595e+06
208 1.58602e+06
209 1.58602e+06
210 1.5861e+06
211 1.58617e+06
212 1.58618e+06
213 1.5862e+06
214 1.58629e+06
215 1.58632e+06
216 1.58635e+06
217 1.58653e+06
218 1.58658e+06
219 1.58672e+06
220 1.5868e+06
221 1.58686e+06
222 1.58696e+06
223 1.587e+06
224 1.58702e+06
225 1.58702e+06
226 1.58707e+06
227 1.58716e+06
228 1.58722e+06
229 1.58726e+06
230 1.5873e+06
231 1.58732e+06
232 1.58738e+06
233 1.58752e+06
234 1.5876e+06
235 1.58782e+06
236 1.58782e+06
237 1.58788e+06
238 1.58796e+06
239 1.58798e+06
240 1.588e+06
241 1.58804e+06
242 1.58809e+06
243 1.58812e+06
244 1.58828e+06
245 1.58835e+06
246 1.58847e+06
247 1.58862e+06
248 1.58879e+06
249 1.58882e+06
250 1.58889e+06
251 1.58892e+06
252 1.58921e+06
253 1.58926e+06
254 1.58929e+06
255 1.58932e+06
256 1.5894e+06
257 1.58952e+06
258 1.58952e+06
259 1.5896e+06
260 1.58966e+06
261 1.58978e+06
262 1.58992e+06
263 1.58999e+06
264 1.59005e+06
265 1.59011e+06
266 1.59015e+06
267 1.59022e+06
268 1.59025e+06
269 1.59038e+06
270 1.59044e+06
271 1.59048e+06
272 1.59048e+06
273 1.59052e+06
274 1.5906e+06
275 1.59062e+06
276 1.59078e+06
277 1.59095e+06
278 1.59099e+06
279 1.59102e+06
280 1.59109e+06
281 1.59111e+06
282 1.59122e+06
283 1.5913e+06
284 1.59134e+06
285 1.5914e+06
286 1.59153e+06
287 1.5916e+06
288 1.5917e+06
289 1.59177e+06
290 1.59188e+06
291 1.59194e+06
292 1.59195e+06
293 1.59204e+06
294 1.59208e+06
295 1.59213e+06
296 1.59217e+06
297 1.59221e+06
298 1.59222e+06
299 1.59235e+06
300 1.59243e+06
301 1.59247e+06
302 1.59248e+06
303 1.59254e+06
304 1.59258e+06
305 1.59259e+06
306 1.59274e+06
307 1.59283e+06
308 1.59284e+06
309 1.59294e+06
310 1.593e+06
311 1.59303e+06
312 1.59313e+06
313 1.59316e+06
314 1.59322e+06
315 1.59334e+06
316 1.59339e+06
317 1.59358e+06
318 1.59372e+06
319 1.59372e+06
320 1.59379e+06
321 1.59385e+06
322 1.59392e+06
323 1.59406e+06
324 1.59416e+06
325 1.59421e+06
326 1.59427e+06
327 1.59435e+06
328 1.59441e+06
329 1.59445e+06
330 1.59455e+06
331 1.5946e+06
332 1.5946e+06
333 1.59466e+06
334 1.59474e+06
335 1.59485e+06
336 1.59486e+06
337 1.59494e+06
338 1.595e+06
339 1.59517e+06
340 1.59518e+06
341 1.59525e+06
342 1.59529e+06
343 1.59537e+06
344 1.59541e+06
345 1.5955e+06
346 1.59565e+06
347 1.59572e+06
348 1.59573e+06
349 1.59577e+06
350 1.59582e+06
351 1.59595e+06
352 1.59601e+06
353 1.59609e+06
354 1.59617e+06
355 1.59635e+06
356 1.59638e+06
357 1.5964e+06
358 1.59647e+06
359 1.59662e+06
360 1.5967e+06
361 1.59678e+06
362 1.59679e+06
363 1.59688e+06
364 1.59689e+06
365 1.59708e+06
366 1.59711e+06
367 1.59714e+06
368 1.59722e+06
369 1.59728e+06
370 1.59733e+06
371 1.59743e+06
372 1.59751e+06
373 1.59763e+06
374 1.59766e+06
375 1.59776e+06
376 1.59776e+06
377 1.59783e+06
378 1.59796e+06
379 1.598e+06
380 1.5981e+06
381 1.59812e+06
382 1.59815e+06
383 1.59828e+06
384 1.59838e+06
385 1.59846e+06
386 1.59853e+06
387 1.59854e+06
388 1.59855e+06
389 1.59869e+06
390 1.59871e+06
391 1.59877e+06
392 1.59879e+06
393 1.59882e+06
394 1.59892e+06
395 1.59895e+06
396 1.59912e+06
397 1.59918e+06
398 1.59923e+06
399 1.59925e+06
400 1.59928e+06
401 1.59945e+06
402 1.59959e+06
403 1.59963e+06
404 1.59969e+06
405 1.59982e+06
406 1.5999e+06
407 1.60004e+06
408 1.60008e+06
409 1.6001e+06
410 1.60014e+06
411 1.60016e+06
412 1.60016e+06
413 1.60022e+06
414 1.60029e+06
415 1.60032e+06
416 1.60041e+06
417 1.60042e+06
418 1.60048e+06
419 1.6006e+06
420 1.60062e+06
421 1.60073e+06
422 1.6008e+06
423 1.60085e+06
424 1.60102e+06
425 1.60104e+06
426 1.60109e+06
427 1.6011e+06
428 1.60112e+06
429 1.60123e+06
430 1.60134e+06
431 1.60143e+06
432 1.60148e+06
433 1.60149e+06
434 1.60155e+06
435 1.60163e+06
436 1.6017e+06
437 1.6018e+06
438 1.60192e+06
439 1.60197e+06
440 1.60201e+06
441 1.60207e+06
442 1.60219e+06
443 1.60222e+06
444 1.60223e+06
445 1.60224e+06
446 1.60228e+06
447 1.60228e+06
448 1.60231e+06
449 1.60244e+06
450 1.60251e+06
451 1.60259e+06
452 1.6026e+06
453 1.60263e+06
454 1.60275e+06
455 1.60276e+06
456 1.6028e+06
457 1.60285e+06
458 1.60293e+06
459 1.60299e+06
460 1.60309e+06
461 1.60315e+06
462 1.60318e+06
463 1.60322e+06
464 1.60332e+06
465 1.60338e+06
466 1.60343e+06
467 1.60346e+06
468 1.60358e+06
469 1.60369e+06
470 1.60385e+06
471 1.60387e+06
472 1.60394e+06
473 1.604e+06
474 1.60402e+06
475 1.60406e+06
476 1.60409e+06
477 1.60409e+06
478 1.6041e+06
479 1.60412e+06
480 1.60418e+06
481 1.60423e+06
482 1.60422e+06
483 1.60426e+06
484 1.60438e+06
485 1.60446e+06
486 1.60452e+06
487 1.60454e+06
488 1.60455e+06
489 1.60462e+06
490 1.60471e+06
491 1.60481e+06
492 1.60493e+06
493 1.60504e+06
494 1.60513e+06
495 1.60521e+06
496 1.60524e+06
497 1.60534e+06
498 1.60535e+06
499 1.60544e+06
500 1.60552e+06
501 1.60565e+06
502 1.60571e+06
503 1.60582e+06
504 1.60588e+06
505 1.60593e+06
506 1.606e+06
507 1.60607e+06
508 1.6061e+06
509 1.60619e+06
510 1.60629e+06
511 1.60635e+06
512 1.60649e+06
513 1.60656e+06
514 1.60665e+06
515 1.60668e+06
516 1.60676e+06
517 1.60682e+06
518 1.60685e+06
519 1.60687e+06
520 1.60695e+06
521 1.60701e+06
522 1.60702e+06
523 1.60708e+06
524 1.60713e+06
525 1.60718e+06
526 1.60721e+06
527 1.60723e+06
528 1.60728e+06
529 1.60733e+06
530 1.60736e+06
531 1.60745e+06
532 1.60752e+06
533 1.60753e+06
534 1.60756e+06
535 1.60757e+06
536 1.60762e+06
537 1.60771e+06
538 1.60772e+06
539 1.60777e+06
540 1.60782e+06
541 1.60782e+06
542 1.60786e+06
543 1.60789e+06
544 1.60793e+06
545 1.608e+06
546 1.60811e+06
547 1.60817e+06
548 1.60825e+06
549 1.60829e+06
550 1.60833e+06
551 1.60843e+06
552 1.60849e+06
553 1.60851e+06
554 1.60851e+06
555 1.60854e+06
556 1.60858e+06
557 1.60861e+06
558 1.60868e+06
559 1.6087e+06
560 1.60882e+06
561 1.60884e+06
562 1.60886e+06
563 1.60896e+06
564 1.60904e+06
565 1.60908e+06
566 1.60924e+06
567 1.60927e+06
568 1.60929e+06
569 1.60938e+06
570 1.6095e+06
571 1.60951e+06
572 1.60952e+06
573 1.60959e+06
574 1.60965e+06
575 1.6097e+06
576 1.60974e+06
577 1.60975e+06
578 1.60981e+06
579 1.6099e+06
580 1.6099e+06
581 1.6099e+06
582 1.60992e+06
583 1.60995e+06
584 1.60997e+06
585 1.60997e+06
586 1.60997e+06
587 1.61003e+06
588 1.61004e+06
589 1.61012e+06
590 1.61014e+06
591 1.6102e+06
592 1.61026e+06
593 1.61032e+06
594 1.61038e+06
595 1.61046e+06
596 1.61051e+06
597 1.61057e+06
598 1.61057e+06
599 1.61067e+06
600 1.61071e+06
601 1.61075e+06
602 1.61077e+06
603 1.61077e+06
604 1.61083e+06
605 1.61084e+06
606 1.6109e+06
607 1.61099e+06
608 1.61107e+06
609 1.61116e+06
610 1.61129e+06
611 1.61132e+06
612 1.61143e+06
613 1.61152e+06
614 1.61162e+06
615 1.61167e+06
616 1.6117e+06
617 1.61174e+06
618 1.61176e+06
619 1.61187e+06
620 1.6119e+06
621 1.61193e+06
622 1.61198e+06
623 1.61198e+06
624 1.612e+06
625 1.61203e+06
626 1.61211e+06
627 1.61213e+06
628 1.61216e+06
629 1.61218e+06
630 1.61225e+06
631 1.61228e+06
632 1.61232e+06
633 1.61233e+06
634 1.61233e+06
635 1.61235e+06
636 1.6124e+06
637 1.61242e+06
638 1.61251e+06
639 1.6126e+06
640 1.61267e+06
641 1.61273e+06
642 1.6128e+06
643 1.61286e+06
644 1.61292e+06
645 1.61294e+06
646 1.61294e+06
647 1.61307e+06
648 1.61308e+06
649 1.61312e+06
650 1.61315e+06
651 1.61326e+06
652 1.61332e+06
653 1.61336e+06
654 1.61345e+06
655 1.61353e+06
656 1.61353e+06
657 1.61357e+06
658 1.61359e+06
659 1.61367e+06
660 1.61367e+06
661 1.61374e+06
662 1.61375e+06
663 1.61381e+06
664 1.61383e+06
665 1.61383e+06
666 1.61385e+06
667 1.61396e+06
668 1.61403e+06
669 1.6141e+06
670 1.6141e+06
671 1.61411e+06
672 1.61418e+06
673 1.61421e+06
674 1.61424e+06
675 1.61424e+06
676 1.61433e+06
677 1.61432e+06
678 1.61434e+06
679 1.61435e+06
680 1.6144e+06
681 1.6145e+06
682 1.61458e+06
683 1.61458e+06
684 1.6146e+06
685 1.61466e+06
686 1.61472e+06
687 1.61476e+06
688 1.61479e+06
689 1.61482e+06
690 1.61492e+06
691 1.61496e+06
692 1.61505e+06
693 1.61513e+06
694 1.61522e+06
695 1.6153e+06
696 1.61533e+06
697 1.61542e+06
698 1.61543e+06
699 1.61562e+06
700 1.61564e+06
701 1.61566e+06
702 1.61569e+06
703 1.61571e+06
704 1.61571e+06
705 1.6158e+06
706 1.61588e+06
707 1.6159e+06
708 1.616e+06
709 1.616e+06
710 1.61602e+06
711 1.61607e+06
712 1.61618e+06
713 1.61621e+06
714 1.61627e+06
715 1.61635e+06
716 1.61635e+06
717 1.61644e+06
718 1.61646e+06
719 1.61648e+06
720 1.61655e+06
721 1.61665e+06
722 1.61667e+06
723 1.61667e+06
724 1.6167e+06
725 1.61681e+06
726 1.61687e+06
727 1.61688e+06
728 1.61694e+06
729 1.61706e+06
730 1.61709e+06
731 1.61712e+06
732 1.61716e+06
733 1.61721e+06
734 1.61724e+06
735 1.61729e+06
736 1.6173e+06
737 1.61742e+06
738 1.61746e+06
739 1.61751e+06
740 1.61756e+06
741 1.61758e+06
742 1.61759e+06
743 1.61764e+06
744 1.61764e+06
745 1.61765e+06
746 1.61773e+06
747 1.61776e+06
748 1.61781e+06
749 1.61794e+06
750 1.61803e+06
751 1.61807e+06
752 1.61811e+06
753 1.61813e+06
754 1.61815e+06
755 1.61821e+06
756 1.61826e+06
757 1.61826e+06
758 1.61828e+06
759 1.61835e+06
760 1.61843e+06
761 1.61849e+06
762 1.61856e+06
763 1.61861e+06
764 1.6187e+06
765 1.61872e+06
766 1.61882e+06
767 1.61884e+06
768 1.61891e+06
769 1.61891e+06
770 1.61904e+06
771 1.61909e+06
772 1.61919e+06
773 1.61922e+06
774 1.61924e+06
775 1.61926e+06
776 1.61927e+06
777 1.61932e+06
778 1.61932e+06
779 1.61934e+06
780 1.61942e+06
781 1.61951e+06
782 1.61956e+06
783 1.6196e+06
784 1.61966e+06
785 1.61969e+06
786 1.61974e+06
787 1.61988e+06
788 1.62001e+06
789 1.62008e+06
790 1.6201e+06
791 1.62015e+06
792 1.62018e+06
793 1.62028e+06
794 1.62038e+06
795 1.6204e+06
796 1.62043e+06
797 1.62043e+06
798 1.62048e+06
799 1.62052e+06
800 1.62052e+06
801 1.62053e+06
802 1.62058e+06
803 1.62061e+06
804 1.62065e+06
805 1.62073e+06
806 1.62073e+06
807 1.62077e+06
808 1.62081e+06
809 1.62083e+06
810 1.62089e+06
811 1.62091e+06
812 1.62096e+06
813 1.621e+06
814 1.6211e+06
815 1.62121e+06
816 1.62126e+06
817 1.62128e+06
818 1.62138e+06
819 1.6214e+06
820 1.6216e+06
821 1.62166e+06
822 1.62173e+06
823 1.62177e+06
824 1.62177e+06
825 1.62179e+06
826 1.62188e+06
827 1.62192e+06
828 1.62194e+06
829 1.62194e+06
830 1.622e+06
831 1.62213e+06
832 1.62227e+06
833 1.62235e+06
834 1.62239e+06
835 1.62241e+06
836 1.62242e+06
837 1.62247e+06
838 1.62248e+06
839 1.62257e+06
840 1.62263e+06
841 1.62271e+06
842 1.62276e+06
843 1.6228e+06
844 1.62285e+06
845 1.62292e+06
846 1.62298e+06
847 1.62299e+06
848 1.62304e+06
849 1.6231e+06
850 1.62316e+06
851 1.62327e+06
852 1.62332e+06
853 1.62343e+06
854 1.62352e+06
855 1.62355e+06
856 1.62359e+06
857 1.62364e+06
858 1.62372e+06
859 1.62382e+06
860 1.62389e+06
861 1.62391e+06
862 1.62397e+06
863 1.62404e+06
864 1.6241e+06
865 1.62416e+06
866 1.62423e+06
867 1.62423e+06
868 1.62423e+06
869 1.62434e+06
870 1.62441e+06
871 1.62447e+06
872 1.6245e+06
873 1.62453e+06
874 1.62462e+06
875 1.62479e+06
876 1.62484e+06
877 1.62484e+06
878 1.62484e+06
879 1.62484e+06
880 1.62488e+06
881 1.62496e+06
882 1.62509e+06
883 1.62514e+06
884 1.62524e+06
885 1.62532e+06
886 1.62534e+06
887 1.62541e+06
888 1.62544e+06
889 1.62544e+06
890 1.6255e+06
891 1.6255e+06
892 1.62553e+06
893 1.62557e+06
894 1.62566e+06
895 1.62571e+06
896 1.62578e+06
897 1.62581e+06
898 1.62585e+06
899 1.6259e+06
900 1.6259e+06
901 1.62595e+06
902 1.62598e+06
903 1.62603e+06
904 1.62603e+06
905 1.62604e+06
906 1.62609e+06
907 1.62612e+06
908 1.62617e+06
909 1.62618e+06
910 1.62625e+06
911 1.62634e+06
912 1.62641e+06
913 1.62643e+06
914 1.62648e+06
915 1.62659e+06
916 1.62668e+06
917 1.62673e+06
918 1.62677e+06
919 1.6269e+06
920 1.62702e+06
921 1.62702e+06
922 1.62707e+06
923 1.6271e+06
924 1.62713e+06
925 1.62713e+06
926 1.62716e+06
927 1.62723e+06
928 1.62735e+06
929 1.62749e+06
930 1.6275e+06
931 1.6275e+06
932 1.62754e+06
933 1.62759e+06
934 1.62759e+06
935 1.62764e+06
936 1.62769e+06
937 1.62772e+06
938 1.62772e+06
939 1.62776e+06
940 1.62778e+06
941 1.62784e+06
942 1.62784e+06
943 1.62788e+06
944 1.6279e+06
945 1.62793e+06
946 1.62797e+06
947 1.62808e+06
948 1.62809e+06
949 1.62827e+06
950 1.62828e+06
951 1.62844e+06
952 1.62855e+06
953 1.62863e+06
954 1.62864e+06
955 1.6287e+06
956 1.62874e+06
957 1.6288e+06
958 1.62894e+06
959 1.62901e+06
960 1.62907e+06
961 1.62914e+06
962 1.62916e+06
963 1.62927e+06
964 1.62927e+06
965 1.62934e+06
966 1.62939e+06
967 1.62945e+06
968 1.62948e+06
969 1.62953e+06
970 1.62955e+06
971 1.62955e+06
972 1.62967e+06
973 1.62974e+06
974 1.62977e+06
975 1.6298e+06
976 1.62984e+06
977 1.62984e+06
978 1.62992e+06
979 1.62992e+06
980 1.62997e+06
981 1.63e+06
982 1.63002e+06
983 1.63004e+06
984 1.63008e+06
985 1.63014e+06
986 1.63018e+06
987 1.63023e+06
988 1.63024e+06
989 1.63026e+06
990 1.63031e+06
991 1.63033e+06
992 1.63036e+06
993 1.63039e+06
994 1.63048e+06
995 1.63053e+06
996 1.63058e+06
997 1.63064e+06
998 1.6307e+06
999 1.63076e+06
1000 1.6308e+06
