128 0.3 0.27
0 156776
1 1.56776e+06
2 1.56783e+06
3 1.56805e+06
4 1.56819e+06
5 1.56821e+06
6 1.56833e+06
7 1.56839e+06
8 1.56847e+06
9 1.56859e+06
10 1.56874e+06
11 1.5688e+06
12 1.56882e+06
13 1.56891e+06
14 1.56895e+06
15 1.56899e+06
16 1.56902e+06
17 1.56911e+06
18 1.56924e+06
19 1.56943e+06
20 1.56952e+06
21 1.56962e+06
22 1.56968e+06
23 1.5697e+06
24 1.56976e+06
25 1.56989e+06
26 1.56996e+06
27 1.57012e+06
28 1.57018e+06
29 1.57023e+06
30 1.57033e+06
31 1.57042e+06
32 1.57047e+06
33 1.57048e+06
34 1.57054e+06
35 1.5706e+06
36 1.57065e+06
37 1.57076e+06
38 1.57079e+06
39 1.5708e+06
40 1.57088e+06
41 1.57089e+06
42 1.57093e+06
43 1.57105e+06
44 1.57109e+06
45 1.57119e+06
46 1.57127e+06
47 1.57129e+06
48 1.57148e+06
49 1.57155e+06
50 1.57163e+06
51 1.57175e+06
52 1.57185e+06
53 1.57197e+06
54 1.57201e+06
55 1.57209e+06
56 1.57216e+06
57 1.5722e+06
58 1.57231e+06
59 1.57238e+06
60 1.57248e+06
61 1.57255e+06
62 1.57264e+06
63 1.57271e+06
64 1.57285e+06
65 1.57301e+06
66 1.5731e+06
67 1.57313e+06
68 1.57318e+06
69 1.57324e+06
70 1.57333e+06
71 1.57345e+06
72 1.57358e+06
73 1.57372e+06
74 1.57382e+06
75 1.57391e+06
76 1.57401e+06
77 1.5741e+06
78 1.57419e+06
79 1.57429e+06
80 1.57431e+06
81 1.5744e+06
82 1.57452e+06
83 1.57458e+06
84 1.5746e+06
85 1.57468e+06
86 1.57473e+06
87 1.57486e+06
88 1.57492e+06
89 1.57516e+06
90 1.57526e+06
91 1.57531e+06
92 1.57543e+06
93 1.57554e+06
94 1.57563e+06
95 1.57572e+06
96 1.57592e+06
97 1.57603e+06
98 1.57606e+06
99 1.57609e+06
100 1.57621e+06
101 1.57631e+06
102 1.57648e+06
103 1.57654e+06
104 1.57668e+06
105 1.57675e+06
106 1.57681e+06
107 1.57684e+06
108 1.577e+06
109 1.57714e+06
110 1.57722e+06
111 1.57722e+06
112 1.57734e+06
113 1.57737e+06
114 1.57745e+06
115 1.57751e+06
116 1.5776e+06
117 1.57759e+06
118 1.57762e+06
119 1.5777e+06
120 1.57781e+06
121 1.57786e+06
122 1.57791e+06
123 1.57798e+06
124 1.578e+06
125 1.57814e+06
126 1.57822e+06
127 1.57826e+06
128 1.57835e+06
129 1.57854e+06
130 1.57858e+06
131 1.57881e+06
132 1.57883e+06
133 1.57891e+06
134 1.57913e+06
135 1.57924e+06
136 1.57938e+06
137 1.57948e+06
138 1.57958e+06
139 1.57963e+06
140 1.57973e+06
141 1.57988e+06
142 1.57993e+06
143 1.58001e+06
144 1.58009e+06
145 1.58012e+06
146 1.58018e+06
147 1.58021e+06
148 1.5803e+06
149 1.58056e+06
150 1.5806e+06
151 1.58067e+06
152 1.58082e+06
153 1.58091e+06
154 1.58096e+06
155 1.5811e+06
156 1.58122e+06
157 1.58126e+06
158 1.5813e+06
159 1.58134e+06
160 1.58137e+06
161 1.58147e+06
162 1.58153e+06
163 1.58164e+06
164 1.58172e+06
165 1.5819e+06
166 1.58196e+06
167 1.58206e+06
168 1.58214e+06
169 1.58226e+06
170 1.58234e+06
171 1.58241e+06
172 1.58251e+06
173 1.58255e+06
174 1.58265e+06
175 1.58273e+06
176 1.5828e+06
177 1.58286e+06
178 1.58302e+06
179 1.58319e+06
180 1.58329e+06
181 1.58332e+06
182 1.58336e+06
183 1.58346e+06
184 1.58355e+06
185 1.5836e+06
186 1.58368e+06
187 1.5837e+06
188 1.58387e+06
189 1.58392e+06
190 1.58398e+06
191 1.5841e+06
192 1.58416e+06
193 1.58426e+06
194 1.58429e+06
195 1.58435e+06
196 1.58438e+06
197 1.58445e+06
198 1.58449e+06
199 1.58451e+06
200 1.58462e+06
201 1.58467e+06
202 1.58476e+06
203 1.58478e+06
204 1.58481e+06
205 1.58485e+06
206 1.58495e+06
207 1.58502e+06
208 1.58508e+06
209 1.58514e+06
210 1.58521e+06
211 1.5853e+06
212 1.58531e+06
213 1.58536e+06
214 1.58545e+06
215 1.58551e+06
216 1.58557e+06
217 1.58567e+06
218 1.58572e+06
219 1.58575e+06
220 1.58577e+06
221 1.58588e+06
222 1.58598e+06
223 1.58609e+06
224 1.58614e+06
225 1.58625e+06
226 1.58627e+06
227 1.58629e+06
228 1.58643e+06
229 1.58649e+06
230 1.58659e+06
231 1.58664e+06
232 1.58666e+06
233 1.58672e+06
234 1.5868e+06
235 1.58683e+06
236 1.58684e+06
237 1.58693e+06
238 1.58705e+06
239 1.58709e+06
240 1.58713e+06
241 1.58723e+06
242 1.58731e+06
243 1.58737e+06
244 1.58749e+06
245 1.58758e+06
246 1.58763e+06
247 1.5878e+06
248 1.5879e+06
249 1.58793e+06
250 1.588e+06
251 1.58802e+06
252 1.58812e+06
253 1.58814e+06
254 1.58821e+06
255 1.58826e+06
256 1.58827e+06
257 1.58841e+06
258 1.58852e+06
259 1.58859e+06
260 1.58872e+06
261 1.58873e+06
262 1.58884e+06
263 1.58884e+06
264 1.58898e+06
265 1.58902e+06
266 1.58908e+06
267 1.5891e+06
268 1.58926e+06
269 1.58931e+06
270 1.58941e+06
271 1.58953e+06
272 1.58962e+06
273 1.58969e+06
274 1.58978e+06
275 1.58997e+06
276 1.5901e+06
277 1.5902e+06
278 1.59031e+06
279 1.59035e+06
280 1.59037e+06
281 1.59041e+06
282 1.5905e+06
283 1.59056e+06
284 1.5907e+06
285 1.59077e+06
286 1.59084e+06
287 1.59086e+06
288 1.59094e+06
289 1.59096e+06
290 1.591e+06
291 1.59107e+06
292 1.5911e+06
293 1.59116e+06
294 1.59121e+06
295 1.59125e+06
296 1.59129e+06
297 1.59138e+06
298 1.59142e+06
299 1.59146e+06
300 1.59149e+06
301 1.59157e+06
302 1.59161e+06
303 1.59166e+06
304 1.59167e+06
305 1.59179e+06
306 1.59184e+06
307 1.5919e+06
308 1.59193e+06
309 1.59207e+06
310 1.59218e+06
311 1.59231e+06
312 1.5924e+06
313 1.59243e+06
314 1.59245e+06
315 1.59251e+06
316 1.59257e+06
317 1.59259e+06
318 1.59266e+06
319 1.59274e+06
320 1.59279e+06
321 1.59284e+06
322 1.59293e+06
323 1.59297e+06
324 1.593e+06
325 1.59306e+06
326 1.59311e+06
327 1.59322e+06
328 1.59328e+06
329 1.59335e+06
330 1.5934e+06
331 1.59348e+06
332 1.59353e+06
333 1.59353e+06
334 1.59356e+06
335 1.59361e+06
336 1.59363e+06
337 1.59368e+06
338 1.59372e+06
339 1.59375e+06
340 1.59383e+06
341 1.5939e+06
342 1.59398e+06
343 1.59405e+06
344 1.59409e+06
345 1.59412e+06
346 1.59419e+06
347 1.59421e+06
348 1.59422e+06
349 1.59426e+06
350 1.59431e+06
351 1.5944e+06
352 1.59451e+06
353 1.59452e+06
354 1.59456e+06
355 1.59456e+06
356 1.59459e+06
357 1.59463e+06
358 1.59474e+06
359 1.59477e+06
360 1.59484e+06
361 1.59488e+06
362 1.59493e+06
363 1.59508e+06
364 1.59518e+06
365 1.59524e+06
366 1.59531e+06
367 1.59538e+06
368 1.59547e+06
369 1.59559e+06
370 1.59577e+06
371 1.59586e+06
372 1.5959e+06
373 1.59595e+06
374 1.59603e+06
375 1.59606e+06
376 1.59605e+06
377 1.59613e+06
378 1.59616e+06
379 1.59628e+06
380 1.59632e+06
381 1.59637e+06
382 1.59639e+06
383 1.5965e+06
384 1.59653e+06
385 1.59661e+06
386 1.59668e+06
387 1.59679e+06
388 1.59688e+06
389 1.59693e+06
390 1.59708e+06
391 1.59718e+06
392 1.59724e+06
393 1.59729e+06
394 1.59737e+06
395 1.59741e+06
396 1.59745e+06
397 1.59747e+06
398 1.59753e+06
399 1.59757e+06
400 1.59761e+06
401 1.59765e+06
402 1.59768e+06
403 1.59772e+06
404 1.5978e+06
405 1.59799e+06
406 1.59805e+06
407 1.5981e+06
408 1.59811e+06
409 1.59817e+06
410 1.59829e+06
411 1.59832e+06
412 1.59839e+06
413 1.59854e+06
414 1.59862e+06
415 1.59863e+06
416 1.59867e+06
417 1.59876e+06
418 1.59883e+06
419 1.59883e+06
420 1.59884e+06
421 1.59893e+06
422 1.59896e+06
423 1.59906e+06
424 1.59911e+06
425 1.59919e+06
426 1.59931e+06
427 1.59941e+06
428 1.59949e+06
429 1.59953e+06
430 1.59962e+06
431 1.59964e+06
432 1.59977e+06
433 1.59984e+06
434 1.59985e+06
435 1.5999e+06
436 1.60004e+06
437 1.60011e+06
438 1.60022e+06
439 1.60023e+06
440 1.6003e+06
441 1.60037e+06
442 1.60041e+06
443 1.60042e+06
444 1.60045e+06
445 1.60047e+06
446 1.60062e+06
447 1.60064e+06
448 1.60068e+06
449 1.60077e+06
450 1.60086e+06
451 1.60088e+06
452 1.60088e+06
453 1.60093e+06
454 1.60099e+06
455 1.601e+06
456 1.60105e+06
457 1.60108e+06
458 1.60118e+06
459 1.60122e+06
460 1.60123e+06
461 1.6013e+06
462 1.6013e+06
463 1.60141e+06
464 1.60142e+06
465 1.60148e+06
466 1.6015e+06
467 1.60159e+06
468 1.6017e+06
469 1.60176e+06
470 1.60181e+06
471 1.6019e+06
472 1.60204e+06
473 1.60215e+06
474 1.60218e+06
475 1.60231e+06
476 1.60239e+06
477 1.60245e+06
478 1.60252e+06
479 1.60258e+06
480 1.60262e+06
481 1.60267e+06
482 1.60272e+06
483 1.60278e+06
484 1.60285e+06
485 1.60291e+06
486 1.60301e+06
487 1.60304e+06
488 1.60309e+06
489 1.60319e+06
490 1.60322e+06
491 1.60331e+06
492 1.60332e+06
493 1.60345e+06
494 1.60356e+06
495 1.6036e+06
496 1.60362e+06
497 1.60365e+06
498 1.60383e+06
499 1.60384e+06
500 1.60394e+06
501 1.60401e+06
502 1.60406e+06
503 1.60408e+06
504 1.6041e+06
505 1.60417e+06
506 1.60419e+06
507 1.60422e+06
508 1.60427e+06
509 1.60431e+06
510 1.60442e+06
511 1.60452e+06
512 1.60462e+06
513 1.60464e+06
514 1.60468e+06
515 1.60481e+06
516 1.60492e+06
517 1.60496e+06
518 1.60501e+06
519 1.60507e+06
520 1.60516e+06
521 1.6053e+06
522 1.60531e+06
523 1.60533e+06
524 1.60536e+06
525 1.6054e+06
526 1.60545e+06
527 1.60552e+06
528 1.60556e+06
529 1.60558e+06
530 1.60567e+06
531 1.60575e+06
532 1.60576e+06
533 1.60579e+06
534 1.60581e+06
535 1.60583e+06
536 1.60596e+06
537 1.606e+06
538 1.6061e+06
539 1.60617e+06
540 1.60623e+06
541 1.60626e+06
542 1.60631e+06
543 1.60632e+06
544 1.60636e+06
545 1.60641e+06
546 1.60646e+06
547 1.60648e+06
548 1.60653e+06
549 1.6066e+06
550 1.60665e+06
551 1.6067e+06
552 1.60685e+06
553 1.60689e+06
554 1.607e+06
555 1.60708e+06
556 1.60712e+06
557 1.60712e+06
558 1.60717e+06
559 1.60721e+06
560 1.60728e+06
561 1.60734e+06
562 1.6074e+06
563 1.60751e+06
564 1.60753e+06
565 1.60757e+06
566 1.60763e+06
567 1.60768e+06
568 1.60771e+06
569 1.60772e+06
570 1.60777e+06
571 1.60786e+06
572 1.60794e+06
573 1.608e+06
574 1.60809e+06
575 1.60817e+06
576 1.60822e+06
577 1.6083e+06
578 1.60834e+06
579 1.60838e+06
580 1.60838e+06
581 1.60844e+06
582 1.60846e+06
583 1.60855e+06
584 1.60867e+06
585 1.60876e+06
586 1.60878e+06
587 1.60885e+06
588 1.60889e+06
589 1.60895e+06
590 1.60904e+06
591 1.60909e+06
592 1.60917e+06
593 1.60919e+06
594 1.60931e+06
595 1.60936e+06
596 1.6094e+06
597 1.60943e+06
598 1.60944e+06
599 1.60947e+06
600 1.6095e+06
601 1.60954e+06
602 1.6096e+06
603 1.60969e+06
604 1.60982e+06
605 1.60998e+06
606 1.61004e+06
607 1.61011e+06
608 1.61012e+06
609 1.61019e+06
610 1.61032e+06
611 1.6104e+06
612 1.61045e+06
613 1.61055e+06
614 1.61055e+06
615 1.61062e+06
616 1.61066e+06
617 1.61078e+06
618 1.61082e+06
619 1.61085e+06
620 1.61088e+06
621 1.61096e+06
622 1.61096e+06
623 1.61096e+06
624 1.6111e+06
625 1.61117e+06
626 1.61126e+06
627 1.61129e+06
628 1.61138e+06
629 1.61153e+06
630 1.61159e+06
631 1.61169e+06
632 1.61176e+06
633 1.6118e+06
634 1.6119e+06
635 1.6119e+06
636 1.61195e+06
637 1.61206e+06
638 1.61209e+06
639 1.61214e+06
640 1.61224e+06
641 1.61227e+06
642 1.61234e+06
643 1.61238e+06
644 1.61245e+06
645 1.61248e+06
646 1.61253e+06
647 1.61257e+06
648 1.61263e+06
649 1.61271e+06
650 1.61289e+06
651 1.61298e+06
652 1.61301e+06
653 1.61308e+06
654 1.61308e+06
655 1.61315e+06
656 1.6132e+06
657 1.61328e+06
658 1.61333e+06
659 1.61344e+06
660 1.61348e+06
661 1.61348e+06
662 1.61357e+06
663 1.61358e+06
664 1.6136e+06
665 1.61366e+06
666 1.61374e+06
667 1.61378e+06
668 1.61384e+06
669 1.6139e+06
670 1.61395e+06
671 1.61405e+06
672 1.61421e+06
673 1.61427e+06
674 1.61429e+06
675 1.61434e+06
676 1.61449e+06
677 1.61455e+06
678 1.61468e+06
679 1.61471e+06
680 1.61475e+06
681 1.61489e+06
682 1.61493e+06
683 1.61494e+06
684 1.61499e+06
685 1.61504e+06
686 1.6151e+06
687 1.61518e+06
688 1.61521e+06
689 1.61524e+06
690 1.61536e+06
691 1.61539e+06
692 1.61548e+06
693 1.61548e+06
694 1.61556e+06
695 1.61556e+06
696 1.61566e+06
697 1.6157e+06
698 1.61573e+06
699 1.6158e+06
700 1.61584e+06
701 1.6159e+06
702 1.61594e+06
703 1.61604e+06
704 1.61606e+06
705 1.61606e+06
706 1.61612e+06
707 1.61615e+06
708 1.6162e+06
709 1.6163e+06
710 1.61637e+06
711 1.61638e+06
712 1.61642e+06
713 1.61644e+06
714 1.61653e+06
715 1.61653e+06
716 1.61655e+06
717 1.61666e+06
718 1.61669e+06
719 1.61683e+06
720 1.61689e+06
721 1.61699e+06
722 1.61703e+06
723 1.6171e+06
724 1.61716e+06
725 1.61719e+06
726 1.61722e+06
727 1.61722e+06
728 1.61725e+06
729 1.61734e+06
730 1.61745e+06
731 1.61747e+06
732 1.61755e+06
733 1.6176e+06
734 1.61761e+06
735 1.61773e+06
736 1.61774e+06
737 1.61775e+06
738 1.61777e+06
739 1.61786e+06
740 1.61792e+06
741 1.61792e+06
742 1.61802e+06
743 1.61804e+06
744 1.61806e+06
745 1.61809e+06
746 1.61825e+06
747 1.61834e+06
748 1.61842e+06
749 1.61846e+06
750 1.61848e+06
751 1.6186e+06
752 1.61861e+06
753 1.61866e+06
754 1.6187e+06
755 1.6187e+06
756 1.61876e+06
757 1.6188e+06
758 1.61887e+06
759 1.6189e+06
760 1.61899e+06
761 1.61906e+06
762 1.61909e+06
763 1.61918e+06
764 1.6192e+06
765 1.61937e+06
766 1.61941e+06
767 1.61941e+06
768 1.61944e+06
769 1.6195e+06
770 1.61954e+06
771 1.61964e+06
772 1.6197e+06
773 1.61985e+06
774 1.61985e+06
775 1.61989e+06
776 1.61996e+06
777 1.62004e+06
778 1.62008e+06
779 1.62012e+06
780 1.62021e+06
781 1.62031e+06
782 1.62039e+06
783 1.6205e+06
784 1.62051e+06
785 1.62056e+06
786 1.62063e+06
787 1.62064e+06
788 1.62068e+06
789 1.62071e+06
790 1.62072e+06
791 1.62075e+06
792 1.62088e+06
793 1.62101e+06
794 1.62106e+06
795 1.62106e+06
796 1.6211e+06
797 1.62112e+06
798 1.62116e+06
799 1.62118e+06
800 1.62123e+06
801 1.62131e+06
802 1.62134e+06
803 1.62138e+06
804 1.62152e+06
805 1.62153e+06
806 1.6216e+06
807 1.6216e+06
808 1.62167e+06
809 1.62169e+06
810 1.62175e+06
811 1.62182e+06
812 1.62189e+06
813 1.62189e+06
814 1.62191e+06
815 1.62206e+06
816 1.62208e+06
817 1.62215e+06
818 1.62223e+06
819 1.62226e+06
820 1.62229e+06
821 1.62231e+06
822 1.62235e+06
823 1.62236e+06
824 1.62245e+06
825 1.62245e+06
826 1.62248e+06
827 1.62253e+06
828 1.62258e+06
829 1.62259e+06
830 1.62274e+06
831 1.62276e+06
832 1.62286e+06
833 1.62293e+06
834 1.62294e+06
835 1.62299e+06
836 1.6231e+06
837 1.6231e+06
838 1.62314e+06
839 1.62315e+06
840 1.62316e+06
841 1.62318e+06
842 1.62326e+06
843 1.62335e+06
844 1.62338e+06
845 1.62348e+06
846 1.62355e+06
847 1.62359e+06
848 1.62362e+06
849 1.62366e+06
850 1.62373e+06
851 1.62381e+06
852 1.62388e+06
853 1.62392e+06
854 1.62394e+06
855 1.62402e+06
856 1.62419e+06
857 1.6242e+06
858 1.62423e+06
859 1.62429e+06
860 1.62437e+06
861 1.62447e+06
862 1.6245e+06
863 1.62455e+06
864 1.62462e+06
865 1.62465e+06
866 1.62471e+06
867 1.6248e+06
868 1.62482e+06
869 1.62487e+06
870 1.62491e+06
871 1.62491e+06
872 1.62502e+06
873 1.62509e+06
874 1.62513e+06
875 1.62516e+06
876 1.62521e+06
877 1.62531e+06
878 1.62532e+06
879 1.62543e+06
880 1.62544e+06
881 1.62549e+06
882 1.62553e+06
883 1.62553e+06
884 1.62555e+06
885 1.6257e+06
886 1.62579e+06
887 1.62581e+06
888 1.62587e+06
889 1.62595e+06
890 1.62599e+06
891 1.62602e+06
892 1.62616e+06
893 1.62621e+06
894 1.62624e+06
895 1.62628e+06
896 1.62634e+06
897 1.62634e+06
898 1.62638e+06
899 1.62647e+06
900 1.62658e+06
901 1.62659e+06
902 1.62662e+06
903 1.62671e+06
904 1.62671e+06
905 1.62678e+06
906 1.62681e+06
907 1.62685e+06
908 1.6269e+06
909 1.62692e+06
910 1.62694e+06
911 1.627e+06
912 1.62712e+06
913 1.62712e+06
914 1.62714e+06
915 1.62718e+06
916 1.62723e+06
917 1.62727e+06
918 1.62735e+06
919 1.62744e+06
920 1.62756e+06
921 1.62759e+06
922 1.62762e+06
923 1.6277e+06
924 1.62773e+06
925 1.62775e+06
926 1.62778e+06
927 1.62781e+06
928 1.62782e+06
929 1.62782e+06
930 1.62788e+06
931 1.62788e+06
932 1.62796e+06
933 1.62802e+06
934 1.6281e+06
935 1.62812e+06
936 1.62832e+06
937 1.62833e+06
938 1.62837e+06
939 1.62843e+06
940 1.62844e+06
941 1.62856e+06
942 1.62866e+06
943 1.62869e+06
944 1.62874e+06
945 1.62887e+06
946 1.62892e+06
947 1.62896e+06
948 1.62896e+06
949 1.629e+06
950 1.62905e+06
951 1.62905e+06
952 1.62907e+06
953 1.62909e+06
954 1.62912e+06
955 1.62918e+06
956 1.62926e+06
957 1.62926e+06
958 1.6293e+06
959 1.62936e+06
960 1.62938e+06
961 1.62949e+06
962 1.62952e+06
963 1.62952e+06
964 1.62953e+06
965 1.62959e+06
966 1.62961e+06
967 1.62965e+06
968 1.62972e+06
969 1.62973e+06
970 1.62976e+06
971 1.62976e+06
972 1.62985e+06
973 1.62997e+06
974 1.63001e+06
975 1.63001e+06
976 1.63007e+06
977 1.63012e+06
978 1.63014e+06
979 1.63015e+06
980 1.63017e+06
981 1.63022e+06
982 1.63027e+06
983 1.63028e+06
984 1.63029e+06
985 1.63032e+06
986 1.63045e+06
987 1.63054e+06
988 1.63059e+06
989 1.63066e+06
990 1.63075e+06
991 1.63077e+06
992 1.63089e+06
993 1.63092e+06
994 1.63102e+06
995 1.6311e+06
996 1.63124e+06
997 1.63128e+06
998 1.63129e+06
999 1.63134e+06
1000 1.63141e+06
