128 0.3 0.411
0 156776
1 1.56782e+06
2 1.56797e+06
3 1.56819e+06
4 1.56822e+06
5 1.56828e+06
6 1.5683e+06
7 1.56834e+06
8 1.56839e+06
9 1.56842e+06
10 1.56861e+06
11 1.56882e+06
12 1.56891e+06
13 1.56895e+06
14 1.56897e+06
15 1.56902e+06
16 1.5691e+06
17 1.56916e+06
18 1.5692e+06
19 1.56942e+06
20 1.56944e+06
21 1.5695e+06
22 1.56952e+06
23 1.56968e+06
24 1.56978e+06
25 1.56988e+06
26 1.56999e+06
27 1.57003e+06
28 1.57028e+06
29 1.57036e+06
30 1.57047e+06
31 1.57057e+06
32 1.57068e+06
33 1.57075e+06
34 1.57084e+06
35 1.57084e+06
36 1.57095e+06
37 1.57098e+06
38 1.57108e+06
39 1.5711e+06
40 1.57112e+06
41 1.5712e+06
42 1.57124e+06
43 1.5713e+06
44 1.57139e+06
45 1.57147e+06
46 1.57161e+06
47 1.57164e+06
48 1.57169e+06
49 1.57181e+06
50 1.57185e+06
51 1.572e+06
52 1.57208e+06
53 1.57217e+06
54 1.57222e+06
55 1.57243e+06
56 1.5726e+06
57 1.57269e+06
58 1.57271e+06
59 1.57282e+06
60 1.57285e+06
61 1.57286e+06
62 1.57296e+06
63 1.57304e+06
64 1.57309e+06
65 1.57318e+06
66 1.57323e+06
67 1.57327e+06
68 1.57336e+06
69 1.57342e+06
70 1.57348e+06
71 1.57351e+06
72 1.57356e+06
73 1.57364e+06
74 1.57376e+06
75 1.57381e+06
76 1.57388e+06
77 1.57389e+06
78 1.57399e+06
79 1.57404e+06
80 1.57412e+06
81 1.57422e+06
82 1.57427e+06
83 1.57438e+06
84 1.57447e+06
85 1.57457e+06
86 1.57468e+06
87 1.57473e+06
88 1.57483e+06
89 1.5749e+06
90 1.57497e+06
91 1.5752e+06
92 1.5753e+06
93 1.57538e+06
94 1.57545e+06
95 1.57569e+06
96 1.57574e+06
97 1.57576e+06
98 1.5758e+06
99 1.57586e+06
100 1.57598e+06
101 1.57602e+06
102 1.57614e+06
103 1.5762e+06
104 1.57628e+06
105 1.57636e+06
106 1.57646e+06
107 1.57654e+06
108 1.57655e+06
109 1.57663e+06
110 1.57669e+06
111 1.57677e+06
112 1.57683e+06
113 1.57687e+06
114 1.57691e+06
115 1.57703e+06
116 1.57709e+06
117 1.57711e+06
118 1.57716e+06
119 1.57726e+06
120 1.57731e+06
121 1.57733e+06
122 1.57744e+06
123 1.57752e+06
124 1.57757e+06
125 1.5776e+06
126 1.57763e+06
127 1.57771e+06
128 1.57778e+06
129 1.5779e+06
130 1.57803e+06
131 1.57815e+06
132 1.57822e+06
133 1.57831e+06
134 1.57841e+06
135 1.57852e+06
136 1.57859e+06
137 1.57866e+06
138 1.57878e+06
139 1.57889e+06
140 1.579e+06
141 1.5791e+06
142 1.57912e+06
143 1.5792e+06
144 1.57927e+06
145 1.57928e+06
146 1.57935e+06
147 1.57947e+06
148 1.57953e+06
149 1.57958e+06
150 1.57971e+06
151 1.57976e+06
152 1.5799e+06
153 1.57999e+06
154 1.58006e+06
155 1.58009e+06
156 1.58016e+06
157 1.58025e+06
158 1.58038e+06
159 1.58042e+06
160 1.58056e+06
161 1.58064e+06
162 1.58066e+06
163 1.5807e+06
164 1.58073e+06
165 1.5809e+06
166 1.5809e+06
167 1.58091e+06
168 1.58098e+06
169 1.58104e+06
170 1.58116e+06
171 1.5812e+06
172 1.58124e+06
173 1.58141e+06
174 1.58153e+06
175 1.58167e+06
176 1.58173e+06
177 1.58184e+06
178 1.58192e+06
179 1.58198e+06
180 1.58207e+06
181 1.58212e+06
182 1.58217e+06
183 1.58222e+06
184 1.58224e+06
185 1.58227e+06
186 1.58238e+06
187 1.5824e+06
188 1.58245e+06
189 1.58256e+06
190 1.5826e+06
191 1.58269e+06
192 1.58287e+06
193 1.58294e+06
194 1.58302e+06
195 1.58312e+06
196 1.58326e+06
197 1.58337e+06
198 1.58346e+06
199 1.5835e+06
200 1.58359e+06
201 1.58369e+06
202 1.58375e+06
203 1.58378e+06
204 1.58383e+06
205 1.58393e+06
206 1.58397e+06
207 1.58402e+06
208 1.58411e+06
209 1.58418e+06
210 1.58429e+06
211 1.58437e+06
212 1.58449e+06
213 1.58456e+06
214 1.5847e+06
215 1.5848e+06
216 1.58489e+06
217 1.58494e+06
218 1.58501e+06
219 1.58502e+06
220 1.58508e+06
221 1.58511e+06
222 1.58515e+06
223 1.58526e+06
224 1.58531e+06
225 1.58535e+06
226 1.58541e+06
227 1.58548e+06
228 1.5855e+06
229 1.5856e+06
230 1.58563e+06
231 1.58569e+06
232 1.58573e+06
233 1.58577e+06
234 1.5859e+06
235 1.58599e+06
236 1.58611e+06
237 1.58623e+06
238 1.5863e+06
239 1.58639e+06
240 1.58646e+06
241 1.58656e+06
242 1.58667e+06
243 1.58674e+06
244 1.5868e+06
245 1.58685e+06
246 1.58693e+06
247 1.58708e+06
248 1.58715e+06
249 1.58724e+06
250 1.58724e+06
251 1.58732e+06
252 1.58736e+06
253 1.58746e+06
254 1.5875e+06
255 1.58764e+06
256 1.58775e+06
257 1.58786e+06
258 1.58789e+06
259 1.58796e+06
260 1.58805e+06
261 1.58812e+06
262 1.58823e+06
263 1.58826e+06
264 1.58836e+06
265 1.58843e+06
266 1.5885e+06
267 1.58855e+06
268 1.58872e+06
269 1.58888e+06
270 1.58893e+06
271 1.58903e+06
272 1.58908e+06
273 1.58918e+06
274 1.58926e+06
275 1.58927e+06
276 1.58937e+06
277 1.58942e+06
278 1.58944e+06
279 1.58947e+06
280 1.58963e+06
281 1.5897e+06
282 1.58976e+06
283 1.58976e+06
284 1.58982e+06
285 1.58986e+06
286 1.58996e+06
287 1.59005e+06
288 1.59006e+06
289 1.59011e+06
290 1.59017e+06
291 1.59026e+06
292 1.5903e+06
293 1.59034e+06
294 1.5904e+06
295 1.59053e+06
296 1.59057e+06
297 1.5907e+06
298 1.59083e+06
299 1.59096e+06
300 1.59101e+06
301 1.59106e+06
302 1.59113e+06
303 1.59117e+06
304 1.59131e+06
305 1.59141e+06
306 1.5915e+06
307 1.59156e+06
308 1.59166e+06
309 1.59177e+06
310 1.59185e+06
311 1.5919e+06
312 1.59198e+06
313 1.59202e+06
314 1.59203e+06
315 1.59211e+06
316 1.59215e+06
317 1.59226e+06
318 1.59234e+06
319 1.5924e+06
320 1.59254e+06
321 1.59261e+06
322 1.59264e+06
323 1.59269e+06
324 1.59276e+06
325 1.59277e+06
326 1.59278e+06
327 1.59286e+06
328 1.59287e+06
329 1.59294e+06
330 1.59309e+06
331 1.59318e+06
332 1.59326e+06
333 1.59331e+06
334 1.59333e+06
335 1.59344e+06
336 1.59351e+06
337 1.59366e+06
338 1.59368e+06
339 1.5937e+06
340 1.59371e+06
341 1.59389e+06
342 1.59393e+06
343 1.59394e+06
344 1.59398e+06
345 1.59407e+06
346 1.59414e+06
347 1.59428e+06
348 1.59439e+06
349 1.59443e+06
350 1.59452e+06
351 1.59462e+06
352 1.59468e+06
353 1.59471e+06
354 1.5948e+06
355 1.59489e+06
356 1.59491e+06
357 1.59503e+06
358 1.59508e+06
359 1.59525e+06
360 1.59531e+06
361 1.59536e+06
362 1.59555e+06
363 1.59556e+06
364 1.5956e+06
365 1.59568e+06
366 1.59573e+06
367 1.59579e+06
368 1.59589e+06
369 1.59597e+06
370 1.59602e+06
371 1.59602e+06
372 1.5961e+06
373 1.59613e+06
374 1.5962e+06
375 1.59627e+06
376 1.59634e+06
377 1.59634e+06
378 1.5965e+06
379 1.59652e+06
380 1.59664e+06
381 1.59668e+06
382 1.59685e+06
383 1.59688e+06
384 1.59695e+06
385 1.59703e+06
386 1.5971e+06
387 1.59714e+06
388 1.59731e+06
389 1.59738e+06
390 1.59745e+06
391 1.59746e+06
392 1.59747e+06
393 1.59757e+06
394 1.59756e+06
395 1.59762e+06
396 1.59768e+06
397 1.5977e+06
398 1.59775e+06
399 1.59785e+06
400 1.59796e+06
401 1.59798e+06
402 1.59807e+06
403 1.59813e+06
404 1.59816e+06
405 1.5982e+06
406 1.59821e+06
407 1.59826e+06
408 1.59829e+06
409 1.59836e+06
410 1.59849e+06
411 1.5985e+06
412 1.59862e+06
413 1.59869e+06
414 1.59869e+06
415 1.59878e+06
416 1.59885e+06
417 1.59888e+06
418 1.599e+06
419 1.59909e+06
420 1.59927e+06
421 1.5993e+06
422 1.59936e+06
423 1.59938e+06
424 1.59939e+06
425 1.59944e+06
426 1.59955e+06
427 1.5996e+06
428 1.59966e+06
429 1.59969e+06
430 1.59986e+06
431 1.59992e+06
432 1.60007e+06
433 1.60012e+06
434 1.6002e+06
435 1.60028e+06
436 1.60037e+06
437 1.60053e+06
438 1.6006e+06
439 1.60065e+06
440 1.60068e+06
441 1.60067e+06
442 1.60076e+06
443 1.60086e+06
444 1.60096e+06
445 1.60105e+06
446 1.6011e+06
447 1.60116e+06
448 1.60124e+06
449 1.60127e+06
450 1.60132e+06
451 1.60137e+06
452 1.60141e+06
453 1.60145e+06
454 1.6015e+06
455 1.6015e+06
456 1.60153e+06
457 1.60162e+06
458 1.60163e+06
459 1.60182e+06
460 1.60189e+06
461 1.60197e+06
462 1.60206e+06
463 1.6022e+06
464 1.60229e+06
465 1.60234e+06
466 1.60236e+06
467 1.6025e+06
468 1.60253e+06
469 1.60261e+06
470 1.60266e+06
471 1.60281e+06
472 1.60284e+06
473 1.60289e+06
474 1.60294e+06
475 1.60301e+06
476 1.60301e+06
477 1.60306e+06
478 1.60316e+06
479 1.60317e+06
480 1.60324e+06
481 1.60334e+06
482 1.60342e+06
483 1.60359e+06
484 1.60369e+06
485 1.60374e+06
486 1.60378e+06
487 1.6038e+06
488 1.60386e+06
489 1.60391e+06
490 1.60393e+06
491 1.60408e+06
492 1.60418e+06
493 1.60422e+06
494 1.60421e+06
495 1.60423e+06
496 1.60429e+06
497 1.60437e+06
498 1.60446e+06
499 1.60449e+06
500 1.60471e+06
501 1.60479e+06
502 1.6048e+06
503 1.60482e+06
504 1.60485e+06
505 1.60485e+06
506 1.60486e+06
507 1.60497e+06
508 1.60502e+06
509 1.60504e+06
510 1.60511e+06
511 1.60517e+06
512 1.60522e+06
513 1.6053e+06
514 1.60542e+06
515 1.60556e+06
516 1.60565e+06
517 1.60582e+06
518 1.60584e+06
519 1.60594e+06
520 1.60602e+06
521 1.60608e+06
522 1.60619e+06
523 1.60622e+06
524 1.60634e+06
525 1.60635e+06
526 1.60635e+06
527 1.60642e+06
528 1.60646e+06
529 1.60648e+06
530 1.60658e+06
531 1.60666e+06
532 1.60667e+06
533 1.60672e+06
534 1.60683e+06
535 1.60685e+06
536 1.6069e+06
537 1.60693e+06
538 1.60697e+06
539 1.60704e+06
540 1.60709e+06
541 1.60718e+06
542 1.60722e+06
543 1.60727e+06
544 1.60732e+06
545 1.60736e+06
546 1.60742e+06
547 1.60747e+06
548 1.60749e+06
549 1.60754e+06
550 1.60759e+06
551 1.60774e+06
552 1.60785e+06
553 1.60797e+06
554 1.60797e+06
555 1.608e+06
556 1.60802e+06
557 1.60817e+06
558 1.60818e+06
559 1.60822e+06
560 1.60825e+06
561 1.60834e+06
562 1.60841e+06
563 1.60847e+06
564 1.60858e+06
565 1.60868e+06
566 1.60876e+06
567 1.60884e+06
568 1.60885e+06
569 1.60896e+06
570 1.60906e+06
571 1.60915e+06
572 1.60932e+06
573 1.60933e+06
574 1.6094e+06
575 1.60944e+06
576 1.6095e+06
577 1.60953e+06
578 1.6096e+06
579 1.6097e+06
580 1.60972e+06
581 1.60974e+06
582 1.60978e+06
583 1.60988e+06
584 1.60991e+06
585 1.60996e+06
586 1.61004e+06
587 1.61016e+06
588 1.61017e+06
589 1.61017e+06
590 1.61036e+06
591 1.61036e+06
592 1.61036e+06
593 1.61047e+06
594 1.61055e+06
595 1.61066e+06
596 1.61067e+06
597 1.61075e+06
598 1.61076e+06
599 1.61082e+06
600 1.61086e+06
601 1.61088e+06
602 1.61088e+06
603 1.61094e+06
604 1.61112e+06
605 1.61118e+06
606 1.61119e+06
607 1.61127e+06
608 1.61133e+06
609 1.61142e+06
610 1.61143e+06
611 1.61146e+06
612 1.61152e+06
613 1.61158e+06
614 1.61159e+06
615 1.61163e+06
616 1.61167e+06
617 1.61172e+06
618 1.61174e+06
619 1.61175e+06
620 1.61176e+06
621 1.61188e+06
622 1.61186e+06
623 1.61196e+06
624 1.61203e+06
625 1.61211e+06
626 1.61212e+06
627 1.6122e+06
628 1.61221e+06
629 1.61229e+06
630 1.61232e+06
631 1.61238e+06
632 1.61238e+06
633 1.61238e+06
634 1.61241e+06
635 1.61246e+06
636 1.61252e+06
637 1.61253e+06
638 1.61264e+06
639 1.61268e+06
640 1.61272e+06
641 1.6128e+06
642 1.61282e+06
643 1.61288e+06
644 1.61293e+06
645 1.61302e+06
646 1.61309e+06
647 1.61314e+06
648 1.61318e+06
649 1.61324e+06
650 1.6133e+06
651 1.61341e+06
652 1.61345e+06
653 1.61361e+06
654 1.61361e+06
655 1.61376e+06
656 1.61382e+06
657 1.61386e+06
658 1.61389e+06
659 1.61389e+06
660 1.6139e+06
661 1.61399e+06
662 1.61406e+06
663 1.61411e+06
664 1.61411e+06
665 1.61419e+06
666 1.61425e+06
667 1.6143e+06
668 1.61432e+06
669 1.61441e+06
670 1.61444e+06
671 1.61462e+06
672 1.61473e+06
673 1.61484e+06
674 1.61491e+06
675 1.61493e+06
676 1.61494e+06
677 1.61498e+06
678 1.61504e+06
679 1.61506e+06
680 1.61515e+06
681 1.61516e+06
682 1.61521e+06
683 1.61522e+06
684 1.61523e+06
685 1.61535e+06
686 1.61541e+06
687 1.6155e+06
688 1.61558e+06
689 1.6156e+06
690 1.61567e+06
691 1.6157e+06
692 1.61579e+06
693 1.61582e+06
694 1.61584e+06
695 1.61588e+06
696 1.61591e+06
697 1.61597e+06
698 1.61599e+06
699 1.61606e+06
700 1.61608e+06
701 1.61625e+06
702 1.6163e+06
703 1.6164e+06
704 1.61651e+06
705 1.61664e+06
706 1.61666e+06
707 1.61673e+06
708 1.61683e+06
709 1.6169e+06
710 1.61699e+06
711 1.61704e+06
712 1.61718e+06
713 1.61724e+06
714 1.61729e+06
715 1.6173e+06
716 1.61732e+06
717 1.61737e+06
718 1.61742e+06
719 1.61752e+06
720 1.61756e+06
721 1.61759e+06
722 1.61769e+06
723 1.61776e+06
724 1.61779e+06
725 1.61783e+06
726 1.61783e+06
727 1.61787e+06
728 1.61801e+06
729 1.61801e+06
730 1.61806e+06
731 1.61811e+06
732 1.61824e+06
733 1.61828e+06
734 1.61829e+06
735 1.61833e+06
736 1.61834e+06
737 1.61846e+06
738 1.61854e+06
739 1.61861e+06
740 1.61865e+06
741 1.61866e+06
742 1.6187e+06
743 1.61875e+06
744 1.61877e+06
745 1.61888e+06
746 1.61892e+06
747 1.61898e+06
748 1.61898e+06
749 1.6191e+06
750 1.61921e+06
751 1.61931e+06
752 1.61935e+06
753 1.61938e+06
754 1.61944e+06
755 1.61948e+06
756 1.61952e+06
757 1.61959e+06
758 1.61959e+06
759 1.61964e+06
760 1.6197e+06
761 1.61975e+06
762 1.61984e+06
763 1.61989e+06
764 1.6199e+06
765 1.6199e+06
766 1.62e+06
767 1.62005e+06
768 1.6201e+06
769 1.62012e+06
770 1.62016e+06
771 1.6202e+06
772 1.62029e+06
773 1.62032e+06
774 1.62033e+06
775 1.62038e+06
776 1.62043e+06
777 1.62044e+06
778 1.62044e+06
779 1.62049e+06
780 1.62053e+06
781 1.62055e+06
782 1.62058e+06
783 1.62072e+06
784 1.62075e+06
785 1.62075e+06
786 1.62083e+06
787 1.6209e+06
788 1.62092e+06
789 1.62108e+06
790 1.62111e+06
791 1.62118e+06
792 1.62125e+06
793 1.6213e+06
794 1.6214e+06
795 1.6214e+06
796 1.62142e+06
797 1.62151e+06
798 1.62153e+06
799 1.62158e+06
800 1.62169e+06
801 1.62172e+06
802 1.6218e+06
803 1.6219e+06
804 1.62198e+06
805 1.62198e+06
806 1.6221e+06
807 1.62218e+06
808 1.62221e+06
809 1.62226e+06
810 1.62233e+06
811 1.62239e+06
812 1.62244e+06
813 1.62246e+06
814 1.62252e+06
815 1.62256e+06
816 1.62262e+06
817 1.62266e+06
818 1.62276e+06
819 1.62283e+06
820 1.62292e+06
821 1.623e+06
822 1.62303e+06
823 1.62305e+06
824 1.62314e+06
825 1.62314e+06
826 1.62321e+06
827 1.62326e+06
828 1.62331e+06
829 1.62333e+06
830 1.6234e+06
831 1.62346e+06
832 1.62348e+06
833 1.62358e+06
834 1.62362e+06
835 1.62362e+06
836 1.62364e+06
837 1.62376e+06
838 1.62382e+06
839 1.62387e+06
840 1.62393e+06
841 1.62398e+06
842 1.6241e+06
843 1.62412e+06
844 1.62414e+06
845 1.62421e+06
846 1.62427e+06
847 1.62436e+06
848 1.62447e+06
849 1.62454e+06
850 1.62457e+06
851 1.62464e+06
852 1.62475e+06
853 1.62476e+06
854 1.62479e+06
855 1.62484e+06
856 1.62492e+06
857 1.625e+06
858 1.62502e+06
859 1.62501e+06
860 1.62504e+06
861 1.62509e+06
862 1.6251e+06
863 1.62522e+06
864 1.62522e+06
865 1.62526e+06
866 1.62529e+06
867 1.62529e+06
868 1.62536e+06
869 1.62537e+06
870 1.62544e+06
871 1.62547e+06
872 1.62551e+06
873 1.62552e+06
874 1.62558e+06
875 1.6256e+06
876 1.6258e+06
877 1.6258e+06
878 1.62581e+06
879 1.62582e+06
880 1.62583e+06
881 1.6259e+06
882 1.62593e+06
883 1.626e+06
884 1.62602e+06
885 1.62602e+06
886 1.62607e+06
887 1.62611e+06
888 1.62615e+06
889 1.62621e+06
890 1.62625e+06
891 1.62633e+06
892 1.62633e+06
893 1.62638e+06
894 1.62639e+06
895 1.62643e+06
896 1.62646e+06
897 1.62648e+06
898 1.62653e+06
899 1.62654e+06
900 1.6266e+06
901 1.6266e+06
902 1.62667e+06
903 1.6267e+06
904 1.62675e+06
905 1.62675e+06
906 1.62692e+06
907 1.627e+06
908 1.62704e+06
909 1.62707e+06
910 1.62708e+06
911 1.62714e+06
912 1.62718e+06
913 1.62724e+06
914 1.62731e+06
915 1.62736e+06
916 1.62742e+06
917 1.62742e+06
918 1.62746e+06
919 1.62748e+06
920 1.6276e+06
921 1.62764e+06
922 1.62773e+06
923 1.6278e+06
924 1.62786e+06
925 1.62791e+06
926 1.628e+06
927 1.62802e+06
928 1.62806e+06
929 1.62812e+06
930 1.62818e+06
931 1.6282e+06
932 1.6282e+06
933 1.62826e+06
934 1.62827e+06
935 1.62834e+06
936 1.62838e+06
937 1.62841e+06
938 1.62847e+06
939 1.62856e+06
940 1.6286e+06
941 1.62869e+06
942 1.62876e+06
943 1.62881e+06
944 1.62882e+06
945 1.62886e+06
946 1.62891e+06
947 1.62893e+06
948 1.62898e+06
949 1.62905e+06
950 1.62914e+06
951 1.62935e+06
952 1.62938e+06
953 1.62945e+06
954 1.6295e+06
955 1.62953e+06
956 1.62954e+06
957 1.6296e+06
958 1.62962e+06
959 1.62967e+06
960 1.62976e+06
961 1.6298e+06
962 1.62981e+06
963 1.62986e+06
964 1.62993e+06
965 1.62999e+06
966 1.63007e+06
967 1.63012e+06
968 1.63016e+06
969 1.63025e+06
970 1.63031e+06
971 1.63034e+06
972 1.63034e+06
973 1.63036e+06
974 1.63045e+06
975 1.63046e+06
976 1.63049e+06
977 1.63051e+06
978 1.63061e+06
979 1.63065e+06
980 1.63072e+06
981 1.63072e+06
982 1.63074e+06
983 1.63085e+06
984 1.63086e+06
985 1.63087e+06
986 1.6309e+06
987 1.63094e+06
988 1.63098e+06
989 1.63103e+06
990 1.63107e+06
991 1.63115e+06
992 1.63116e+06
993 1.63118e+06
994 1.6312e+06
995 1.63126e+06
996 1.6313e+06
997 1.63134e+06
998 1.63142e+06
999 1.63149e+06
1000 1.6315e+06
