128 0.3 0.359
0 156776
1 1.56782e+06
2 1.56797e+06
3 1.56819e+06
4 1.56822e+06
5 1.56828e+06
6 1.5683e+06
7 1.56834e+06
8 1.56839e+06
9 1.56842e+06
10 1.56861e+06
11 1.56882e+06
12 1.5689e+06
13 1.56894e+06
14 1.56896e+06
15 1.56902e+06
16 1.56909e+06
17 1.56915e+06
18 1.56919e+06
19 1.56941e+06
20 1.56943e+06
21 1.5695e+06
22 1.56951e+06
23 1.56967e+06
24 1.56976e+06
25 1.56985e+06
26 1.56995e+06
27 1.56999e+06
28 1.57022e+06
29 1.5703e+06
30 1.57038e+06
31 1.57045e+06
32 1.57054e+06
33 1.57061e+06
34 1.5707e+06
35 1.57071e+06
36 1.57084e+06
37 1.57087e+06
38 1.57095e+06
39 1.57098e+06
40 1.57099e+06
41 1.57107e+06
42 1.57114e+06
43 1.5712e+06
44 1.57125e+06
45 1.57132e+06
46 1.57144e+06
47 1.57147e+06
48 1.5715e+06
49 1.57165e+06
50 1.57168e+06
51 1.57183e+06
52 1.57191e+06
53 1.57203e+06
54 1.57209e+06
55 1.57228e+06
56 1.57247e+06
57 1.5726e+06
58 1.57262e+06
59 1.57272e+06
60 1.57275e+06
61 1.57278e+06
62 1.57291e+06
63 1.57297e+06
64 1.57305e+06
65 1.57314e+06
66 1.57319e+06
67 1.57323e+06
68 1.57336e+06
69 1.57342e+06
70 1.57348e+06
71 1.5735e+06
72 1.57355e+06
73 1.57366e+06
74 1.57378e+06
75 1.57381e+06
76 1.57388e+06
77 1.57389e+06
78 1.57396e+06
79 1.574e+06
80 1.57408e+06
81 1.57417e+06
82 1.57422e+06
83 1.5743e+06
84 1.57442e+06
85 1.57455e+06
86 1.57466e+06
87 1.57474e+06
88 1.57488e+06
89 1.57493e+06
90 1.575e+06
91 1.57516e+06
92 1.57529e+06
93 1.57544e+06
94 1.5755e+06
95 1.57576e+06
96 1.57583e+06
97 1.57585e+06
98 1.57589e+06
99 1.57598e+06
100 1.57604e+06
101 1.57609e+06
102 1.57622e+06
103 1.57629e+06
104 1.57637e+06
105 1.57644e+06
106 1.57653e+06
107 1.57658e+06
108 1.57658e+06
109 1.57664e+06
110 1.57669e+06
111 1.5768e+06
112 1.57686e+06
113 1.5769e+06
114 1.57697e+06
115 1.57711e+06
116 1.57719e+06
117 1.57724e+06
118 1.57731e+06
119 1.57738e+06
120 1.57742e+06
121 1.57744e+06
122 1.57754e+06
123 1.57763e+06
124 1.57768e+06
125 1.57773e+06
126 1.57779e+06
127 1.57787e+06
128 1.578e+06
129 1.57811e+06
130 1.57834e+06
131 1.57843e+06
132 1.57848e+06
133 1.57858e+06
134 1.57868e+06
135 1.57876e+06
136 1.57879e+06
137 1.57888e+06
138 1.57905e+06
139 1.57921e+06
140 1.57932e+06
141 1.5794e+06
142 1.57945e+06
143 1.57951e+06
144 1.57952e+06
145 1.57956e+06
146 1.57961e+06
147 1.57972e+06
148 1.57984e+06
149 1.57987e+06
150 1.58004e+06
151 1.58007e+06
152 1.58018e+06
153 1.58018e+06
154 1.58031e+06
155 1.58039e+06
156 1.58046e+06
157 1.58056e+06
158 1.5806e+06
159 1.58084e+06
160 1.58097e+06
161 1.581e+06
162 1.58102e+06
163 1.58103e+06
164 1.58107e+06
165 1.58129e+06
166 1.58131e+06
167 1.58134e+06
168 1.58143e+06
169 1.58148e+06
170 1.58156e+06
171 1.5816e+06
172 1.58174e+06
173 1.58189e+06
174 1.58194e+06
175 1.58208e+06
176 1.5821e+06
177 1.58226e+06
178 1.58231e+06
179 1.58234e+06
180 1.58246e+06
181 1.58253e+06
182 1.58262e+06
183 1.5828e+06
184 1.58286e+06
185 1.58296e+06
186 1.58301e+06
187 1.58308e+06
188 1.58311e+06
189 1.5832e+06
190 1.58326e+06
191 1.58338e+06
192 1.58354e+06
193 1.58364e+06
194 1.58378e+06
195 1.5839e+06
196 1.58405e+06
197 1.58415e+06
198 1.58422e+06
199 1.58427e+06
200 1.58429e+06
201 1.58439e+06
202 1.58445e+06
203 1.58453e+06
204 1.58461e+06
205 1.5848e+06
206 1.58488e+06
207 1.58491e+06
208 1.58507e+06
209 1.5851e+06
210 1.58523e+06
211 1.58531e+06
212 1.5855e+06
213 1.58556e+06
214 1.58568e+06
215 1.58575e+06
216 1.5859e+06
217 1.58601e+06
218 1.58614e+06
219 1.5862e+06
220 1.58632e+06
221 1.58638e+06
222 1.58652e+06
223 1.58669e+06
224 1.58669e+06
225 1.5867e+06
226 1.58672e+06
227 1.58681e+06
228 1.58695e+06
229 1.58699e+06
230 1.58699e+06
231 1.58704e+06
232 1.58708e+06
233 1.58719e+06
234 1.58733e+06
235 1.58738e+06
236 1.58749e+06
237 1.58764e+06
238 1.58776e+06
239 1.58781e+06
240 1.58785e+06
241 1.58795e+06
242 1.58801e+06
243 1.58819e+06
244 1.58821e+06
245 1.58828e+06
246 1.58841e+06
247 1.58855e+06
248 1.58864e+06
249 1.58864e+06
250 1.58872e+06
251 1.58873e+06
252 1.5888e+06
253 1.58888e+06
254 1.58901e+06
255 1.5892e+06
256 1.5893e+06
257 1.58938e+06
258 1.58939e+06
259 1.58951e+06
260 1.58954e+06
261 1.58962e+06
262 1.58975e+06
263 1.5898e+06
264 1.58988e+06
265 1.58996e+06
266 1.59004e+06
267 1.59011e+06
268 1.59032e+06
269 1.59037e+06
270 1.59043e+06
271 1.59058e+06
272 1.59069e+06
273 1.59079e+06
274 1.59087e+06
275 1.59093e+06
276 1.59105e+06
277 1.59108e+06
278 1.59114e+06
279 1.5912e+06
280 1.5914e+06
281 1.59151e+06
282 1.59157e+06
283 1.5916e+06
284 1.59167e+06
285 1.59171e+06
286 1.59181e+06
287 1.59191e+06
288 1.59192e+06
289 1.59196e+06
290 1.59205e+06
291 1.5921e+06
292 1.59219e+06
293 1.59232e+06
294 1.59237e+06
295 1.59244e+06
296 1.59253e+06
297 1.59262e+06
298 1.59268e+06
299 1.59279e+06
300 1.59284e+06
301 1.59294e+06
302 1.59303e+06
303 1.59307e+06
304 1.59316e+06
305 1.59329e+06
306 1.59332e+06
307 1.59333e+06
308 1.5934e+06
309 1.59353e+06
310 1.59363e+06
311 1.59368e+06
312 1.59373e+06
313 1.59382e+06
314 1.59383e+06
315 1.59391e+06
316 1.59395e+06
317 1.594e+06
318 1.59405e+06
319 1.5941e+06
320 1.5942e+06
321 1.59429e+06
322 1.59431e+06
323 1.5944e+06
324 1.5945e+06
325 1.59452e+06
326 1.59458e+06
327 1.59465e+06
328 1.59466e+06
329 1.59472e+06
330 1.59488e+06
331 1.59496e+06
332 1.59501e+06
333 1.59505e+06
334 1.5951e+06
335 1.59511e+06
336 1.59525e+06
337 1.59538e+06
338 1.59546e+06
339 1.59551e+06
340 1.59552e+06
341 1.59572e+06
342 1.59575e+06
343 1.59577e+06
344 1.5958e+06
345 1.59587e+06
346 1.59594e+06
347 1.59612e+06
348 1.59615e+06
349 1.59617e+06
350 1.59628e+06
351 1.59638e+06
352 1.59643e+06
353 1.59647e+06
354 1.59654e+06
355 1.59655e+06
356 1.59656e+06
357 1.59668e+06
358 1.59676e+06
359 1.5969e+06
360 1.597e+06
361 1.59704e+06
362 1.5972e+06
363 1.59724e+06
364 1.59728e+06
365 1.59739e+06
366 1.59745e+06
367 1.59753e+06
368 1.59761e+06
369 1.59763e+06
370 1.59765e+06
371 1.59765e+06
372 1.5977e+06
373 1.59772e+06
374 1.5978e+06
375 1.59789e+06
376 1.59797e+06
377 1.59799e+06
378 1.59817e+06
379 1.59816e+06
380 1.59818e+06
381 1.59823e+06
382 1.59837e+06
383 1.59839e+06
384 1.59839e+06
385 1.59844e+06
386 1.59852e+06
387 1.59856e+06
388 1.59864e+06
389 1.59868e+06
390 1.59878e+06
391 1.59885e+06
392 1.59886e+06
393 1.59891e+06
394 1.59896e+06
395 1.59897e+06
396 1.59897e+06
397 1.59906e+06
398 1.5991e+06
399 1.59917e+06
400 1.59927e+06
401 1.59933e+06
402 1.59941e+06
403 1.59945e+06
404 1.59951e+06
405 1.59952e+06
406 1.59953e+06
407 1.59957e+06
408 1.59958e+06
409 1.59961e+06
410 1.59962e+06
411 1.5997e+06
412 1.59975e+06
413 1.59991e+06
414 1.59991e+06
415 1.6e+06
416 1.60008e+06
417 1.60009e+06
418 1.60017e+06
419 1.60021e+06
420 1.6003e+06
421 1.60035e+06
422 1.60038e+06
423 1.60039e+06
424 1.60047e+06
425 1.60062e+06
426 1.6007e+06
427 1.60071e+06
428 1.60076e+06
429 1.60077e+06
430 1.60078e+06
431 1.60085e+06
432 1.60102e+06
433 1.60104e+06
434 1.60109e+06
435 1.60115e+06
436 1.60118e+06
437 1.60126e+06
438 1.60128e+06
439 1.6013e+06
440 1.60133e+06
441 1.60136e+06
442 1.60147e+06
443 1.60157e+06
444 1.60162e+06
445 1.60171e+06
446 1.60174e+06
447 1.60182e+06
448 1.60184e+06
449 1.60186e+06
450 1.60192e+06
451 1.60198e+06
452 1.60204e+06
453 1.60205e+06
454 1.60208e+06
455 1.60213e+06
456 1.60219e+06
457 1.60232e+06
458 1.60234e+06
459 1.6025e+06
460 1.60256e+06
461 1.60257e+06
462 1.60265e+06
463 1.60279e+06
464 1.60281e+06
465 1.60285e+06
466 1.60292e+06
467 1.603e+06
468 1.60306e+06
469 1.60314e+06
470 1.60319e+06
471 1.60322e+06
472 1.60332e+06
473 1.60336e+06
474 1.60346e+06
475 1.60352e+06
476 1.60354e+06
477 1.60367e+06
478 1.6037e+06
479 1.60374e+06
480 1.60384e+06
481 1.60396e+06
482 1.604e+06
483 1.60409e+06
484 1.6041e+06
485 1.60419e+06
486 1.6042e+06
487 1.60421e+06
488 1.60432e+06
489 1.60452e+06
490 1.60457e+06
491 1.60466e+06
492 1.60478e+06
493 1.6048e+06
494 1.60484e+06
495 1.60484e+06
496 1.6049e+06
497 1.60491e+06
498 1.60497e+06
499 1.60506e+06
500 1.60515e+06
501 1.60519e+06
502 1.60524e+06
503 1.6053e+06
504 1.60532e+06
505 1.60533e+06
506 1.60535e+06
507 1.60549e+06
508 1.60555e+06
509 1.60566e+06
510 1.60568e+06
511 1.60574e+06
512 1.60583e+06
513 1.60587e+06
514 1.606e+06
515 1.6061e+06
516 1.60616e+06
517 1.60626e+06
518 1.60626e+06
519 1.60633e+06
520 1.60635e+06
521 1.60636e+06
522 1.60643e+06
523 1.60645e+06
524 1.6066e+06
525 1.60665e+06
526 1.6067e+06
527 1.60678e+06
528 1.60686e+06
529 1.60691e+06
530 1.607e+06
531 1.60703e+06
532 1.60709e+06
533 1.60715e+06
534 1.60725e+06
535 1.60729e+06
536 1.60732e+06
537 1.60733e+06
538 1.60736e+06
539 1.60742e+06
540 1.60745e+06
541 1.60749e+06
542 1.60758e+06
543 1.60762e+06
544 1.60772e+06
545 1.60776e+06
546 1.60784e+06
547 1.60795e+06
548 1.60799e+06
549 1.60806e+06
550 1.60808e+06
551 1.60813e+06
552 1.60818e+06
553 1.6083e+06
554 1.6083e+06
555 1.60839e+06
556 1.60848e+06
557 1.6086e+06
558 1.60861e+06
559 1.60872e+06
560 1.60873e+06
561 1.60878e+06
562 1.6088e+06
563 1.60884e+06
564 1.60895e+06
565 1.60899e+06
566 1.60906e+06
567 1.60916e+06
568 1.60918e+06
569 1.60919e+06
570 1.60922e+06
571 1.60933e+06
572 1.60944e+06
573 1.60945e+06
574 1.60952e+06
575 1.60956e+06
576 1.6096e+06
577 1.60964e+06
578 1.60966e+06
579 1.60977e+06
580 1.60982e+06
581 1.60989e+06
582 1.60996e+06
583 1.61006e+06
584 1.61011e+06
585 1.61014e+06
586 1.61024e+06
587 1.61042e+06
588 1.61046e+06
589 1.61046e+06
590 1.61052e+06
591 1.61061e+06
592 1.61062e+06
593 1.61066e+06
594 1.61076e+06
595 1.6108e+06
596 1.6108e+06
597 1.61087e+06
598 1.61089e+06
599 1.61098e+06
600 1.61099e+06
601 1.61105e+06
602 1.61106e+06
603 1.61106e+06
604 1.61111e+06
605 1.61116e+06
606 1.61122e+06
607 1.61131e+06
608 1.6114e+06
609 1.6115e+06
610 1.6115e+06
611 1.61154e+06
612 1.61158e+06
613 1.61159e+06
614 1.61167e+06
615 1.61173e+06
616 1.61174e+06
617 1.6118e+06
618 1.61182e+06
619 1.61183e+06
620 1.61187e+06
621 1.61194e+06
622 1.61198e+06
623 1.6121e+06
624 1.61219e+06
625 1.61222e+06
626 1.61229e+06
627 1.61234e+06
628 1.61234e+06
629 1.6124e+06
630 1.6125e+06
631 1.61257e+06
632 1.61269e+06
633 1.61278e+06
634 1.61281e+06
635 1.61283e+06
636 1.61287e+06
637 1.61287e+06
638 1.61294e+06
639 1.61295e+06
640 1.613e+06
641 1.61311e+06
642 1.61311e+06
643 1.61316e+06
644 1.61329e+06
645 1.61335e+06
646 1.6134e+06
647 1.61344e+06
648 1.61355e+06
649 1.61359e+06
650 1.61367e+06
651 1.61378e+06
652 1.61382e+06
653 1.61394e+06
654 1.61394e+06
655 1.61401e+06
656 1.61401e+06
657 1.61406e+06
658 1.61416e+06
659 1.61417e+06
660 1.61421e+06
661 1.61429e+06
662 1.61434e+06
663 1.61442e+06
664 1.61442e+06
665 1.61443e+06
666 1.61448e+06
667 1.61453e+06
668 1.61454e+06
669 1.61462e+06
670 1.6147e+06
671 1.6148e+06
672 1.61493e+06
673 1.61505e+06
674 1.61513e+06
675 1.61525e+06
676 1.61524e+06
677 1.61532e+06
678 1.61531e+06
679 1.61536e+06
680 1.61541e+06
681 1.61542e+06
682 1.61544e+06
683 1.61545e+06
684 1.61545e+06
685 1.6156e+06
686 1.61565e+06
687 1.61574e+06
688 1.61575e+06
689 1.61577e+06
690 1.61586e+06
691 1.61586e+06
692 1.61591e+06
693 1.61598e+06
694 1.61601e+06
695 1.61608e+06
696 1.61617e+06
697 1.61626e+06
698 1.61637e+06
699 1.61643e+06
700 1.61648e+06
701 1.61657e+06
702 1.61658e+06
703 1.61659e+06
704 1.6168e+06
705 1.6169e+06
706 1.61693e+06
707 1.61695e+06
708 1.61703e+06
709 1.6171e+06
710 1.61719e+06
711 1.61725e+06
712 1.6173e+06
713 1.61731e+06
714 1.61739e+06
715 1.61743e+06
716 1.61748e+06
717 1.61754e+06
718 1.61763e+06
719 1.61768e+06
720 1.61771e+06
721 1.61777e+06
722 1.61784e+06
723 1.61799e+06
724 1.618e+06
725 1.61803e+06
726 1.61803e+06
727 1.61805e+06
728 1.61812e+06
729 1.61812e+06
730 1.6182e+06
731 1.61825e+06
732 1.61831e+06
733 1.61836e+06
734 1.61837e+06
735 1.61838e+06
736 1.61842e+06
737 1.61854e+06
738 1.61858e+06
739 1.61863e+06
740 1.61863e+06
741 1.61868e+06
742 1.61874e+06
743 1.61877e+06
744 1.61878e+06
745 1.61887e+06
746 1.61892e+06
747 1.61898e+06
748 1.61899e+06
749 1.61913e+06
750 1.61922e+06
751 1.61933e+06
752 1.61934e+06
753 1.61937e+06
754 1.61943e+06
755 1.61944e+06
756 1.61945e+06
757 1.61949e+06
758 1.61954e+06
759 1.61957e+06
760 1.61966e+06
761 1.61978e+06
762 1.61982e+06
763 1.61991e+06
764 1.61998e+06
765 1.62001e+06
766 1.62006e+06
767 1.62012e+06
768 1.62012e+06
769 1.62018e+06
770 1.62023e+06
771 1.6203e+06
772 1.62032e+06
773 1.62036e+06
774 1.6204e+06
775 1.6205e+06
776 1.62055e+06
777 1.62059e+06
778 1.6206e+06
779 1.62062e+06
780 1.62065e+06
781 1.62065e+06
782 1.62068e+06
783 1.62077e+06
784 1.6208e+06
785 1.6208e+06
786 1.62086e+06
787 1.62092e+06
788 1.62093e+06
789 1.62112e+06
790 1.62112e+06
791 1.62116e+06
792 1.62127e+06
793 1.6213e+06
794 1.62138e+06
795 1.62142e+06
796 1.62145e+06
797 1.62156e+06
798 1.62157e+06
799 1.62161e+06
800 1.6217e+06
801 1.62172e+06
802 1.62176e+06
803 1.62186e+06
804 1.62197e+06
805 1.62198e+06
806 1.62206e+06
807 1.62211e+06
808 1.62211e+06
809 1.62214e+06
810 1.62229e+06
811 1.6224e+06
812 1.62241e+06
813 1.62241e+06
814 1.62242e+06
815 1.62246e+06
816 1.62252e+06
817 1.62261e+06
818 1.6227e+06
819 1.62272e+06
820 1.62272e+06
821 1.62278e+06
822 1.62282e+06
823 1.62288e+06
824 1.62294e+06
825 1.62302e+06
826 1.62309e+06
827 1.62309e+06
828 1.62312e+06
829 1.62312e+06
830 1.62326e+06
831 1.62328e+06
832 1.62331e+06
833 1.62344e+06
834 1.62347e+06
835 1.6235e+06
836 1.62362e+06
837 1.62373e+06
838 1.6238e+06
839 1.62382e+06
840 1.62388e+06
841 1.62388e+06
842 1.62396e+06
843 1.62398e+06
844 1.62399e+06
845 1.62404e+06
846 1.62412e+06
847 1.62416e+06
848 1.62428e+06
849 1.62432e+06
850 1.62438e+06
851 1.62446e+06
852 1.62449e+06
853 1.62449e+06
854 1.62454e+06
855 1.62461e+06
856 1.6247e+06
857 1.62482e+06
858 1.62483e+06
859 1.62487e+06
860 1.62498e+06
861 1.62499e+06
862 1.62504e+06
863 1.6251e+06
864 1.62512e+06
865 1.62526e+06
866 1.62533e+06
867 1.62535e+06
868 1.62541e+06
869 1.62541e+06
870 1.62553e+06
871 1.62562e+06
872 1.62563e+06
873 1.62569e+06
874 1.62577e+06
875 1.62579e+06
876 1.62596e+06
877 1.626e+06
878 1.62605e+06
879 1.62606e+06
880 1.6261e+06
881 1.62618e+06
882 1.62618e+06
883 1.62625e+06
884 1.62629e+06
885 1.62631e+06
886 1.62639e+06
887 1.62641e+06
888 1.62643e+06
889 1.62648e+06
890 1.6266e+06
891 1.62662e+06
892 1.62667e+06
893 1.62673e+06
894 1.62672e+06
895 1.62675e+06
896 1.62675e+06
897 1.62676e+06
898 1.62677e+06
899 1.62683e+06
900 1.62693e+06
901 1.62701e+06
902 1.62704e+06
903 1.62708e+06
904 1.62711e+06
905 1.62713e+06
906 1.62717e+06
907 1.62719e+06
908 1.62723e+06
909 1.62726e+06
910 1.62729e+06
911 1.62732e+06
912 1.62737e+06
913 1.62738e+06
914 1.62747e+06
915 1.62756e+06
916 1.62769e+06
917 1.62774e+06
918 1.62777e+06
919 1.62778e+06
920 1.62788e+06
921 1.62787e+06
922 1.62792e+06
923 1.62796e+06
924 1.62804e+06
925 1.62809e+06
926 1.62809e+06
927 1.62808e+06
928 1.6281e+06
929 1.62812e+06
930 1.62817e+06
931 1.62819e+06
932 1.6282e+06
933 1.62824e+06
934 1.62831e+06
935 1.62843e+06
936 1.62854e+06
937 1.62856e+06
938 1.62861e+06
939 1.62871e+06
940 1.62882e+06
941 1.62883e+06
942 1.62899e+06
943 1.62902e+06
944 1.62903e+06
945 1.62907e+06
946 1.62909e+06
947 1.62918e+06
948 1.62923e+06
949 1.62933e+06
950 1.6294e+06
951 1.62958e+06
952 1.62959e+06
953 1.62961e+06
954 1.6297e+06
955 1.62971e+06
956 1.62979e+06
957 1.62988e+06
958 1.62996e+06
959 1.63004e+06
960 1.63006e+06
961 1.63017e+06
962 1.63021e+06
963 1.63029e+06
964 1.63039e+06
965 1.63045e+06
966 1.63055e+06
967 1.63058e+06
968 1.63058e+06
969 1.63062e+06
970 1.63069e+06
971 1.63075e+06
972 1.6308e+06
973 1.63085e+06
974 1.63094e+06
975 1.63098e+06
976 1.63099e+06
977 1.63099e+06
978 1.63104e+06
979 1.63107e+06
980 1.63112e+06
981 1.63112e+06
982 1.63118e+06
983 1.63121e+06
984 1.63124e+06
985 1.63126e+06
986 1.6313e+06
987 1.63132e+06
988 1.63137e+06
989 1.63142e+06
990 1.63144e+06
991 1.63152e+06
992 1.63152e+06
993 1.63155e+06
994 1.63158e+06
995 1.63167e+06
996 1.63173e+06
997 1.63178e+06
998 1.63185e+06
999 1.63194e+06
1000 1.63198e+06
