128 0.3 0.27
0 156776
1 1.56782e+06
2 1.56795e+06
3 1.56796e+06
4 1.56798e+06
5 1.56802e+06
6 1.56805e+06
7 1.56821e+06
8 1.56828e+06
9 1.56836e+06
10 1.56867e+06
11 1.56897e+06
12 1.56909e+06
13 1.56915e+06
14 1.56915e+06
15 1.56933e+06
16 1.56937e+06
17 1.56949e+06
18 1.56965e+06
19 1.56986e+06
20 1.5699e+06
21 1.57e+06
22 1.57004e+06
23 1.57025e+06
24 1.57027e+06
25 1.5703e+06
26 1.57054e+06
27 1.57057e+06
28 1.57058e+06
29 1.57059e+06
30 1.57062e+06
31 1.57065e+06
32 1.57068e+06
33 1.57073e+06
34 1.57091e+06
35 1.57099e+06
36 1.57115e+06
37 1.57129e+06
38 1.57141e+06
39 1.57153e+06
40 1.57167e+06
41 1.57181e+06
42 1.57185e+06
43 1.5719e+06
44 1.57205e+06
45 1.57211e+06
46 1.57231e+06
47 1.57257e+06
48 1.57262e+06
49 1.57268e+06
50 1.57278e+06
51 1.5729e+06
52 1.57305e+06
53 1.57311e+06
54 1.57323e+06
55 1.57329e+06
56 1.57336e+06
57 1.57347e+06
58 1.57355e+06
59 1.57362e+06
60 1.57364e+06
61 1.57372e+06
62 1.57377e+06
63 1.5738e+06
64 1.57388e+06
65 1.57399e+06
66 1.57414e+06
67 1.57428e+06
68 1.57438e+06
69 1.57446e+06
70 1.57452e+06
71 1.57456e+06
72 1.57462e+06
73 1.57465e+06
74 1.57471e+06
75 1.57483e+06
76 1.57491e+06
77 1.57492e+06
78 1.57499e+06
79 1.5751e+06
80 1.57518e+06
81 1.57524e+06
82 1.57527e+06
83 1.57544e+06
84 1.5755e+06
85 1.57552e+06
86 1.57564e+06
87 1.5757e+06
88 1.57579e+06
89 1.57593e+06
90 1.5761e+06
91 1.5762e+06
92 1.57624e+06
93 1.57631e+06
94 1.57637e+06
95 1.57645e+06
96 1.57649e+06
97 1.57656e+06
98 1.57657e+06
99 1.57675e+06
100 1.5768e+06
101 1.57686e+06
102 1.57685e+06
103 1.57696e+06
104 1.57705e+06
105 1.57716e+06
106 1.57726e+06
107 1.57739e+06
108 1.57748e+06
109 1.57756e+06
110 1.57762e+06
111 1.57771e+06
112 1.57787e+06
113 1.57794e+06
114 1.57795e+06
115 1.57821e+06
116 1.57827e+06
117 1.57831e+06
118 1.57835e+06
119 1.57851e+06
120 1.57864e+06
121 1.5787e+06
122 1.57872e+06
123 1.57891e+06
124 1.57907e+06
125 1.57913e+06
126 1.57925e+06
127 1.57939e+06
128 1.57946e+06
129 1.57956e+06
130 1.57968e+06
131 1.57974e+06
132 1.57985e+06
133 1.57994e+06
134 1.58001e+06
135 1.58008e+06
136 1.58014e+06
137 1.58026e+06
138 1.58032e+06
139 1.58042e+06
140 1.58047e+06
141 1.5805e+06
142 1.58055e+06
143 1.58068e+06
144 1.58073e+06
145 1.58078e+06
146 1.5808e+06
147 1.58083e+06
148 1.58088e+06
149 1.58096e+06
150 1.58104e+06
151 1.58113e+06
152 1.58126e+06
153 1.58134e+06
154 1.58146e+06
155 1.58151e+06
156 1.58158e+06
157 1.58171e+06
158 1.58185e+06
159 1.58198e+06
160 1.58207e+06
161 1.58216e+06
162 1.58223e+06
163 1.58234e+06
164 1.58244e+06
165 1.58249e+06
166 1.5825e+06
167 1.58258e+06
168 1.58277e+06
169 1.58288e+06
170 1.58291e+06
171 1.58299e+06
172 1.5831e+06
173 1.58328e+06
174 1.58334e+06
175 1.58342e+06
176 1.58348e+06
177 1.58349e+06
178 1.58355e+06
179 1.58361e+06
180 1.58372e+06
181 1.58382e+06
182 1.58384e+06
183 1.58397e+06
184 1.58401e+06
185 1.58411e+06
186 1.58412e+06
187 1.58414e+06
188 1.58419e+06
189 1.58424e+06
190 1.58432e+06
191 1.58438e+06
192 1.5845e+06
193 1.5846e+06
194 1.58466e+06
195 1.58472e+06
196 1.58478e+06
197 1.58487e+06
198 1.58494e+06
199 1.58499e+06
200 1.58506e+06
201 1.58513e+06
202 1.58517e+06
203 1.58519e+06
204 1.58524e+06
205 1.58531e+06
206 1.58538e+06
207 1.58538e+06
208 1.5856e+06
209 1.58562e+06
210 1.58569e+06
211 1.58571e+06
212 1.58582e+06
213 1.58592e+06
214 1.58597e+06
215 1.58599e+06
216 1.58613e+06
217 1.58622e+06
218 1.58632e+06
219 1.58632e+06
220 1.5864e+06
221 1.58652e+06
222 1.58659e+06
223 1.58662e+06
224 1.58666e+06
225 1.58673e+06
226 1.58679e+06
227 1.58687e+06
228 1.58689e+06
229 1.58694e+06
230 1.58699e+06
231 1.58707e+06
232 1.58711e+06
233 1.58721e+06
234 1.58727e+06
235 1.58737e+06
236 1.58748e+06
237 1.58757e+06
238 1.58769e+06
239 1.58775e+06
240 1.58791e+06
241 1.58795e+06
242 1.58806e+06
243 1.58819e+06
244 1.58819e+06
245 1.58823e+06
246 1.58829e+06
247 1.5883e+06
248 1.58834e+06
249 1.5884e+06
250 1.58848e+06
251 1.58859e+06
252 1.58864e+06
253 1.58872e+06
254 1.58878e+06
255 1.58891e+06
256 1.589e+06
257 1.5891e+06
258 1.58924e+06
259 1.58944e+06
260 1.58952e+06
261 1.58957e+06
262 1.58961e+06
263 1.58963e+06
264 1.5897e+06
265 1.58971e+06
266 1.58979e+06
267 1.5898e+06
268 1.58988e+06
269 1.58999e+06
270 1.59003e+06
271 1.59016e+06
272 1.59021e+06
273 1.59031e+06
274 1.59043e+06
275 1.59054e+06
276 1.59064e+06
277 1.59068e+06
278 1.59074e+06
279 1.59077e+06
280 1.59085e+06
281 1.59085e+06
282 1.59095e+06
283 1.59104e+06
284 1.59106e+06
285 1.59114e+06
286 1.59124e+06
287 1.59137e+06
288 1.59147e+06
289 1.59159e+06
290 1.59166e+06
291 1.59174e+06
292 1.59181e+06
293 1.59203e+06
294 1.59213e+06
295 1.5922e+06
296 1.59224e+06
297 1.59227e+06
298 1.59231e+06
299 1.5924e+06
300 1.59246e+06
301 1.5926e+06
302 1.59263e+06
303 1.59266e+06
304 1.59279e+06
305 1.5929e+06
306 1.593e+06
307 1.5931e+06
308 1.59319e+06
309 1.59324e+06
310 1.59328e+06
311 1.59336e+06
312 1.59337e+06
313 1.59345e+06
314 1.59353e+06
315 1.59361e+06
316 1.59362e+06
317 1.5937e+06
318 1.59374e+06
319 1.59386e+06
320 1.59389e+06
321 1.59389e+06
322 1.59392e+06
323 1.59396e+06
324 1.59401e+06
325 1.59409e+06
326 1.59417e+06
327 1.59421e+06
328 1.5943e+06
329 1.59438e+06
330 1.59448e+06
331 1.59457e+06
332 1.59457e+06
333 1.59462e+06
334 1.59473e+06
335 1.59478e+06
336 1.59481e+06
337 1.59493e+06
338 1.59495e+06
339 1.59498e+06
340 1.59508e+06
341 1.59522e+06
342 1.5953e+06
343 1.59536e+06
344 1.59539e+06
345 1.5954e+06
346 1.59549e+06
347 1.59561e+06
348 1.59577e+06
349 1.59577e+06
350 1.59584e+06
351 1.59596e+06
352 1.59613e+06
353 1.59627e+06
354 1.59629e+06
355 1.59637e+06
356 1.59646e+06
357 1.59647e+06
358 1.59656e+06
359 1.59661e+06
360 1.59667e+06
361 1.59671e+06
362 1.59677e+06
363 1.59681e+06
364 1.59686e+06
365 1.59689e+06
366 1.59695e+06
367 1.59702e+06
368 1.59711e+06
369 1.59714e+06
370 1.59718e+06
371 1.59725e+06
372 1.59726e+06
373 1.59732e+06
374 1.59741e+06
375 1.59748e+06
376 1.59756e+06
377 1.59758e+06
378 1.59762e+06
379 1.59776e+06
380 1.59781e+06
381 1.59788e+06
382 1.59798e+06
383 1.59802e+06
384 1.59804e+06
385 1.59805e+06
386 1.5981e+06
387 1.59817e+06
388 1.59822e+06
389 1.59829e+06
390 1.59833e+06
391 1.59836e+06
392 1.59842e+06
393 1.5985e+06
394 1.59853e+06
395 1.59861e+06
396 1.59869e+06
397 1.59874e+06
398 1.59879e+06
399 1.59884e+06
400 1.59888e+06
401 1.59894e+06
402 1.599e+06
403 1.59904e+06
404 1.59914e+06
405 1.59922e+06
406 1.59927e+06
407 1.59932e+06
408 1.59942e+06
409 1.59961e+06
410 1.59966e+06
411 1.5997e+06
412 1.59986e+06
413 1.5999e+06
414 1.60001e+06
415 1.60004e+06
416 1.60008e+06
417 1.60014e+06
418 1.60023e+06
419 1.60029e+06
420 1.60029e+06
421 1.60033e+06
422 1.60042e+06
423 1.60043e+06
424 1.60046e+06
425 1.60048e+06
426 1.60058e+06
427 1.60062e+06
428 1.60065e+06
429 1.60066e+06
430 1.60075e+06
431 1.60091e+06
432 1.60096e+06
433 1.60106e+06
434 1.60112e+06
435 1.60115e+06
436 1.60128e+06
437 1.60132e+06
438 1.60137e+06
439 1.60142e+06
440 1.60147e+06
441 1.60156e+06
442 1.60158e+06
443 1.60168e+06
444 1.60168e+06
445 1.60174e+06
446 1.60181e+06
447 1.60188e+06
448 1.602e+06
449 1.60204e+06
450 1.60211e+06
451 1.60219e+06
452 1.60227e+06
453 1.60233e+06
454 1.60239e+06
455 1.60246e+06
456 1.60249e+06
457 1.60259e+06
458 1.60263e+06
459 1.6027e+06
460 1.60273e+06
461 1.60277e+06
462 1.60282e+06
463 1.60291e+06
464 1.60293e+06
465 1.60301e+06
466 1.60303e+06
467 1.60304e+06
468 1.6031e+06
469 1.60312e+06
470 1.6032e+06
471 1.60332e+06
472 1.60336e+06
473 1.6034e+06
474 1.60344e+06
475 1.60348e+06
476 1.60351e+06
477 1.60351e+06
478 1.60359e+06
479 1.60366e+06
480 1.6037e+06
481 1.60376e+06
482 1.60376e+06
483 1.60381e+06
484 1.60384e+06
485 1.6039e+06
486 1.60393e+06
487 1.604e+06
488 1.60405e+06
489 1.60409e+06
490 1.60416e+06
491 1.60421e+06
492 1.60427e+06
493 1.60432e+06
494 1.60437e+06
495 1.6044e+06
496 1.6044e+06
497 1.60447e+06
498 1.60448e+06
499 1.60458e+06
500 1.6046e+06
501 1.6047e+06
502 1.60475e+06
503 1.60478e+06
504 1.60482e+06
505 1.60486e+06
506 1.60492e+06
507 1.60492e+06
508 1.60494e+06
509 1.60506e+06
510 1.60516e+06
511 1.60527e+06
512 1.60528e+06
513 1.60535e+06
514 1.60537e+06
515 1.60548e+06
516 1.60554e+06
517 1.60559e+06
518 1.60564e+06
519 1.60565e+06
520 1.60569e+06
521 1.6057e+06
522 1.60574e+06
523 1.60579e+06
524 1.60587e+06
525 1.60588e+06
526 1.60589e+06
527 1.60599e+06
528 1.606e+06
529 1.60603e+06
530 1.6062e+06
531 1.60621e+06
532 1.60627e+06
533 1.60628e+06
534 1.60632e+06
535 1.60634e+06
536 1.60651e+06
537 1.60652e+06
538 1.60665e+06
539 1.60673e+06
540 1.60681e+06
541 1.60683e+06
542 1.60693e+06
543 1.60699e+06
544 1.607e+06
545 1.60703e+06
546 1.60712e+06
547 1.60713e+06
548 1.6072e+06
549 1.60722e+06
550 1.60726e+06
551 1.60748e+06
552 1.60754e+06
553 1.60758e+06
554 1.60758e+06
555 1.60767e+06
556 1.60774e+06
557 1.60784e+06
558 1.60792e+06
559 1.60796e+06
560 1.60804e+06
561 1.6081e+06
562 1.60811e+06
563 1.6082e+06
564 1.6082e+06
565 1.60822e+06
566 1.60832e+06
567 1.60837e+06
568 1.6085e+06
569 1.60855e+06
570 1.60858e+06
571 1.6086e+06
572 1.60871e+06
573 1.60878e+06
574 1.60888e+06
575 1.60906e+06
576 1.6091e+06
577 1.6092e+06
578 1.60925e+06
579 1.6093e+06
580 1.60929e+06
581 1.6093e+06
582 1.6093e+06
583 1.60932e+06
584 1.60942e+06
585 1.60943e+06
586 1.60952e+06
587 1.60961e+06
588 1.60963e+06
589 1.60968e+06
590 1.60972e+06
591 1.60974e+06
592 1.60977e+06
593 1.60979e+06
594 1.60979e+06
595 1.60985e+06
596 1.6099e+06
597 1.60992e+06
598 1.60997e+06
599 1.61008e+06
600 1.6101e+06
601 1.61014e+06
602 1.61023e+06
603 1.61028e+06
604 1.61036e+06
605 1.61038e+06
606 1.6104e+06
607 1.61048e+06
608 1.61049e+06
609 1.61061e+06
610 1.61072e+06
611 1.61079e+06
612 1.61089e+06
613 1.61091e+06
614 1.61094e+06
615 1.61094e+06
616 1.61099e+06
617 1.61108e+06
618 1.61111e+06
619 1.61125e+06
620 1.61133e+06
621 1.61137e+06
622 1.61147e+06
623 1.6115e+06
624 1.61152e+06
625 1.61165e+06
626 1.61168e+06
627 1.6117e+06
628 1.6118e+06
629 1.61181e+06
630 1.61184e+06
631 1.61192e+06
632 1.61207e+06
633 1.61208e+06
634 1.6122e+06
635 1.61224e+06
636 1.6123e+06
637 1.61236e+06
638 1.61237e+06
639 1.61243e+06
640 1.61245e+06
641 1.61246e+06
642 1.61254e+06
643 1.61263e+06
644 1.61267e+06
645 1.61275e+06
646 1.61283e+06
647 1.61285e+06
648 1.6129e+06
649 1.61292e+06
650 1.61308e+06
651 1.61321e+06
652 1.61331e+06
653 1.61335e+06
654 1.61339e+06
655 1.61342e+06
656 1.61348e+06
657 1.61352e+06
658 1.61353e+06
659 1.61358e+06
660 1.61361e+06
661 1.61374e+06
662 1.61377e+06
663 1.61378e+06
664 1.61383e+06
665 1.61384e+06
666 1.61391e+06
667 1.61393e+06
668 1.61395e+06
669 1.61397e+06
670 1.614e+06
671 1.61401e+06
672 1.61411e+06
673 1.6142e+06
674 1.61426e+06
675 1.61427e+06
676 1.61434e+06
677 1.61439e+06
678 1.61438e+06
679 1.6144e+06
680 1.61449e+06
681 1.6145e+06
682 1.61455e+06
683 1.61455e+06
684 1.61468e+06
685 1.6147e+06
686 1.61482e+06
687 1.61485e+06
688 1.61489e+06
689 1.61492e+06
690 1.61494e+06
691 1.61497e+06
692 1.61498e+06
693 1.61516e+06
694 1.61527e+06
695 1.61532e+06
696 1.61538e+06
697 1.61544e+06
698 1.61554e+06
699 1.61562e+06
700 1.61572e+06
701 1.6158e+06
702 1.61582e+06
703 1.61587e+06
704 1.61588e+06
705 1.61597e+06
706 1.61598e+06
707 1.61605e+06
708 1.61609e+06
709 1.61617e+06
710 1.61618e+06
711 1.61625e+06
712 1.61642e+06
713 1.61642e+06
714 1.61652e+06
715 1.61671e+06
716 1.61675e+06
717 1.61682e+06
718 1.61689e+06
719 1.61694e+06
720 1.61699e+06
721 1.61701e+06
722 1.61706e+06
723 1.61714e+06
724 1.61716e+06
725 1.6173e+06
726 1.61731e+06
727 1.61737e+06
728 1.61743e+06
729 1.61744e+06
730 1.61765e+06
731 1.61772e+06
732 1.61771e+06
733 1.61777e+06
734 1.6178e+06
735 1.61789e+06
736 1.61801e+06
737 1.61805e+06
738 1.61806e+06
739 1.61813e+06
740 1.61818e+06
741 1.61823e+06
742 1.61826e+06
743 1.61828e+06
744 1.61829e+06
745 1.61831e+06
746 1.61844e+06
747 1.61845e+06
748 1.61855e+06
749 1.61858e+06
750 1.61861e+06
751 1.61868e+06
752 1.61872e+06
753 1.61885e+06
754 1.61887e+06
755 1.61895e+06
756 1.61895e+06
757 1.61904e+06
758 1.61914e+06
759 1.61921e+06
760 1.61923e+06
761 1.61929e+06
762 1.61932e+06
763 1.61932e+06
764 1.61936e+06
765 1.61943e+06
766 1.61951e+06
767 1.61972e+06
768 1.61974e+06
769 1.61979e+06
770 1.61992e+06
771 1.61995e+06
772 1.61996e+06
773 1.62002e+06
774 1.62002e+06
775 1.62009e+06
776 1.6201e+06
777 1.6201e+06
778 1.62014e+06
779 1.62018e+06
780 1.62019e+06
781 1.62021e+06
782 1.62026e+06
783 1.62026e+06
784 1.62028e+06
785 1.62032e+06
786 1.62038e+06
787 1.62046e+06
788 1.62048e+06
789 1.62051e+06
790 1.62065e+06
791 1.62073e+06
792 1.62074e+06
793 1.6208e+06
794 1.62079e+06
795 1.62082e+06
796 1.62092e+06
797 1.62095e+06
798 1.62101e+06
799 1.62101e+06
800 1.62114e+06
801 1.62117e+06
802 1.62121e+06
803 1.62126e+06
804 1.62134e+06
805 1.62144e+06
806 1.62146e+06
807 1.6215e+06
808 1.62154e+06
809 1.62158e+06
810 1.6216e+06
811 1.62167e+06
812 1.62171e+06
813 1.62179e+06
814 1.62183e+06
815 1.62184e+06
816 1.62184e+06
817 1.62185e+06
818 1.62188e+06
819 1.6219e+06
820 1.62194e+06
821 1.62208e+06
822 1.62215e+06
823 1.62219e+06
824 1.62225e+06
825 1.62231e+06
826 1.62241e+06
827 1.62242e+06
828 1.62242e+06
829 1.62256e+06
830 1.62264e+06
831 1.62267e+06
832 1.62275e+06
833 1.62281e+06
834 1.62295e+06
835 1.62303e+06
836 1.6231e+06
837 1.62315e+06
838 1.62321e+06
839 1.6233e+06
840 1.62339e+06
841 1.62348e+06
842 1.62355e+06
843 1.62359e+06
844 1.62369e+06
845 1.62377e+06
846 1.62379e+06
847 1.62384e+06
848 1.62388e+06
849 1.62393e+06
850 1.62396e+06
851 1.62399e+06
852 1.62408e+06
853 1.6241e+06
854 1.6241e+06
855 1.62412e+06
856 1.6242e+06
857 1.6242e+06
858 1.6242e+06
859 1.62426e+06
860 1.62429e+06
861 1.62433e+06
862 1.62438e+06
863 1.62443e+06
864 1.62448e+06
865 1.6245e+06
866 1.62455e+06
867 1.62468e+06
868 1.62474e+06
869 1.6248e+06
870 1.62482e+06
871 1.62484e+06
872 1.6249e+06
873 1.62493e+06
874 1.625e+06
875 1.62501e+06
876 1.62504e+06
877 1.62516e+06
878 1.62524e+06
879 1.62523e+06
880 1.62537e+06
881 1.62539e+06
882 1.62539e+06
883 1.62546e+06
884 1.62553e+06
885 1.62555e+06
886 1.62562e+06
887 1.62566e+06
888 1.62574e+06
889 1.62581e+06
890 1.62582e+06
891 1.62586e+06
892 1.62586e+06
893 1.62592e+06
894 1.62599e+06
895 1.626e+06
896 1.62602e+06
897 1.62609e+06
898 1.62615e+06
899 1.6262e+06
900 1.62621e+06
901 1.62621e+06
902 1.62631e+06
903 1.62634e+06
904 1.62641e+06
905 1.62642e+06
906 1.62645e+06
907 1.62648e+06
908 1.62652e+06
909 1.62655e+06
910 1.62664e+06
911 1.62675e+06
912 1.62675e+06
913 1.62687e+06
914 1.62697e+06
915 1.62701e+06
916 1.62702e+06
917 1.62703e+06
918 1.62714e+06
919 1.62719e+06
920 1.62728e+06
921 1.62732e+06
922 1.62739e+06
923 1.62748e+06
924 1.62754e+06
925 1.62756e+06
926 1.62769e+06
927 1.62773e+06
928 1.62777e+06
929 1.62796e+06
930 1.62803e+06
931 1.62811e+06
932 1.62813e+06
933 1.62814e+06
934 1.62824e+06
935 1.62827e+06
936 1.62831e+06
937 1.62835e+06
938 1.62839e+06
939 1.62848e+06
940 1.62852e+06
941 1.62858e+06
942 1.62863e+06
943 1.62863e+06
944 1.62865e+06
945 1.62867e+06
946 1.62876e+06
947 1.62884e+06
948 1.62887e+06
949 1.62894e+06
950 1.62904e+06
951 1.62906e+06
952 1.62912e+06
953 1.62916e+06
954 1.62919e+06
955 1.62926e+06
956 1.62932e+06
957 1.62935e+06
958 1.6294e+06
959 1.62941e+06
960 1.62941e+06
961 1.62943e+06
962 1.62943e+06
963 1.62957e+06
964 1.62964e+06
965 1.62969e+06
966 1.62973e+06
967 1.62977e+06
968 1.62983e+06
969 1.62991e+06
970 1.62998e+06
971 1.63003e+06
972 1.63007e+06
973 1.63008e+06
974 1.6302e+06
975 1.63021e+06
976 1.63023e+06
977 1.63025e+06
978 1.63031e+06
979 1.63034e+06
980 1.6304e+06
981 1.63041e+06
982 1.63051e+06
983 1.63054e+06
984 1.63064e+06
985 1.6307e+06
986 1.63073e+06
987 1.63075e+06
988 1.6308e+06
989 1.63081e+06
990 1.63081e+06
991 1.63083e+06
992 1.63084e+06
993 1.63085e+06
994 1.63088e+06
995 1.63092e+06
996 1.63103e+06
997 1.63113e+06
998 1.63121e+06
999 1.63121e+06
1000 1.63122e+06
