128 0.3 0.222
0 156776
1 1.56782e+06
2 1.56795e+06
3 1.56796e+06
4 1.56798e+06
5 1.56802e+06
6 1.56805e+06
7 1.56821e+06
8 1.56827e+06
9 1.56836e+06
10 1.56867e+06
11 1.56898e+06
12 1.5691e+06
13 1.56917e+06
14 1.56917e+06
15 1.56934e+06
16 1.56938e+06
17 1.5695e+06
18 1.56966e+06
19 1.56987e+06
20 1.56991e+06
21 1.57e+06
22 1.57004e+06
23 1.57025e+06
24 1.57028e+06
25 1.57031e+06
26 1.57055e+06
27 1.57058e+06
28 1.57059e+06
29 1.5706e+06
30 1.57062e+06
31 1.57066e+06
32 1.57069e+06
33 1.57074e+06
34 1.57092e+06
35 1.571e+06
36 1.57116e+06
37 1.57131e+06
38 1.57142e+06
39 1.57154e+06
40 1.57167e+06
41 1.57182e+06
42 1.57186e+06
43 1.57191e+06
44 1.57205e+06
45 1.57212e+06
46 1.57232e+06
47 1.5725e+06
48 1.5726e+06
49 1.57271e+06
50 1.57278e+06
51 1.57291e+06
52 1.57304e+06
53 1.57309e+06
54 1.57323e+06
55 1.5733e+06
56 1.57336e+06
57 1.57345e+06
58 1.57354e+06
59 1.5736e+06
60 1.57363e+06
61 1.57371e+06
62 1.57376e+06
63 1.57379e+06
64 1.57388e+06
65 1.57397e+06
66 1.57413e+06
67 1.57425e+06
68 1.57432e+06
69 1.57438e+06
70 1.57442e+06
71 1.57445e+06
72 1.57451e+06
73 1.57459e+06
74 1.57464e+06
75 1.57476e+06
76 1.57484e+06
77 1.57483e+06
78 1.57491e+06
79 1.57498e+06
80 1.57508e+06
81 1.57513e+06
82 1.57522e+06
83 1.57531e+06
84 1.57536e+06
85 1.57538e+06
86 1.57547e+06
87 1.57552e+06
88 1.5756e+06
89 1.57575e+06
90 1.57592e+06
91 1.576e+06
92 1.57608e+06
93 1.57616e+06
94 1.57626e+06
95 1.57638e+06
96 1.5764e+06
97 1.57648e+06
98 1.57653e+06
99 1.57681e+06
100 1.57687e+06
101 1.57689e+06
102 1.57689e+06
103 1.57697e+06
104 1.57708e+06
105 1.57718e+06
106 1.57728e+06
107 1.57739e+06
108 1.57744e+06
109 1.57754e+06
110 1.57763e+06
111 1.57773e+06
112 1.57786e+06
113 1.57795e+06
114 1.57796e+06
115 1.5782e+06
116 1.5783e+06
117 1.57836e+06
118 1.5784e+06
119 1.57861e+06
120 1.57876e+06
121 1.57882e+06
122 1.57884e+06
123 1.57902e+06
124 1.57916e+06
125 1.57922e+06
126 1.57935e+06
127 1.57943e+06
128 1.57948e+06
129 1.57954e+06
130 1.5796e+06
131 1.57961e+06
132 1.57967e+06
133 1.57977e+06
134 1.57987e+06
135 1.57991e+06
136 1.58002e+06
137 1.58008e+06
138 1.58013e+06
139 1.58027e+06
140 1.58034e+06
141 1.58037e+06
142 1.58047e+06
143 1.58056e+06
144 1.58062e+06
145 1.58068e+06
146 1.5808e+06
147 1.58088e+06
148 1.58094e+06
149 1.58097e+06
150 1.58101e+06
151 1.58109e+06
152 1.58124e+06
153 1.58132e+06
154 1.58136e+06
155 1.58148e+06
156 1.58156e+06
157 1.58164e+06
158 1.58186e+06
159 1.58197e+06
160 1.58203e+06
161 1.58214e+06
162 1.58227e+06
163 1.5824e+06
164 1.58248e+06
165 1.58259e+06
166 1.58266e+06
167 1.58279e+06
168 1.58294e+06
169 1.58297e+06
170 1.58302e+06
171 1.58313e+06
172 1.58323e+06
173 1.58335e+06
174 1.58348e+06
175 1.58356e+06
176 1.58363e+06
177 1.58366e+06
178 1.58369e+06
179 1.58377e+06
180 1.58387e+06
181 1.58397e+06
182 1.58399e+06
183 1.58414e+06
184 1.58418e+06
185 1.58424e+06
186 1.58426e+06
187 1.58427e+06
188 1.5844e+06
189 1.58444e+06
190 1.58446e+06
191 1.58455e+06
192 1.58465e+06
193 1.58478e+06
194 1.5848e+06
195 1.58489e+06
196 1.58492e+06
197 1.58503e+06
198 1.58504e+06
199 1.58526e+06
200 1.58534e+06
201 1.58541e+06
202 1.58543e+06
203 1.58546e+06
204 1.5855e+06
205 1.58552e+06
206 1.58562e+06
207 1.58564e+06
208 1.58578e+06
209 1.5859e+06
210 1.58596e+06
211 1.58604e+06
212 1.58605e+06
213 1.58611e+06
214 1.5862e+06
215 1.58622e+06
216 1.58635e+06
217 1.58647e+06
218 1.58659e+06
219 1.58661e+06
220 1.58665e+06
221 1.58675e+06
222 1.5868e+06
223 1.58687e+06
224 1.58687e+06
225 1.58687e+06
226 1.58689e+06
227 1.58699e+06
228 1.58704e+06
229 1.58706e+06
230 1.58708e+06
231 1.58718e+06
232 1.58729e+06
233 1.58738e+06
234 1.58742e+06
235 1.58748e+06
236 1.58751e+06
237 1.58762e+06
238 1.58761e+06
239 1.58762e+06
240 1.58769e+06
241 1.58776e+06
242 1.5878e+06
243 1.58793e+06
244 1.58796e+06
245 1.588e+06
246 1.58804e+06
247 1.58814e+06
248 1.58818e+06
249 1.58825e+06
250 1.58832e+06
251 1.58848e+06
252 1.58855e+06
253 1.58865e+06
254 1.58875e+06
255 1.58876e+06
256 1.58888e+06
257 1.5889e+06
258 1.58901e+06
259 1.58921e+06
260 1.58938e+06
261 1.58952e+06
262 1.58954e+06
263 1.58965e+06
264 1.58968e+06
265 1.5897e+06
266 1.58977e+06
267 1.58982e+06
268 1.58986e+06
269 1.58994e+06
270 1.59004e+06
271 1.59014e+06
272 1.59021e+06
273 1.59029e+06
274 1.59034e+06
275 1.5904e+06
276 1.59047e+06
277 1.59053e+06
278 1.59059e+06
279 1.59064e+06
280 1.5907e+06
281 1.59072e+06
282 1.59076e+06
283 1.59075e+06
284 1.59076e+06
285 1.59084e+06
286 1.59088e+06
287 1.59093e+06
288 1.59097e+06
289 1.59101e+06
290 1.59108e+06
291 1.59112e+06
292 1.59121e+06
293 1.59136e+06
294 1.59145e+06
295 1.59149e+06
296 1.5916e+06
297 1.59161e+06
298 1.59165e+06
299 1.59169e+06
300 1.59169e+06
301 1.59178e+06
302 1.59178e+06
303 1.59186e+06
304 1.59188e+06
305 1.59197e+06
306 1.59204e+06
307 1.59218e+06
308 1.59225e+06
309 1.59228e+06
310 1.59236e+06
311 1.59244e+06
312 1.59245e+06
313 1.5925e+06
314 1.59258e+06
315 1.59268e+06
316 1.59273e+06
317 1.59282e+06
318 1.59283e+06
319 1.59287e+06
320 1.5929e+06
321 1.59291e+06
322 1.59297e+06
323 1.59306e+06
324 1.59311e+06
325 1.59314e+06
326 1.59319e+06
327 1.59323e+06
328 1.59325e+06
329 1.59329e+06
330 1.59338e+06
331 1.59341e+06
332 1.59343e+06
333 1.59348e+06
334 1.5935e+06
335 1.59353e+06
336 1.59359e+06
337 1.59359e+06
338 1.5936e+06
339 1.59363e+06
340 1.59374e+06
341 1.59384e+06
342 1.59387e+06
343 1.59391e+06
344 1.59397e+06
345 1.59401e+06
346 1.59406e+06
347 1.5941e+06
348 1.59416e+06
349 1.59426e+06
350 1.59433e+06
351 1.59438e+06
352 1.59452e+06
353 1.5946e+06
354 1.59461e+06
355 1.5947e+06
356 1.59476e+06
357 1.59482e+06
358 1.59491e+06
359 1.595e+06
360 1.59502e+06
361 1.59512e+06
362 1.59514e+06
363 1.59523e+06
364 1.59524e+06
365 1.59524e+06
366 1.59528e+06
367 1.59535e+06
368 1.59545e+06
369 1.59544e+06
370 1.59554e+06
371 1.59562e+06
372 1.59564e+06
373 1.5957e+06
374 1.59573e+06
375 1.59573e+06
376 1.59581e+06
377 1.59589e+06
378 1.59593e+06
379 1.59599e+06
380 1.59604e+06
381 1.59614e+06
382 1.59625e+06
383 1.59629e+06
384 1.59639e+06
385 1.59641e+06
386 1.59646e+06
387 1.59655e+06
388 1.59663e+06
389 1.59668e+06
390 1.59692e+06
391 1.597e+06
392 1.59712e+06
393 1.59714e+06
394 1.59717e+06
395 1.5972e+06
396 1.59725e+06
397 1.59733e+06
398 1.59737e+06
399 1.59741e+06
400 1.59765e+06
401 1.5977e+06
402 1.59776e+06
403 1.59777e+06
404 1.59787e+06
405 1.59798e+06
406 1.59804e+06
407 1.59806e+06
408 1.59812e+06
409 1.59824e+06
410 1.59826e+06
411 1.59836e+06
412 1.59847e+06
413 1.59858e+06
414 1.59869e+06
415 1.59877e+06
416 1.59885e+06
417 1.59896e+06
418 1.59908e+06
419 1.59922e+06
420 1.59922e+06
421 1.59924e+06
422 1.59928e+06
423 1.59937e+06
424 1.59947e+06
425 1.59957e+06
426 1.59963e+06
427 1.59967e+06
428 1.59971e+06
429 1.59972e+06
430 1.59979e+06
431 1.59986e+06
432 1.59993e+06
433 1.59999e+06
434 1.60006e+06
435 1.60011e+06
436 1.60017e+06
437 1.60018e+06
438 1.60022e+06
439 1.6003e+06
440 1.60033e+06
441 1.60035e+06
442 1.60037e+06
443 1.60042e+06
444 1.60047e+06
445 1.60062e+06
446 1.60064e+06
447 1.60072e+06
448 1.60087e+06
449 1.6009e+06
450 1.6009e+06
451 1.60094e+06
452 1.60101e+06
453 1.60112e+06
454 1.60115e+06
455 1.60116e+06
456 1.60119e+06
457 1.60123e+06
458 1.60128e+06
459 1.60142e+06
460 1.60155e+06
461 1.60162e+06
462 1.60162e+06
463 1.60172e+06
464 1.6018e+06
465 1.60182e+06
466 1.60186e+06
467 1.60186e+06
468 1.60192e+06
469 1.60201e+06
470 1.60203e+06
471 1.60216e+06
472 1.60221e+06
473 1.60225e+06
474 1.60229e+06
475 1.60232e+06
476 1.60236e+06
477 1.60245e+06
478 1.60253e+06
479 1.60253e+06
480 1.60255e+06
481 1.60261e+06
482 1.60262e+06
483 1.6027e+06
484 1.60274e+06
485 1.60284e+06
486 1.60292e+06
487 1.60293e+06
488 1.60296e+06
489 1.60307e+06
490 1.60309e+06
491 1.60315e+06
492 1.6032e+06
493 1.60328e+06
494 1.60339e+06
495 1.60347e+06
496 1.60348e+06
497 1.60356e+06
498 1.60358e+06
499 1.60363e+06
500 1.60369e+06
501 1.60381e+06
502 1.60393e+06
503 1.60398e+06
504 1.60399e+06
505 1.60399e+06
506 1.60404e+06
507 1.6041e+06
508 1.60416e+06
509 1.60434e+06
510 1.60436e+06
511 1.60446e+06
512 1.60455e+06
513 1.60463e+06
514 1.60466e+06
515 1.60478e+06
516 1.60485e+06
517 1.60492e+06
518 1.60499e+06
519 1.60502e+06
520 1.60505e+06
521 1.60508e+06
522 1.60514e+06
523 1.60523e+06
524 1.60536e+06
525 1.60536e+06
526 1.60542e+06
527 1.60552e+06
528 1.60555e+06
529 1.60561e+06
530 1.60565e+06
531 1.60569e+06
532 1.6057e+06
533 1.60582e+06
534 1.60586e+06
535 1.60588e+06
536 1.606e+06
537 1.60602e+06
538 1.60606e+06
539 1.60619e+06
540 1.60622e+06
541 1.60623e+06
542 1.60633e+06
543 1.60633e+06
544 1.60636e+06
545 1.60642e+06
546 1.60645e+06
547 1.60647e+06
548 1.60658e+06
549 1.60662e+06
550 1.60665e+06
551 1.60667e+06
552 1.60674e+06
553 1.60677e+06
554 1.60678e+06
555 1.60678e+06
556 1.60678e+06
557 1.60685e+06
558 1.60697e+06
559 1.60713e+06
560 1.60716e+06
561 1.60717e+06
562 1.60719e+06
563 1.60729e+06
564 1.60743e+06
565 1.6075e+06
566 1.60752e+06
567 1.60758e+06
568 1.60761e+06
569 1.60767e+06
570 1.6077e+06
571 1.6077e+06
572 1.60778e+06
573 1.6078e+06
574 1.60787e+06
575 1.60798e+06
576 1.60805e+06
577 1.60819e+06
578 1.60825e+06
579 1.60845e+06
580 1.60852e+06
581 1.60854e+06
582 1.60859e+06
583 1.6086e+06
584 1.60865e+06
585 1.60872e+06
586 1.60879e+06
587 1.60886e+06
588 1.60888e+06
589 1.60895e+06
590 1.60895e+06
591 1.609e+06
592 1.60907e+06
593 1.60914e+06
594 1.60916e+06
595 1.60919e+06
596 1.60923e+06
597 1.60923e+06
598 1.60941e+06
599 1.60946e+06
600 1.6095e+06
601 1.60956e+06
602 1.60956e+06
603 1.60966e+06
604 1.6097e+06
605 1.60971e+06
606 1.60975e+06
607 1.60981e+06
608 1.60985e+06
609 1.61e+06
610 1.61007e+06
611 1.61016e+06
612 1.6102e+06
613 1.61025e+06
614 1.61028e+06
615 1.61034e+06
616 1.61049e+06
617 1.61059e+06
618 1.61063e+06
619 1.61072e+06
620 1.61083e+06
621 1.61087e+06
622 1.61102e+06
623 1.61107e+06
624 1.61109e+06
625 1.61115e+06
626 1.61122e+06
627 1.61123e+06
628 1.61125e+06
629 1.61133e+06
630 1.61134e+06
631 1.61138e+06
632 1.61148e+06
633 1.61151e+06
634 1.61166e+06
635 1.61174e+06
636 1.6118e+06
637 1.6119e+06
638 1.6119e+06
639 1.61197e+06
640 1.61198e+06
641 1.61201e+06
642 1.6121e+06
643 1.6121e+06
644 1.61218e+06
645 1.6122e+06
646 1.61223e+06
647 1.61227e+06
648 1.61229e+06
649 1.61229e+06
650 1.6123e+06
651 1.61234e+06
652 1.61241e+06
653 1.6124e+06
654 1.61242e+06
655 1.61252e+06
656 1.61257e+06
657 1.61258e+06
658 1.61258e+06
659 1.61258e+06
660 1.61263e+06
661 1.61274e+06
662 1.61276e+06
663 1.61283e+06
664 1.61285e+06
665 1.61288e+06
666 1.61292e+06
667 1.61294e+06
668 1.613e+06
669 1.613e+06
670 1.61306e+06
671 1.61308e+06
672 1.61316e+06
673 1.61322e+06
674 1.61327e+06
675 1.61334e+06
676 1.61337e+06
677 1.61346e+06
678 1.61354e+06
679 1.61357e+06
680 1.61364e+06
681 1.61365e+06
682 1.61378e+06
683 1.61383e+06
684 1.61394e+06
685 1.61396e+06
686 1.61403e+06
687 1.61409e+06
688 1.61424e+06
689 1.61428e+06
690 1.6143e+06
691 1.61435e+06
692 1.61438e+06
693 1.61439e+06
694 1.61444e+06
695 1.61446e+06
696 1.61446e+06
697 1.61448e+06
698 1.61456e+06
699 1.61462e+06
700 1.61467e+06
701 1.61474e+06
702 1.61478e+06
703 1.61478e+06
704 1.61484e+06
705 1.61491e+06
706 1.61491e+06
707 1.61495e+06
708 1.61498e+06
709 1.61506e+06
710 1.61518e+06
711 1.61518e+06
712 1.61526e+06
713 1.61527e+06
714 1.61534e+06
715 1.61545e+06
716 1.61558e+06
717 1.61572e+06
718 1.61581e+06
719 1.61581e+06
720 1.61591e+06
721 1.61596e+06
722 1.616e+06
723 1.61608e+06
724 1.61608e+06
725 1.61618e+06
726 1.61623e+06
727 1.61623e+06
728 1.61623e+06
729 1.61628e+06
730 1.61629e+06
731 1.61634e+06
732 1.6164e+06
733 1.6165e+06
734 1.61655e+06
735 1.61657e+06
736 1.61668e+06
737 1.61672e+06
738 1.61676e+06
739 1.61687e+06
740 1.61689e+06
741 1.61694e+06
742 1.617e+06
743 1.61703e+06
744 1.61704e+06
745 1.61706e+06
746 1.61715e+06
747 1.61726e+06
748 1.61729e+06
749 1.61732e+06
750 1.6174e+06
751 1.61745e+06
752 1.61746e+06
753 1.61749e+06
754 1.61756e+06
755 1.61761e+06
756 1.61767e+06
757 1.61774e+06
758 1.61788e+06
759 1.61796e+06
760 1.61797e+06
761 1.61797e+06
762 1.61802e+06
763 1.61802e+06
764 1.61807e+06
765 1.61812e+06
766 1.61818e+06
767 1.61818e+06
768 1.61819e+06
769 1.61826e+06
770 1.61838e+06
771 1.61843e+06
772 1.61844e+06
773 1.61849e+06
774 1.61856e+06
775 1.61858e+06
776 1.61862e+06
777 1.61865e+06
778 1.61869e+06
779 1.61872e+06
780 1.6188e+06
781 1.61885e+06
782 1.6189e+06
783 1.619e+06
784 1.61901e+06
785 1.61902e+06
786 1.61906e+06
787 1.61916e+06
788 1.61918e+06
789 1.61922e+06
790 1.61929e+06
791 1.61936e+06
792 1.61936e+06
793 1.61936e+06
794 1.61939e+06
795 1.61944e+06
796 1.61948e+06
797 1.61954e+06
798 1.61961e+06
799 1.61971e+06
800 1.61986e+06
801 1.62e+06
802 1.62006e+06
803 1.62006e+06
804 1.6201e+06
805 1.6201e+06
806 1.6201e+06
807 1.62014e+06
808 1.62014e+06
809 1.62019e+06
810 1.62019e+06
811 1.62022e+06
812 1.62025e+06
813 1.62031e+06
814 1.62037e+06
815 1.62044e+06
816 1.62054e+06
817 1.62062e+06
818 1.62069e+06
819 1.62069e+06
820 1.6207e+06
821 1.62082e+06
822 1.62082e+06
823 1.62087e+06
824 1.62092e+06
825 1.62096e+06
826 1.62108e+06
827 1.62114e+06
828 1.62122e+06
829 1.62127e+06
830 1.62146e+06
831 1.62147e+06
832 1.62145e+06
833 1.62147e+06
834 1.6215e+06
835 1.62163e+06
836 1.62169e+06
837 1.62181e+06
838 1.62184e+06
839 1.62189e+06
840 1.62202e+06
841 1.62207e+06
842 1.6221e+06
843 1.62218e+06
844 1.62224e+06
845 1.62237e+06
846 1.62248e+06
847 1.62252e+06
848 1.62259e+06
849 1.62265e+06
850 1.6227e+06
851 1.62272e+06
852 1.62276e+06
853 1.62286e+06
854 1.6229e+06
855 1.62291e+06
856 1.62298e+06
857 1.62302e+06
858 1.62312e+06
859 1.62316e+06
860 1.6232e+06
861 1.62322e+06
862 1.62335e+06
863 1.62341e+06
864 1.62344e+06
865 1.62348e+06
866 1.62352e+06
867 1.62365e+06
868 1.6237e+06
869 1.62377e+06
870 1.62382e+06
871 1.62391e+06
872 1.624e+06
873 1.62411e+06
874 1.62411e+06
875 1.62416e+06
876 1.6242e+06
877 1.62434e+06
878 1.62435e+06
879 1.62435e+06
880 1.62439e+06
881 1.62446e+06
882 1.62446e+06
883 1.62452e+06
884 1.62453e+06
885 1.62459e+06
886 1.62468e+06
887 1.62474e+06
888 1.62476e+06
889 1.62486e+06
890 1.62487e+06
891 1.62493e+06
892 1.62502e+06
893 1.6251e+06
894 1.62518e+06
895 1.62521e+06
896 1.62523e+06
897 1.62528e+06
898 1.62534e+06
899 1.62535e+06
900 1.62536e+06
901 1.62543e+06
902 1.62552e+06
903 1.62562e+06
904 1.62569e+06
905 1.62572e+06
906 1.62579e+06
907 1.62581e+06
908 1.62584e+06
909 1.62589e+06
910 1.62598e+06
911 1.62602e+06
912 1.6261e+06
913 1.62621e+06
914 1.62627e+06
915 1.62632e+06
916 1.62637e+06
917 1.62642e+06
918 1.62645e+06
919 1.62651e+06
920 1.62657e+06
921 1.62671e+06
922 1.62671e+06
923 1.62684e+06
924 1.62694e+06
925 1.62698e+06
926 1.62706e+06
927 1.62711e+06
928 1.62713e+06
929 1.62727e+06
930 1.62734e+06
931 1.62737e+06
932 1.62738e+06
933 1.62743e+06
934 1.62743e+06
935 1.62744e+06
936 1.62744e+06
937 1.62745e+06
938 1.62755e+06
939 1.62758e+06
940 1.62761e+06
941 1.62764e+06
942 1.6277e+06
943 1.62776e+06
944 1.62779e+06
945 1.6278e+06
946 1.62782e+06
947 1.62782e+06
948 1.62786e+06
949 1.62787e+06
950 1.62789e+06
951 1.62793e+06
952 1.62802e+06
953 1.62805e+06
954 1.6281e+06
955 1.62815e+06
956 1.62819e+06
957 1.62832e+06
958 1.62838e+06
959 1.62839e+06
960 1.6284e+06
961 1.62843e+06
962 1.62851e+06
963 1.62859e+06
964 1.62867e+06
965 1.62872e+06
966 1.62886e+06
967 1.62887e+06
968 1.62895e+06
969 1.62902e+06
970 1.62909e+06
971 1.62914e+06
972 1.62918e+06
973 1.62919e+06
974 1.62919e+06
975 1.62928e+06
976 1.62928e+06
977 1.62928e+06
978 1.62936e+06
979 1.62939e+06
980 1.62954e+06
981 1.6296e+06
982 1.62972e+06
983 1.62975e+06
984 1.6298e+06
985 1.62985e+06
986 1.6299e+06
987 1.62994e+06
988 1.62997e+06
989 1.63004e+06
990 1.63004e+06
991 1.63013e+06
992 1.63018e+06
993 1.63026e+06
994 1.63026e+06
995 1.63026e+06
996 1.63039e+06
997 1.6304e+06
998 1.63045e+06
999 1.63047e+06
1000 1.63051e+06
