128 0.3 0.333
0 156776
1 1.56782e+06
2 1.56787e+06
3 1.56792e+06
4 1.56805e+06
5 1.56808e+06
6 1.5681e+06
7 1.56816e+06
8 1.56823e+06
9 1.56838e+06
10 1.56841e+06
11 1.5685e+06
12 1.56861e+06
13 1.56872e+06
14 1.56884e+06
15 1.56898e+06
16 1.56902e+06
17 1.5692e+06
18 1.56922e+06
19 1.56925e+06
20 1.56951e+06
21 1.56958e+06
22 1.56961e+06
23 1.56964e+06
24 1.56965e+06
25 1.5698e+06
26 1.56984e+06
27 1.56986e+06
28 1.56996e+06
29 1.57015e+06
30 1.57022e+06
31 1.57031e+06
32 1.57042e+06
33 1.5705e+06
34 1.57056e+06
35 1.57065e+06
36 1.57083e+06
37 1.57085e+06
38 1.5709e+06
39 1.57092e+06
40 1.57095e+06
41 1.57101e+06
42 1.5711e+06
43 1.5712e+06
44 1.57127e+06
45 1.57129e+06
46 1.57139e+06
47 1.57147e+06
48 1.57154e+06
49 1.57168e+06
50 1.57171e+06
51 1.57173e+06
52 1.57189e+06
53 1.572e+06
54 1.57204e+06
55 1.57209e+06
56 1.57222e+06
57 1.57232e+06
58 1.57246e+06
59 1.57256e+06
60 1.5727e+06
61 1.57278e+06
62 1.57287e+06
63 1.57297e+06
64 1.57298e+06
65 1.57307e+06
66 1.57312e+06
67 1.57329e+06
68 1.57334e+06
69 1.57335e+06
70 1.5734e+06
71 1.57345e+06
72 1.57359e+06
73 1.57366e+06
74 1.57372e+06
75 1.57379e+06
76 1.57384e+06
77 1.57394e+06
78 1.57402e+06
79 1.57404e+06
80 1.57415e+06
81 1.57433e+06
82 1.5744e+06
83 1.57449e+06
84 1.57451e+06
85 1.57456e+06
86 1.57459e+06
87 1.57468e+06
88 1.57468e+06
89 1.57478e+06
90 1.57488e+06
91 1.57502e+06
92 1.57509e+06
93 1.5751e+06
94 1.57524e+06
95 1.57534e+06
96 1.5754e+06
97 1.57546e+06
98 1.57552e+06
99 1.57569e+06
100 1.57584e+06
101 1.57595e+06
102 1.57612e+06
103 1.57625e+06
104 1.57632e+06
105 1.57641e+06
106 1.57661e+06
107 1.57673e+06
108 1.57682e+06
109 1.57686e+06
110 1.57696e+06
111 1.577e+06
112 1.57702e+06
113 1.57716e+06
114 1.57723e+06
115 1.57728e+06
116 1.57734e+06
117 1.57743e+06
118 1.57746e+06
119 1.57759e+06
120 1.57764e+06
121 1.57769e+06
122 1.57774e+06
123 1.5778e+06
124 1.57789e+06
125 1.578e+06
126 1.57807e+06
127 1.57809e+06
128 1.57829e+06
129 1.57853e+06
130 1.57854e+06
131 1.57859e+06
132 1.57868e+06
133 1.57876e+06
134 1.57895e+06
135 1.57897e+06
136 1.57897e+06
137 1.57909e+06
138 1.57919e+06
139 1.57933e+06
140 1.5794e+06
141 1.57943e+06
142 1.5795e+06
143 1.57954e+06
144 1.5796e+06
145 1.57964e+06
146 1.57976e+06
147 1.57986e+06
148 1.57995e+06
149 1.58002e+06
150 1.58007e+06
151 1.58019e+06
152 1.58028e+06
153 1.58032e+06
154 1.5805e+06
155 1.5806e+06
156 1.58076e+06
157 1.5808e+06
158 1.58085e+06
159 1.58088e+06
160 1.58103e+06
161 1.58109e+06
162 1.5811e+06
163 1.58117e+06
164 1.58131e+06
165 1.58134e+06
166 1.58139e+06
167 1.58147e+06
168 1.58151e+06
169 1.58163e+06
170 1.58174e+06
171 1.58179e+06
172 1.58185e+06
173 1.58187e+06
174 1.58206e+06
175 1.58215e+06
176 1.58219e+06
177 1.58228e+06
178 1.5823e+06
179 1.58237e+06
180 1.58245e+06
181 1.58249e+06
182 1.58272e+06
183 1.58285e+06
184 1.58286e+06
185 1.58286e+06
186 1.58291e+06
187 1.58296e+06
188 1.58302e+06
189 1.58317e+06
190 1.58324e+06
191 1.58326e+06
192 1.58338e+06
193 1.58343e+06
194 1.58354e+06
195 1.58361e+06
196 1.58368e+06
197 1.58378e+06
198 1.58388e+06
199 1.584e+06
200 1.5841e+06
201 1.58416e+06
202 1.58416e+06
203 1.58424e+06
204 1.58432e+06
205 1.58433e+06
206 1.58437e+06
207 1.58444e+06
208 1.5845e+06
209 1.58453e+06
210 1.58456e+06
211 1.58458e+06
212 1.58462e+06
213 1.58464e+06
214 1.58472e+06
215 1.58486e+06
216 1.58494e+06
217 1.58494e+06
218 1.58504e+06
219 1.58507e+06
220 1.58514e+06
221 1.58522e+06
222 1.58526e+06
223 1.58532e+06
224 1.58542e+06
225 1.58546e+06
226 1.58569e+06
227 1.58577e+06
228 1.58582e+06
229 1.58586e+06
230 1.58597e+06
231 1.58607e+06
232 1.58616e+06
233 1.58622e+06
234 1.58628e+06
235 1.58633e+06
236 1.58635e+06
237 1.58647e+06
238 1.58659e+06
239 1.58673e+06
240 1.58681e+06
241 1.58688e+06
242 1.58694e+06
243 1.58699e+06
244 1.58712e+06
245 1.58719e+06
246 1.58723e+06
247 1.58723e+06
248 1.58732e+06
249 1.58742e+06
250 1.58747e+06
251 1.58759e+06
252 1.58759e+06
253 1.58766e+06
254 1.58771e+06
255 1.58772e+06
256 1.58779e+06
257 1.58781e+06
258 1.58788e+06
259 1.58795e+06
260 1.58796e+06
261 1.58799e+06
262 1.58801e+06
263 1.58808e+06
264 1.58811e+06
265 1.58819e+06
266 1.58825e+06
267 1.58833e+06
268 1.58836e+06
269 1.58837e+06
270 1.58843e+06
271 1.58848e+06
272 1.58857e+06
273 1.58862e+06
274 1.58867e+06
275 1.58868e+06
276 1.58873e+06
277 1.58882e+06
278 1.58893e+06
279 1.589e+06
280 1.58902e+06
281 1.58907e+06
282 1.58912e+06
283 1.58926e+06
284 1.58935e+06
285 1.58944e+06
286 1.58946e+06
287 1.58949e+06
288 1.5896e+06
289 1.58961e+06
290 1.58966e+06
291 1.58977e+06
292 1.5898e+06
293 1.58989e+06
294 1.58994e+06
295 1.58998e+06
296 1.59e+06
297 1.59018e+06
298 1.59022e+06
299 1.59029e+06
300 1.59041e+06
301 1.59049e+06
302 1.59053e+06
303 1.59056e+06
304 1.5907e+06
305 1.59071e+06
306 1.59076e+06
307 1.59079e+06
308 1.59084e+06
309 1.5909e+06
310 1.59098e+06
311 1.59102e+06
312 1.59103e+06
313 1.59109e+06
314 1.59112e+06
315 1.59123e+06
316 1.59127e+06
317 1.59136e+06
318 1.59147e+06
319 1.5916e+06
320 1.59166e+06
321 1.59178e+06
322 1.59188e+06
323 1.59193e+06
324 1.59201e+06
325 1.59205e+06
326 1.59213e+06
327 1.59222e+06
328 1.59225e+06
329 1.59232e+06
330 1.59239e+06
331 1.59243e+06
332 1.59251e+06
333 1.59261e+06
334 1.59267e+06
335 1.59269e+06
336 1.59278e+06
337 1.59279e+06
338 1.59279e+06
339 1.59293e+06
340 1.59299e+06
341 1.593e+06
342 1.59309e+06
343 1.59312e+06
344 1.59314e+06
345 1.59319e+06
346 1.59331e+06
347 1.59338e+06
348 1.59345e+06
349 1.59355e+06
350 1.59361e+06
351 1.59364e+06
352 1.5937e+06
353 1.5938e+06
354 1.59388e+06
355 1.59406e+06
356 1.59409e+06
357 1.59411e+06
358 1.5942e+06
359 1.59423e+06
360 1.59438e+06
361 1.5944e+06
362 1.59447e+06
363 1.5945e+06
364 1.59453e+06
365 1.59455e+06
366 1.59466e+06
367 1.59469e+06
368 1.59477e+06
369 1.59487e+06
370 1.59496e+06
371 1.59503e+06
372 1.59511e+06
373 1.59512e+06
374 1.59525e+06
375 1.59534e+06
376 1.59537e+06
377 1.59543e+06
378 1.5955e+06
379 1.59554e+06
380 1.59557e+06
381 1.59568e+06
382 1.59576e+06
383 1.59588e+06
384 1.59598e+06
385 1.59618e+06
386 1.59623e+06
387 1.59627e+06
388 1.59627e+06
389 1.59637e+06
390 1.5965e+06
391 1.5965e+06
392 1.59656e+06
393 1.59657e+06
394 1.59662e+06
395 1.5968e+06
396 1.59684e+06
397 1.59694e+06
398 1.59704e+06
399 1.59712e+06
400 1.59715e+06
401 1.59727e+06
402 1.59735e+06
403 1.5974e+06
404 1.59745e+06
405 1.5975e+06
406 1.59752e+06
407 1.5976e+06
408 1.59762e+06
409 1.59765e+06
410 1.59772e+06
411 1.59778e+06
412 1.59781e+06
413 1.59795e+06
414 1.598e+06
415 1.59804e+06
416 1.5981e+06
417 1.59818e+06
418 1.59825e+06
419 1.5984e+06
420 1.59844e+06
421 1.59845e+06
422 1.59862e+06
423 1.5987e+06
424 1.59875e+06
425 1.59877e+06
426 1.59886e+06
427 1.5989e+06
428 1.59902e+06
429 1.59909e+06
430 1.59912e+06
431 1.59913e+06
432 1.59916e+06
433 1.59919e+06
434 1.59923e+06
435 1.59934e+06
436 1.59947e+06
437 1.5995e+06
438 1.59954e+06
439 1.59963e+06
440 1.59973e+06
441 1.59984e+06
442 1.59986e+06
443 1.59994e+06
444 1.59996e+06
445 1.60003e+06
446 1.60014e+06
447 1.60019e+06
448 1.60026e+06
449 1.6003e+06
450 1.60034e+06
451 1.60042e+06
452 1.60046e+06
453 1.60054e+06
454 1.60066e+06
455 1.6007e+06
456 1.60074e+06
457 1.6008e+06
458 1.60087e+06
459 1.60099e+06
460 1.6011e+06
461 1.60111e+06
462 1.60115e+06
463 1.60116e+06
464 1.60118e+06
465 1.60121e+06
466 1.60124e+06
467 1.60124e+06
468 1.60128e+06
469 1.60138e+06
470 1.60141e+06
471 1.60143e+06
472 1.60148e+06
473 1.60156e+06
474 1.60158e+06
475 1.6016e+06
476 1.60167e+06
477 1.60173e+06
478 1.60183e+06
479 1.60184e+06
480 1.60186e+06
481 1.60188e+06
482 1.60191e+06
483 1.60208e+06
484 1.60212e+06
485 1.60222e+06
486 1.60233e+06
487 1.60239e+06
488 1.60248e+06
489 1.60252e+06
490 1.60262e+06
491 1.6027e+06
492 1.60274e+06
493 1.60277e+06
494 1.60287e+06
495 1.60286e+06
496 1.60292e+06
497 1.60299e+06
498 1.60317e+06
499 1.60324e+06
500 1.60329e+06
501 1.6033e+06
502 1.60332e+06
503 1.60335e+06
504 1.60337e+06
505 1.60342e+06
506 1.60342e+06
507 1.60346e+06
508 1.60353e+06
509 1.60357e+06
510 1.60364e+06
511 1.60373e+06
512 1.60377e+06
513 1.6039e+06
514 1.60395e+06
515 1.60405e+06
516 1.60408e+06
517 1.60413e+06
518 1.60416e+06
519 1.60418e+06
520 1.60423e+06
521 1.60424e+06
522 1.60434e+06
523 1.60443e+06
524 1.60456e+06
525 1.60459e+06
526 1.60466e+06
527 1.60469e+06
528 1.60475e+06
529 1.60478e+06
530 1.60484e+06
531 1.60499e+06
532 1.60504e+06
533 1.60504e+06
534 1.60514e+06
535 1.60518e+06
536 1.60532e+06
537 1.60535e+06
538 1.60546e+06
539 1.60548e+06
540 1.60554e+06
541 1.60567e+06
542 1.60573e+06
543 1.60586e+06
544 1.60587e+06
545 1.60599e+06
546 1.60599e+06
547 1.60603e+06
548 1.60605e+06
549 1.60614e+06
550 1.60622e+06
551 1.60634e+06
552 1.60649e+06
553 1.60654e+06
554 1.60655e+06
555 1.60657e+06
556 1.60659e+06
557 1.60664e+06
558 1.60667e+06
559 1.60678e+06
560 1.60681e+06
561 1.60686e+06
562 1.60694e+06
563 1.60702e+06
564 1.60705e+06
565 1.60709e+06
566 1.60715e+06
567 1.60719e+06
568 1.60722e+06
569 1.60722e+06
570 1.6073e+06
571 1.60732e+06
572 1.60736e+06
573 1.6074e+06
574 1.60746e+06
575 1.60757e+06
576 1.60763e+06
577 1.60773e+06
578 1.60773e+06
579 1.60781e+06
580 1.60789e+06
581 1.6079e+06
582 1.608e+06
583 1.6081e+06
584 1.60817e+06
585 1.60822e+06
586 1.60824e+06
587 1.60826e+06
588 1.60826e+06
589 1.60833e+06
590 1.6084e+06
591 1.60845e+06
592 1.60846e+06
593 1.60852e+06
594 1.60859e+06
595 1.60866e+06
596 1.60866e+06
597 1.60869e+06
598 1.60875e+06
599 1.60881e+06
600 1.60883e+06
601 1.60893e+06
602 1.609e+06
603 1.609e+06
604 1.60911e+06
605 1.6092e+06
606 1.60929e+06
607 1.60942e+06
608 1.60947e+06
609 1.60959e+06
610 1.60964e+06
611 1.60971e+06
612 1.60982e+06
613 1.60985e+06
614 1.60995e+06
615 1.60996e+06
616 1.60997e+06
617 1.60999e+06
618 1.61002e+06
619 1.61011e+06
620 1.61014e+06
621 1.61029e+06
622 1.61034e+06
623 1.61039e+06
624 1.61046e+06
625 1.61046e+06
626 1.61053e+06
627 1.6106e+06
628 1.61061e+06
629 1.61066e+06
630 1.61078e+06
631 1.6108e+06
632 1.61081e+06
633 1.61083e+06
634 1.61085e+06
635 1.61093e+06
636 1.61093e+06
637 1.61094e+06
638 1.61107e+06
639 1.6111e+06
640 1.61115e+06
641 1.61117e+06
642 1.61123e+06
643 1.61123e+06
644 1.61128e+06
645 1.61133e+06
646 1.61141e+06
647 1.61143e+06
648 1.61147e+06
649 1.61149e+06
650 1.61156e+06
651 1.61172e+06
652 1.61178e+06
653 1.61193e+06
654 1.61201e+06
655 1.61201e+06
656 1.61202e+06
657 1.61214e+06
658 1.61222e+06
659 1.61229e+06
660 1.61235e+06
661 1.61238e+06
662 1.61241e+06
663 1.61243e+06
664 1.61244e+06
665 1.61245e+06
666 1.61245e+06
667 1.61251e+06
668 1.61267e+06
669 1.61274e+06
670 1.61276e+06
671 1.61284e+06
672 1.61289e+06
673 1.61294e+06
674 1.613e+06
675 1.61302e+06
676 1.61309e+06
677 1.61316e+06
678 1.61318e+06
679 1.61321e+06
680 1.61321e+06
681 1.61321e+06
682 1.61325e+06
683 1.6133e+06
684 1.61334e+06
685 1.61336e+06
686 1.61336e+06
687 1.61344e+06
688 1.61352e+06
689 1.61362e+06
690 1.61372e+06
691 1.61384e+06
692 1.6139e+06
693 1.61407e+06
694 1.61408e+06
695 1.61411e+06
696 1.61415e+06
697 1.6142e+06
698 1.61427e+06
699 1.61432e+06
700 1.61442e+06
701 1.61444e+06
702 1.61446e+06
703 1.61448e+06
704 1.61467e+06
705 1.61467e+06
706 1.61476e+06
707 1.61482e+06
708 1.61484e+06
709 1.61489e+06
710 1.61491e+06
711 1.61497e+06
712 1.615e+06
713 1.61504e+06
714 1.61508e+06
715 1.61513e+06
716 1.61514e+06
717 1.61525e+06
718 1.6153e+06
719 1.61533e+06
720 1.61536e+06
721 1.61539e+06
722 1.6155e+06
723 1.6155e+06
724 1.61553e+06
725 1.61574e+06
726 1.61578e+06
727 1.61582e+06
728 1.61586e+06
729 1.61588e+06
730 1.61605e+06
731 1.61612e+06
732 1.61618e+06
733 1.61618e+06
734 1.61619e+06
735 1.61621e+06
736 1.61623e+06
737 1.61627e+06
738 1.61634e+06
739 1.61637e+06
740 1.61643e+06
741 1.61643e+06
742 1.61649e+06
743 1.61651e+06
744 1.61663e+06
745 1.61664e+06
746 1.61665e+06
747 1.61682e+06
748 1.61688e+06
749 1.61688e+06
750 1.617e+06
751 1.61708e+06
752 1.61709e+06
753 1.61714e+06
754 1.61724e+06
755 1.61725e+06
756 1.61727e+06
757 1.61727e+06
758 1.61731e+06
759 1.61741e+06
760 1.61746e+06
761 1.61749e+06
762 1.61753e+06
763 1.6176e+06
764 1.61762e+06
765 1.61763e+06
766 1.6177e+06
767 1.61774e+06
768 1.61774e+06
769 1.61775e+06
770 1.61778e+06
771 1.61789e+06
772 1.61798e+06
773 1.61802e+06
774 1.61808e+06
775 1.61815e+06
776 1.61826e+06
777 1.6183e+06
778 1.61836e+06
779 1.61851e+06
780 1.61852e+06
781 1.61862e+06
782 1.6187e+06
783 1.6188e+06
784 1.61891e+06
785 1.61894e+06
786 1.61902e+06
787 1.61905e+06
788 1.61919e+06
789 1.61925e+06
790 1.61926e+06
791 1.61934e+06
792 1.61934e+06
793 1.61946e+06
794 1.61955e+06
795 1.61958e+06
796 1.61962e+06
797 1.61963e+06
798 1.61968e+06
799 1.61973e+06
800 1.61978e+06
801 1.61983e+06
802 1.61992e+06
803 1.61997e+06
804 1.62005e+06
805 1.62007e+06
806 1.62014e+06
807 1.62014e+06
808 1.6202e+06
809 1.62024e+06
810 1.62033e+06
811 1.62034e+06
812 1.62035e+06
813 1.62043e+06
814 1.62043e+06
815 1.62052e+06
816 1.62052e+06
817 1.62053e+06
818 1.62059e+06
819 1.62062e+06
820 1.62066e+06
821 1.6207e+06
822 1.62074e+06
823 1.62076e+06
824 1.62077e+06
825 1.62078e+06
826 1.62091e+06
827 1.62093e+06
828 1.62093e+06
829 1.62094e+06
830 1.62095e+06
831 1.62096e+06
832 1.62102e+06
833 1.62109e+06
834 1.62109e+06
835 1.62113e+06
836 1.62123e+06
837 1.6213e+06
838 1.62133e+06
839 1.6214e+06
840 1.62142e+06
841 1.62144e+06
842 1.62149e+06
843 1.62154e+06
844 1.62163e+06
845 1.62175e+06
846 1.62182e+06
847 1.62185e+06
848 1.62191e+06
849 1.62194e+06
850 1.62202e+06
851 1.62205e+06
852 1.62205e+06
853 1.62211e+06
854 1.62217e+06
855 1.62225e+06
856 1.62232e+06
857 1.62239e+06
858 1.62239e+06
859 1.62241e+06
860 1.6225e+06
861 1.62274e+06
862 1.62278e+06
863 1.62288e+06
864 1.62303e+06
865 1.62303e+06
866 1.62303e+06
867 1.6231e+06
868 1.62316e+06
869 1.62318e+06
870 1.62319e+06
871 1.62326e+06
872 1.6233e+06
873 1.62332e+06
874 1.62339e+06
875 1.62344e+06
876 1.62349e+06
877 1.6235e+06
878 1.62358e+06
879 1.62367e+06
880 1.62369e+06
881 1.62377e+06
882 1.62384e+06
883 1.62393e+06
884 1.62394e+06
885 1.62404e+06
886 1.62404e+06
887 1.6242e+06
888 1.62424e+06
889 1.62429e+06
890 1.62433e+06
891 1.62437e+06
892 1.6244e+06
893 1.62445e+06
894 1.62465e+06
895 1.62471e+06
896 1.62473e+06
897 1.62477e+06
898 1.62483e+06
899 1.62486e+06
900 1.62494e+06
901 1.62498e+06
902 1.62502e+06
903 1.62517e+06
904 1.62525e+06
905 1.6253e+06
906 1.62538e+06
907 1.62539e+06
908 1.62542e+06
909 1.6255e+06
910 1.62557e+06
911 1.62561e+06
912 1.62565e+06
913 1.62572e+06
914 1.62576e+06
915 1.62579e+06
916 1.6259e+06
917 1.62598e+06
918 1.62606e+06
919 1.62607e+06
920 1.62617e+06
921 1.62625e+06
922 1.62631e+06
923 1.62636e+06
924 1.62649e+06
925 1.62655e+06
926 1.6267e+06
927 1.62676e+06
928 1.62678e+06
929 1.62685e+06
930 1.62686e+06
931 1.62692e+06
932 1.62695e+06
933 1.62699e+06
934 1.62702e+06
935 1.62704e+06
936 1.6272e+06
937 1.62726e+06
938 1.6273e+06
939 1.62741e+06
940 1.62742e+06
941 1.62747e+06
942 1.62751e+06
943 1.62754e+06
944 1.6276e+06
945 1.62769e+06
946 1.62775e+06
947 1.62776e+06
948 1.62786e+06
949 1.62791e+06
950 1.62793e+06
951 1.62798e+06
952 1.62799e+06
953 1.628e+06
954 1.62814e+06
955 1.62819e+06
956 1.62822e+06
957 1.62827e+06
958 1.62828e+06
959 1.62835e+06
960 1.6284e+06
961 1.62842e+06
962 1.62851e+06
963 1.62854e+06
964 1.62858e+06
965 1.62867e+06
966 1.62874e+06
967 1.62875e+06
968 1.62876e+06
969 1.62881e+06
970 1.62889e+06
971 1.62889e+06
972 1.62893e+06
973 1.62897e+06
974 1.62901e+06
975 1.62914e+06
976 1.62914e+06
977 1.62914e+06
978 1.62924e+06
979 1.62925e+06
980 1.62932e+06
981 1.62932e+06
982 1.62935e+06
983 1.62937e+06
984 1.6294e+06
985 1.62949e+06
986 1.62954e+06
987 1.6296e+06
988 1.62962e+06
989 1.62962e+06
990 1.62975e+06
991 1.62984e+06
992 1.62989e+06
993 1.62991e+06
994 1.62997e+06
995 1.63001e+06
996 1.63006e+06
997 1.63015e+06
998 1.63016e+06
999 1.63016e+06
1000 1.63022e+06
