128 0.3 0.251
0 156776
1 1.56782e+06
2 1.56791e+06
3 1.5681e+06
4 1.56815e+06
5 1.56822e+06
6 1.56824e+06
7 1.56828e+06
8 1.5683e+06
9 1.56837e+06
10 1.5685e+06
11 1.56862e+06
12 1.56871e+06
13 1.56875e+06
14 1.56878e+06
15 1.56886e+06
16 1.56896e+06
17 1.56902e+06
18 1.56909e+06
19 1.56928e+06
20 1.5693e+06
21 1.56934e+06
22 1.56942e+06
23 1.56959e+06
24 1.56965e+06
25 1.56979e+06
26 1.56987e+06
27 1.56992e+06
28 1.57022e+06
29 1.57024e+06
30 1.57034e+06
31 1.5704e+06
32 1.57054e+06
33 1.57058e+06
34 1.57066e+06
35 1.57067e+06
36 1.57078e+06
37 1.57079e+06
38 1.57083e+06
39 1.57085e+06
40 1.57088e+06
41 1.57097e+06
42 1.57106e+06
43 1.57111e+06
44 1.57118e+06
45 1.5712e+06
46 1.57127e+06
47 1.5713e+06
48 1.57129e+06
49 1.57141e+06
50 1.57146e+06
51 1.57163e+06
52 1.57167e+06
53 1.57184e+06
54 1.57185e+06
55 1.57201e+06
56 1.57215e+06
57 1.57223e+06
58 1.57227e+06
59 1.57245e+06
60 1.57256e+06
61 1.57262e+06
62 1.57275e+06
63 1.5728e+06
64 1.5729e+06
65 1.57301e+06
66 1.57303e+06
67 1.57315e+06
68 1.57321e+06
69 1.57323e+06
70 1.57335e+06
71 1.5734e+06
72 1.57343e+06
73 1.57354e+06
74 1.57367e+06
75 1.57371e+06
76 1.57381e+06
77 1.57386e+06
78 1.57396e+06
79 1.57406e+06
80 1.57406e+06
81 1.5741e+06
82 1.57416e+06
83 1.57426e+06
84 1.57426e+06
85 1.5743e+06
86 1.57435e+06
87 1.57437e+06
88 1.57448e+06
89 1.57449e+06
90 1.57456e+06
91 1.57455e+06
92 1.57463e+06
93 1.57471e+06
94 1.57474e+06
95 1.57479e+06
96 1.57485e+06
97 1.57496e+06
98 1.57498e+06
99 1.57512e+06
100 1.57534e+06
101 1.57532e+06
102 1.57545e+06
103 1.57558e+06
104 1.57568e+06
105 1.57576e+06
106 1.57583e+06
107 1.57585e+06
108 1.57599e+06
109 1.57601e+06
110 1.57616e+06
111 1.57623e+06
112 1.57634e+06
113 1.57646e+06
114 1.57648e+06
115 1.57648e+06
116 1.57656e+06
117 1.57663e+06
118 1.57674e+06
119 1.57676e+06
120 1.57684e+06
121 1.57689e+06
122 1.57696e+06
123 1.57703e+06
124 1.57707e+06
125 1.57731e+06
126 1.57736e+06
127 1.57737e+06
128 1.5775e+06
129 1.57758e+06
130 1.57764e+06
131 1.57774e+06
132 1.5778e+06
133 1.57792e+06
134 1.57803e+06
135 1.5782e+06
136 1.57822e+06
137 1.57824e+06
138 1.57829e+06
139 1.57839e+06
140 1.57845e+06
141 1.57851e+06
142 1.57854e+06
143 1.57872e+06
144 1.57876e+06
145 1.57881e+06
146 1.57889e+06
147 1.57896e+06
148 1.57915e+06
149 1.5792e+06
150 1.57929e+06
151 1.57945e+06
152 1.57951e+06
153 1.57963e+06
154 1.57974e+06
155 1.57981e+06
156 1.5799e+06
157 1.57995e+06
158 1.57999e+06
159 1.57999e+06
160 1.58005e+06
161 1.58013e+06
162 1.58016e+06
163 1.58025e+06
164 1.58031e+06
165 1.58031e+06
166 1.58043e+06
167 1.58047e+06
168 1.58049e+06
169 1.58052e+06
170 1.58055e+06
171 1.58057e+06
172 1.58066e+06
173 1.58072e+06
174 1.58081e+06
175 1.58088e+06
176 1.58103e+06
177 1.58107e+06
178 1.58108e+06
179 1.58111e+06
180 1.58115e+06
181 1.58121e+06
182 1.58132e+06
183 1.58137e+06
184 1.5815e+06
185 1.58153e+06
186 1.58154e+06
187 1.58158e+06
188 1.58172e+06
189 1.58183e+06
190 1.58196e+06
191 1.58199e+06
192 1.58213e+06
193 1.58214e+06
194 1.58219e+06
195 1.58225e+06
196 1.58227e+06
197 1.58231e+06
198 1.58234e+06
199 1.58251e+06
200 1.58265e+06
201 1.58275e+06
202 1.58283e+06
203 1.58295e+06
204 1.58302e+06
205 1.58309e+06
206 1.58313e+06
207 1.58318e+06
208 1.58323e+06
209 1.58327e+06
210 1.58331e+06
211 1.58346e+06
212 1.58359e+06
213 1.58359e+06
214 1.58369e+06
215 1.58376e+06
216 1.58394e+06
217 1.58399e+06
218 1.58408e+06
219 1.5841e+06
220 1.58436e+06
221 1.58443e+06
222 1.58451e+06
223 1.58453e+06
224 1.58461e+06
225 1.58464e+06
226 1.58467e+06
227 1.58474e+06
228 1.5848e+06
229 1.58484e+06
230 1.58488e+06
231 1.58492e+06
232 1.58502e+06
233 1.58502e+06
234 1.58501e+06
235 1.58506e+06
236 1.58524e+06
237 1.58531e+06
238 1.58542e+06
239 1.58551e+06
240 1.58558e+06
241 1.58562e+06
242 1.58571e+06
243 1.58576e+06
244 1.58577e+06
245 1.58584e+06
246 1.58588e+06
247 1.58592e+06
248 1.58598e+06
249 1.58611e+06
250 1.58614e+06
251 1.58617e+06
252 1.58621e+06
253 1.58631e+06
254 1.58636e+06
255 1.58648e+06
256 1.58656e+06
257 1.5867e+06
258 1.58676e+06
259 1.58684e+06
260 1.58683e+06
261 1.58687e+06
262 1.58697e+06
263 1.587e+06
264 1.58707e+06
265 1.58716e+06
266 1.58723e+06
267 1.58729e+06
268 1.58736e+06
269 1.58743e+06
270 1.58747e+06
271 1.58753e+06
272 1.5876e+06
273 1.58763e+06
274 1.58774e+06
275 1.58777e+06
276 1.58789e+06
277 1.588e+06
278 1.58807e+06
279 1.58809e+06
280 1.58818e+06
281 1.58824e+06
282 1.58834e+06
283 1.58836e+06
284 1.58841e+06
285 1.58845e+06
286 1.58852e+06
287 1.58857e+06
288 1.58873e+06
289 1.58896e+06
290 1.58898e+06
291 1.58906e+06
292 1.58917e+06
293 1.58918e+06
294 1.58917e+06
295 1.58926e+06
296 1.58929e+06
297 1.5893e+06
298 1.58931e+06
299 1.58943e+06
300 1.58954e+06
301 1.58959e+06
302 1.58964e+06
303 1.58978e+06
304 1.58984e+06
305 1.58991e+06
306 1.59001e+06
307 1.59004e+06
308 1.59015e+06
309 1.59022e+06
310 1.59028e+06
311 1.59034e+06
312 1.59043e+06
313 1.59044e+06
314 1.5905e+06
315 1.59057e+06
316 1.59056e+06
317 1.59065e+06
318 1.59068e+06
319 1.59068e+06
320 1.5908e+06
321 1.59091e+06
322 1.59103e+06
323 1.59106e+06
324 1.59108e+06
325 1.59115e+06
326 1.59126e+06
327 1.59126e+06
328 1.5913e+06
329 1.59137e+06
330 1.59141e+06
331 1.59143e+06
332 1.59151e+06
333 1.59167e+06
334 1.59174e+06
335 1.59179e+06
336 1.59186e+06
337 1.59188e+06
338 1.59188e+06
339 1.59192e+06
340 1.59196e+06
341 1.59201e+06
342 1.5921e+06
343 1.59212e+06
344 1.59216e+06
345 1.59229e+06
346 1.59229e+06
347 1.59235e+06
348 1.59237e+06
349 1.59243e+06
350 1.59262e+06
351 1.59262e+06
352 1.59266e+06
353 1.59276e+06
354 1.59289e+06
355 1.59295e+06
356 1.59297e+06
357 1.59301e+06
358 1.59306e+06
359 1.59314e+06
360 1.5932e+06
361 1.5932e+06
362 1.59323e+06
363 1.59323e+06
364 1.59326e+06
365 1.59331e+06
366 1.59337e+06
367 1.59348e+06
368 1.5935e+06
369 1.59358e+06
370 1.59372e+06
371 1.59381e+06
372 1.59386e+06
373 1.59388e+06
374 1.59399e+06
375 1.59405e+06
376 1.59414e+06
377 1.59418e+06
378 1.59421e+06
379 1.59426e+06
380 1.59431e+06
381 1.59433e+06
382 1.59439e+06
383 1.59443e+06
384 1.59446e+06
385 1.59453e+06
386 1.59459e+06
387 1.59463e+06
388 1.59468e+06
389 1.59471e+06
390 1.59475e+06
391 1.59479e+06
392 1.59484e+06
393 1.59488e+06
394 1.59492e+06
395 1.59494e+06
396 1.59494e+06
397 1.59496e+06
398 1.595e+06
399 1.59507e+06
400 1.59511e+06
401 1.5951e+06
402 1.59512e+06
403 1.59517e+06
404 1.59521e+06
405 1.59527e+06
406 1.59537e+06
407 1.59538e+06
408 1.59548e+06
409 1.59557e+06
410 1.59567e+06
411 1.59577e+06
412 1.59585e+06
413 1.59588e+06
414 1.59594e+06
415 1.59595e+06
416 1.59604e+06
417 1.59614e+06
418 1.59622e+06
419 1.59628e+06
420 1.59636e+06
421 1.59646e+06
422 1.59647e+06
423 1.59654e+06
424 1.59666e+06
425 1.59668e+06
426 1.59674e+06
427 1.59684e+06
428 1.59691e+06
429 1.59696e+06
430 1.597e+06
431 1.59709e+06
432 1.5971e+06
433 1.59717e+06
434 1.59717e+06
435 1.59729e+06
436 1.59736e+06
437 1.59741e+06
438 1.59744e+06
439 1.59744e+06
440 1.59751e+06
441 1.59756e+06
442 1.59765e+06
443 1.59766e+06
444 1.59773e+06
445 1.59783e+06
446 1.59789e+06
447 1.59796e+06
448 1.598e+06
449 1.59816e+06
450 1.59817e+06
451 1.59824e+06
452 1.59831e+06
453 1.59835e+06
454 1.59836e+06
455 1.59842e+06
456 1.59848e+06
457 1.59847e+06
458 1.59852e+06
459 1.59857e+06
460 1.59858e+06
461 1.59866e+06
462 1.59881e+06
463 1.59888e+06
464 1.59893e+06
465 1.59907e+06
466 1.59914e+06
467 1.59921e+06
468 1.59932e+06
469 1.59936e+06
470 1.59944e+06
471 1.59946e+06
472 1.59947e+06
473 1.59955e+06
474 1.59958e+06
475 1.5996e+06
476 1.59975e+06
477 1.59982e+06
478 1.59993e+06
479 1.59995e+06
480 1.6001e+06
481 1.60014e+06
482 1.60021e+06
483 1.60035e+06
484 1.6004e+06
485 1.60043e+06
486 1.60049e+06
487 1.60056e+06
488 1.60062e+06
489 1.60069e+06
490 1.60076e+06
491 1.60078e+06
492 1.60079e+06
493 1.60095e+06
494 1.60107e+06
495 1.60112e+06
496 1.60125e+06
497 1.60132e+06
498 1.60139e+06
499 1.60146e+06
500 1.60147e+06
501 1.60154e+06
502 1.60158e+06
503 1.60158e+06
504 1.60168e+06
505 1.60168e+06
506 1.60167e+06
507 1.60168e+06
508 1.60176e+06
509 1.60191e+06
510 1.60196e+06
511 1.60201e+06
512 1.60204e+06
513 1.60205e+06
514 1.60208e+06
515 1.60216e+06
516 1.60218e+06
517 1.60225e+06
518 1.60238e+06
519 1.60239e+06
520 1.60245e+06
521 1.6025e+06
522 1.60259e+06
523 1.60262e+06
524 1.6027e+06
525 1.60273e+06
526 1.60272e+06
527 1.60275e+06
528 1.6028e+06
529 1.6029e+06
530 1.60299e+06
531 1.60312e+06
532 1.60313e+06
533 1.60317e+06
534 1.6033e+06
535 1.60338e+06
536 1.6034e+06
537 1.60344e+06
538 1.6036e+06
539 1.60363e+06
540 1.60374e+06
541 1.60388e+06
542 1.60389e+06
543 1.60396e+06
544 1.60401e+06
545 1.60401e+06
546 1.60413e+06
547 1.60426e+06
548 1.60426e+06
549 1.60427e+06
550 1.6044e+06
551 1.60443e+06
552 1.60446e+06
553 1.60454e+06
554 1.60467e+06
555 1.60477e+06
556 1.60489e+06
557 1.60501e+06
558 1.605e+06
559 1.60502e+06
560 1.60505e+06
561 1.60505e+06
562 1.60517e+06
563 1.60522e+06
564 1.60524e+06
565 1.60531e+06
566 1.60542e+06
567 1.6055e+06
568 1.60551e+06
569 1.6055e+06
570 1.60554e+06
571 1.60555e+06
572 1.60567e+06
573 1.60586e+06
574 1.60587e+06
575 1.60596e+06
576 1.606e+06
577 1.60606e+06
578 1.60606e+06
579 1.6061e+06
580 1.6061e+06
581 1.6061e+06
582 1.60615e+06
583 1.60628e+06
584 1.60628e+06
585 1.60628e+06
586 1.60631e+06
587 1.6064e+06
588 1.60641e+06
589 1.60654e+06
590 1.60663e+06
591 1.60667e+06
592 1.60684e+06
593 1.60686e+06
594 1.60689e+06
595 1.60706e+06
596 1.60711e+06
597 1.60726e+06
598 1.60733e+06
599 1.60739e+06
600 1.6074e+06
601 1.60747e+06
602 1.60754e+06
603 1.60766e+06
604 1.60778e+06
605 1.60779e+06
606 1.60783e+06
607 1.60789e+06
608 1.60796e+06
609 1.60798e+06
610 1.60802e+06
611 1.60808e+06
612 1.60812e+06
613 1.60816e+06
614 1.60825e+06
615 1.60828e+06
616 1.60836e+06
617 1.6084e+06
618 1.60847e+06
619 1.60854e+06
620 1.60858e+06
621 1.6087e+06
622 1.60876e+06
623 1.60875e+06
624 1.60877e+06
625 1.60877e+06
626 1.60883e+06
627 1.60885e+06
628 1.60885e+06
629 1.60896e+06
630 1.60897e+06
631 1.60905e+06
632 1.60908e+06
633 1.60912e+06
634 1.60922e+06
635 1.60923e+06
636 1.60929e+06
637 1.60934e+06
638 1.60934e+06
639 1.60942e+06
640 1.60941e+06
641 1.60943e+06
642 1.60943e+06
643 1.60957e+06
644 1.60964e+06
645 1.60964e+06
646 1.60968e+06
647 1.60975e+06
648 1.60978e+06
649 1.60986e+06
650 1.60997e+06
651 1.60997e+06
652 1.60998e+06
653 1.60998e+06
654 1.61008e+06
655 1.6101e+06
656 1.61013e+06
657 1.61015e+06
658 1.61023e+06
659 1.61026e+06
660 1.61035e+06
661 1.61038e+06
662 1.61038e+06
663 1.61043e+06
664 1.61057e+06
665 1.61061e+06
666 1.61065e+06
667 1.61071e+06
668 1.61082e+06
669 1.61082e+06
670 1.61086e+06
671 1.6109e+06
672 1.61094e+06
673 1.61098e+06
674 1.61106e+06
675 1.61111e+06
676 1.61113e+06
677 1.61132e+06
678 1.61135e+06
679 1.61138e+06
680 1.61149e+06
681 1.6115e+06
682 1.61157e+06
683 1.61169e+06
684 1.61171e+06
685 1.61183e+06
686 1.61183e+06
687 1.61188e+06
688 1.61191e+06
689 1.61193e+06
690 1.61198e+06
691 1.612e+06
692 1.61206e+06
693 1.61219e+06
694 1.61236e+06
695 1.61242e+06
696 1.61242e+06
697 1.61244e+06
698 1.61252e+06
699 1.61253e+06
700 1.61257e+06
701 1.61262e+06
702 1.61268e+06
703 1.61273e+06
704 1.61279e+06
705 1.61284e+06
706 1.61288e+06
707 1.6129e+06
708 1.6131e+06
709 1.61309e+06
710 1.61313e+06
711 1.61324e+06
712 1.61324e+06
713 1.61325e+06
714 1.6133e+06
715 1.6133e+06
716 1.61335e+06
717 1.61355e+06
718 1.61366e+06
719 1.6137e+06
720 1.61383e+06
721 1.61394e+06
722 1.61404e+06
723 1.61406e+06
724 1.61422e+06
725 1.61422e+06
726 1.61427e+06
727 1.61426e+06
728 1.61444e+06
729 1.61447e+06
730 1.61452e+06
731 1.61455e+06
732 1.61454e+06
733 1.61461e+06
734 1.61464e+06
735 1.61466e+06
736 1.61472e+06
737 1.61476e+06
738 1.61483e+06
739 1.61486e+06
740 1.61494e+06
741 1.61495e+06
742 1.61502e+06
743 1.61508e+06
744 1.61514e+06
745 1.61523e+06
746 1.61531e+06
747 1.61536e+06
748 1.61536e+06
749 1.61542e+06
750 1.61545e+06
751 1.61557e+06
752 1.6156e+06
753 1.61568e+06
754 1.61578e+06
755 1.61587e+06
756 1.61596e+06
757 1.61598e+06
758 1.61597e+06
759 1.61604e+06
760 1.61608e+06
761 1.61618e+06
762 1.61622e+06
763 1.61629e+06
764 1.61645e+06
765 1.61658e+06
766 1.61661e+06
767 1.61671e+06
768 1.61682e+06
769 1.61692e+06
770 1.61694e+06
771 1.61693e+06
772 1.61695e+06
773 1.61703e+06
774 1.61706e+06
775 1.61711e+06
776 1.61718e+06
777 1.61723e+06
778 1.61735e+06
779 1.6175e+06
780 1.61755e+06
781 1.61756e+06
782 1.6176e+06
783 1.61771e+06
784 1.61775e+06
785 1.61781e+06
786 1.61781e+06
787 1.61785e+06
788 1.61791e+06
789 1.61797e+06
790 1.618e+06
791 1.61816e+06
792 1.61826e+06
793 1.61838e+06
794 1.61845e+06
795 1.61847e+06
796 1.61851e+06
797 1.61853e+06
798 1.61857e+06
799 1.61858e+06
800 1.61864e+06
801 1.61864e+06
802 1.61873e+06
803 1.61876e+06
804 1.61881e+06
805 1.61884e+06
806 1.61883e+06
807 1.61888e+06
808 1.61891e+06
809 1.61894e+06
810 1.61896e+06
811 1.61899e+06
812 1.61898e+06
813 1.61907e+06
814 1.61907e+06
815 1.61908e+06
816 1.61909e+06
817 1.61914e+06
818 1.61916e+06
819 1.6192e+06
820 1.61926e+06
821 1.61929e+06
822 1.61932e+06
823 1.61934e+06
824 1.61944e+06
825 1.61946e+06
826 1.6195e+06
827 1.61952e+06
828 1.61959e+06
829 1.61964e+06
830 1.61965e+06
831 1.6197e+06
832 1.61971e+06
833 1.61974e+06
834 1.61977e+06
835 1.61988e+06
836 1.6199e+06
837 1.6199e+06
838 1.62003e+06
839 1.62007e+06
840 1.62015e+06
841 1.62016e+06
842 1.62022e+06
843 1.62026e+06
844 1.6203e+06
845 1.62039e+06
846 1.6205e+06
847 1.62058e+06
848 1.62066e+06
849 1.62066e+06
850 1.62076e+06
851 1.6208e+06
852 1.6209e+06
853 1.62092e+06
854 1.62096e+06
855 1.62101e+06
856 1.62105e+06
857 1.62103e+06
858 1.62106e+06
859 1.62108e+06
860 1.62111e+06
861 1.62111e+06
862 1.62111e+06
863 1.62122e+06
864 1.62126e+06
865 1.62132e+06
866 1.62135e+06
867 1.62141e+06
868 1.62146e+06
869 1.62145e+06
870 1.62153e+06
871 1.62158e+06
872 1.62161e+06
873 1.62163e+06
874 1.6217e+06
875 1.6218e+06
876 1.62186e+06
877 1.6219e+06
878 1.62195e+06
879 1.62199e+06
880 1.62208e+06
881 1.62209e+06
882 1.62211e+06
883 1.62216e+06
884 1.62222e+06
885 1.62226e+06
886 1.62229e+06
887 1.62238e+06
888 1.62246e+06
889 1.62258e+06
890 1.62269e+06
891 1.62275e+06
892 1.62282e+06
893 1.62286e+06
894 1.62291e+06
895 1.62301e+06
896 1.62306e+06
897 1.62306e+06
898 1.62313e+06
899 1.62314e+06
900 1.62317e+06
901 1.62317e+06
902 1.62321e+06
903 1.62323e+06
904 1.62329e+06
905 1.62329e+06
906 1.62331e+06
907 1.62332e+06
908 1.62339e+06
909 1.62345e+06
910 1.62349e+06
911 1.62352e+06
912 1.62358e+06
913 1.62362e+06
914 1.62363e+06
915 1.62367e+06
916 1.62369e+06
917 1.62376e+06
918 1.62388e+06
919 1.6239e+06
920 1.624e+06
921 1.62415e+06
922 1.62422e+06
923 1.6243e+06
924 1.6244e+06
925 1.62445e+06
926 1.62452e+06
927 1.62452e+06
928 1.62456e+06
929 1.62457e+06
930 1.6248e+06
931 1.62484e+06
932 1.6249e+06
933 1.62496e+06
934 1.62499e+06
935 1.62504e+06
936 1.62511e+06
937 1.62513e+06
938 1.62522e+06
939 1.62537e+06
940 1.62538e+06
941 1.62544e+06
942 1.62551e+06
943 1.62552e+06
944 1.62558e+06
945 1.62564e+06
946 1.62568e+06
947 1.62567e+06
948 1.62575e+06
949 1.62582e+06
950 1.62588e+06
951 1.62591e+06
952 1.62591e+06
953 1.62592e+06
954 1.62594e+06
955 1.62594e+06
956 1.62596e+06
957 1.62606e+06
958 1.62609e+06
959 1.62614e+06
960 1.62619e+06
961 1.62626e+06
962 1.62631e+06
963 1.62635e+06
964 1.62635e+06
965 1.6264e+06
966 1.6265e+06
967 1.62652e+06
968 1.62657e+06
969 1.6266e+06
970 1.6266e+06
971 1.62674e+06
972 1.62681e+06
973 1.62685e+06
974 1.62688e+06
975 1.62689e+06
976 1.62698e+06
977 1.62702e+06
978 1.62705e+06
979 1.62709e+06
980 1.6271e+06
981 1.62717e+06
982 1.62723e+06
983 1.62725e+06
984 1.62725e+06
985 1.62733e+06
986 1.62738e+06
987 1.62741e+06
988 1.62742e+06
989 1.62746e+06
990 1.62749e+06
991 1.62752e+06
992 1.62764e+06
993 1.62765e+06
994 1.62764e+06
995 1.62768e+06
996 1.62773e+06
997 1.62776e+06
998 1.62779e+06
999 1.62781e+06
1000 1.62791e+06
