128 0.3 0.444
0 156776
1 1.56792e+06
2 1.56797e+06
3 1.56806e+06
4 1.56829e+06
5 1.56835e+06
6 1.56844e+06
7 1.56857e+06
8 1.56859e+06
9 1.56868e+06
10 1.56879e+06
11 1.5689e+06
12 1.56897e+06
13 1.56914e+06
14 1.56926e+06
15 1.56928e+06
16 1.56934e+06
17 1.56938e+06
18 1.56955e+06
19 1.56966e+06
20 1.56974e+06
21 1.56974e+06
22 1.56989e+06
23 1.57013e+06
24 1.5703e+06
25 1.57041e+06
26 1.57054e+06
27 1.57064e+06
28 1.57075e+06
29 1.57083e+06
30 1.57095e+06
31 1.57103e+06
32 1.57109e+06
33 1.57119e+06
34 1.57125e+06
35 1.57134e+06
36 1.57135e+06
37 1.57146e+06
38 1.57159e+06
39 1.57164e+06
40 1.57173e+06
41 1.57182e+06
42 1.57192e+06
43 1.57193e+06
44 1.57198e+06
45 1.57205e+06
46 1.5721e+06
47 1.57221e+06
48 1.5723e+06
49 1.57237e+06
50 1.57247e+06
51 1.57256e+06
52 1.57266e+06
53 1.57279e+06
54 1.5729e+06
55 1.57302e+06
56 1.57312e+06
57 1.57316e+06
58 1.57321e+06
59 1.57322e+06
60 1.57325e+06
61 1.57326e+06
62 1.57336e+06
63 1.57344e+06
64 1.57359e+06
65 1.57361e+06
66 1.57371e+06
67 1.57376e+06
68 1.57388e+06
69 1.57394e+06
70 1.57401e+06
71 1.57418e+06
72 1.57428e+06
73 1.57437e+06
74 1.5745e+06
75 1.57456e+06
76 1.57464e+06
77 1.57473e+06
78 1.57489e+06
79 1.57496e+06
80 1.57502e+06
81 1.5751e+06
82 1.5752e+06
83 1.57524e+06
84 1.57533e+06
85 1.57546e+06
86 1.57551e+06
87 1.57557e+06
88 1.57572e+06
89 1.57584e+06
90 1.57592e+06
91 1.57602e+06
92 1.57607e+06
93 1.57626e+06
94 1.5764e+06
95 1.5765e+06
96 1.5765e+06
97 1.5765e+06
98 1.57655e+06
99 1.5767e+06
100 1.57673e+06
101 1.57677e+06
102 1.57683e+06
103 1.57692e+06
104 1.577e+06
105 1.57707e+06
106 1.5771e+06
107 1.57727e+06
108 1.57738e+06
109 1.57745e+06
110 1.57748e+06
111 1.57758e+06
112 1.57775e+06
113 1.57786e+06
114 1.57795e+06
115 1.578e+06
116 1.57812e+06
117 1.57825e+06
118 1.5783e+06
119 1.5784e+06
120 1.57846e+06
121 1.57852e+06
122 1.57865e+06
123 1.57874e+06
124 1.57886e+06
125 1.57902e+06
126 1.57916e+06
127 1.5792e+06
128 1.57936e+06
129 1.57945e+06
130 1.57962e+06
131 1.5797e+06
132 1.57992e+06
133 1.57996e+06
134 1.58013e+06
135 1.58019e+06
136 1.58021e+06
137 1.58022e+06
138 1.58027e+06
139 1.58032e+06
140 1.58035e+06
141 1.58041e+06
142 1.58053e+06
143 1.58054e+06
144 1.58059e+06
145 1.58065e+06
146 1.58066e+06
147 1.58071e+06
148 1.5809e+06
149 1.58095e+06
150 1.58106e+06
151 1.58123e+06
152 1.58129e+06
153 1.58134e+06
154 1.58141e+06
155 1.58148e+06
156 1.58154e+06
157 1.58161e+06
158 1.58177e+06
159 1.58186e+06
160 1.58192e+06
161 1.58196e+06
162 1.58199e+06
163 1.58206e+06
164 1.58214e+06
165 1.58219e+06
166 1.58225e+06
167 1.58231e+06
168 1.58239e+06
169 1.58249e+06
170 1.58252e+06
171 1.58261e+06
172 1.58268e+06
173 1.5828e+06
174 1.58291e+06
175 1.58299e+06
176 1.58303e+06
177 1.58321e+06
178 1.58331e+06
179 1.58345e+06
180 1.58347e+06
181 1.5837e+06
182 1.58375e+06
183 1.58381e+06
184 1.58389e+06
185 1.58397e+06
186 1.58403e+06
187 1.58413e+06
188 1.58432e+06
189 1.5844e+06
190 1.58441e+06
191 1.58447e+06
192 1.58454e+06
193 1.58461e+06
194 1.58469e+06
195 1.58474e+06
196 1.58493e+06
197 1.58496e+06
198 1.585e+06
199 1.58507e+06
200 1.58511e+06
201 1.58518e+06
202 1.58527e+06
203 1.58537e+06
204 1.58541e+06
205 1.58546e+06
206 1.58552e+06
207 1.58555e+06
208 1.58561e+06
209 1.58572e+06
210 1.58578e+06
211 1.58593e+06
212 1.58596e+06
213 1.58602e+06
214 1.58612e+06
215 1.58616e+06
216 1.5862e+06
217 1.58635e+06
218 1.58637e+06
219 1.58645e+06
220 1.5865e+06
221 1.58667e+06
222 1.58678e+06
223 1.58681e+06
224 1.58684e+06
225 1.58687e+06
226 1.58691e+06
227 1.58697e+06
228 1.58699e+06
229 1.58701e+06
230 1.58704e+06
231 1.58713e+06
232 1.5872e+06
233 1.5873e+06
234 1.58748e+06
235 1.58758e+06
236 1.58773e+06
237 1.58777e+06
238 1.5878e+06
239 1.58782e+06
240 1.58791e+06
241 1.58802e+06
242 1.58824e+06
243 1.58828e+06
244 1.58831e+06
245 1.58838e+06
246 1.58842e+06
247 1.58846e+06
248 1.58848e+06
249 1.58858e+06
250 1.5887e+06
251 1.58881e+06
252 1.58885e+06
253 1.58904e+06
254 1.58911e+06
255 1.58914e+06
256 1.58919e+06
257 1.58923e+06
258 1.58924e+06
259 1.5893e+06
260 1.58941e+06
261 1.58943e+06
262 1.58957e+06
263 1.58963e+06
264 1.58964e+06
265 1.58974e+06
266 1.58994e+06
267 1.59001e+06
268 1.59001e+06
269 1.59007e+06
270 1.59017e+06
271 1.59021e+06
272 1.59027e+06
273 1.59027e+06
274 1.59032e+06
275 1.59038e+06
276 1.59041e+06
277 1.59049e+06
278 1.59062e+06
279 1.59067e+06
280 1.59074e+06
281 1.59075e+06
282 1.59079e+06
283 1.59088e+06
284 1.59096e+06
285 1.59105e+06
286 1.59107e+06
287 1.59119e+06
288 1.59127e+06
289 1.59138e+06
290 1.59144e+06
291 1.59152e+06
292 1.59158e+06
293 1.59162e+06
294 1.59167e+06
295 1.5917e+06
296 1.59178e+06
297 1.59179e+06
298 1.59183e+06
299 1.59187e+06
300 1.59192e+06
301 1.59196e+06
302 1.59204e+06
303 1.59207e+06
304 1.59211e+06
305 1.59224e+06
306 1.59235e+06
307 1.59246e+06
308 1.5925e+06
309 1.59254e+06
310 1.59263e+06
311 1.59266e+06
312 1.59266e+06
313 1.59267e+06
314 1.59277e+06
315 1.59284e+06
316 1.59286e+06
317 1.59292e+06
318 1.59296e+06
319 1.59306e+06
320 1.59309e+06
321 1.59313e+06
322 1.59321e+06
323 1.59333e+06
324 1.5934e+06
325 1.59341e+06
326 1.59362e+06
327 1.59365e+06
328 1.59366e+06
329 1.59376e+06
330 1.59379e+06
331 1.59387e+06
332 1.59403e+06
333 1.59416e+06
334 1.5942e+06
335 1.59432e+06
336 1.59441e+06
337 1.59443e+06
338 1.59444e+06
339 1.59447e+06
340 1.59449e+06
341 1.59458e+06
342 1.59467e+06
343 1.5947e+06
344 1.59475e+06
345 1.59475e+06
346 1.59475e+06
347 1.5948e+06
348 1.59483e+06
349 1.59497e+06
350 1.59501e+06
351 1.59505e+06
352 1.59505e+06
353 1.59508e+06
354 1.59513e+06
355 1.59513e+06
356 1.59516e+06
357 1.59521e+06
358 1.59521e+06
359 1.59525e+06
360 1.59533e+06
361 1.59545e+06
362 1.59557e+06
363 1.59565e+06
364 1.59588e+06
365 1.59595e+06
366 1.59597e+06
367 1.596e+06
368 1.59602e+06
369 1.59611e+06
370 1.59624e+06
371 1.5963e+06
372 1.5964e+06
373 1.59644e+06
374 1.59654e+06
375 1.59654e+06
376 1.59657e+06
377 1.59662e+06
378 1.5967e+06
379 1.59681e+06
380 1.59691e+06
381 1.59696e+06
382 1.59702e+06
383 1.59712e+06
384 1.59716e+06
385 1.59722e+06
386 1.59728e+06
387 1.59732e+06
388 1.59741e+06
389 1.59747e+06
390 1.5976e+06
391 1.59765e+06
392 1.59777e+06
393 1.59781e+06
394 1.59791e+06
395 1.59791e+06
396 1.59797e+06
397 1.59802e+06
398 1.59816e+06
399 1.59818e+06
400 1.59826e+06
401 1.5983e+06
402 1.59844e+06
403 1.59852e+06
404 1.59855e+06
405 1.5986e+06
406 1.59868e+06
407 1.5987e+06
408 1.5988e+06
409 1.59883e+06
410 1.59888e+06
411 1.59888e+06
412 1.59901e+06
413 1.59909e+06
414 1.59916e+06
415 1.59918e+06
416 1.5993e+06
417 1.59937e+06
418 1.59944e+06
419 1.59948e+06
420 1.59952e+06
421 1.59956e+06
422 1.59961e+06
423 1.59964e+06
424 1.59966e+06
425 1.59975e+06
426 1.59978e+06
427 1.59988e+06
428 1.59988e+06
429 1.6e+06
430 1.6001e+06
431 1.60013e+06
432 1.60016e+06
433 1.60022e+06
434 1.60024e+06
435 1.60027e+06
436 1.60028e+06
437 1.60036e+06
438 1.60042e+06
439 1.60046e+06
440 1.60049e+06
441 1.6005e+06
442 1.60062e+06
443 1.60063e+06
444 1.60067e+06
445 1.60072e+06
446 1.60087e+06
447 1.601e+06
448 1.6011e+06
449 1.60121e+06
450 1.60123e+06
451 1.60123e+06
452 1.60127e+06
453 1.60133e+06
454 1.60135e+06
455 1.60137e+06
456 1.60138e+06
457 1.60141e+06
458 1.60145e+06
459 1.60151e+06
460 1.60155e+06
461 1.60166e+06
462 1.60174e+06
463 1.60181e+06
464 1.60196e+06
465 1.60207e+06
466 1.60212e+06
467 1.60215e+06
468 1.60217e+06
469 1.60223e+06
470 1.60226e+06
471 1.60229e+06
472 1.6024e+06
473 1.60242e+06
474 1.60242e+06
475 1.60248e+06
476 1.60257e+06
477 1.60269e+06
478 1.60281e+06
479 1.60282e+06
480 1.60292e+06
481 1.60297e+06
482 1.60312e+06
483 1.60312e+06
484 1.60312e+06
485 1.60316e+06
486 1.6032e+06
487 1.60326e+06
488 1.6033e+06
489 1.60335e+06
490 1.60346e+06
491 1.60352e+06
492 1.60356e+06
493 1.60364e+06
494 1.60375e+06
495 1.60382e+06
496 1.60384e+06
497 1.60402e+06
498 1.60413e+06
499 1.60415e+06
500 1.60419e+06
501 1.60419e+06
502 1.60419e+06
503 1.6042e+06
504 1.60421e+06
505 1.60428e+06
506 1.60436e+06
507 1.6044e+06
508 1.60447e+06
509 1.6045e+06
510 1.60452e+06
511 1.60469e+06
512 1.60477e+06
513 1.60482e+06
514 1.60482e+06
515 1.60496e+06
516 1.60502e+06
517 1.60504e+06
518 1.60511e+06
519 1.60512e+06
520 1.60519e+06
521 1.60523e+06
522 1.60525e+06
523 1.60533e+06
524 1.60558e+06
525 1.6056e+06
526 1.60561e+06
527 1.60562e+06
528 1.60569e+06
529 1.60571e+06
530 1.60574e+06
531 1.60583e+06
532 1.60589e+06
533 1.60594e+06
534 1.60596e+06
535 1.60599e+06
536 1.60603e+06
537 1.6061e+06
538 1.60618e+06
539 1.60628e+06
540 1.60651e+06
541 1.60662e+06
542 1.60664e+06
543 1.60668e+06
544 1.60671e+06
545 1.60677e+06
546 1.60689e+06
547 1.60694e+06
548 1.60707e+06
549 1.60712e+06
550 1.60726e+06
551 1.60739e+06
552 1.60746e+06
553 1.60756e+06
554 1.60757e+06
555 1.60758e+06
556 1.60763e+06
557 1.60763e+06
558 1.60769e+06
559 1.60782e+06
560 1.60794e+06
561 1.60815e+06
562 1.60817e+06
563 1.60821e+06
564 1.60838e+06
565 1.60839e+06
566 1.60848e+06
567 1.60849e+06
568 1.60857e+06
569 1.6086e+06
570 1.60863e+06
571 1.60869e+06
572 1.6087e+06
573 1.60873e+06
574 1.60874e+06
575 1.60885e+06
576 1.60887e+06
577 1.60893e+06
578 1.60895e+06
579 1.60898e+06
580 1.60902e+06
581 1.60903e+06
582 1.60904e+06
583 1.60922e+06
584 1.60924e+06
585 1.60932e+06
586 1.60939e+06
587 1.60942e+06
588 1.6095e+06
589 1.60954e+06
590 1.60958e+06
591 1.60964e+06
592 1.6098e+06
593 1.60984e+06
594 1.60987e+06
595 1.60988e+06
596 1.6099e+06
597 1.61009e+06
598 1.61015e+06
599 1.61015e+06
600 1.61022e+06
601 1.61037e+06
602 1.61037e+06
603 1.61052e+06
604 1.61058e+06
605 1.61058e+06
606 1.61064e+06
607 1.61066e+06
608 1.61078e+06
609 1.61083e+06
610 1.61084e+06
611 1.61092e+06
612 1.61092e+06
613 1.61103e+06
614 1.61115e+06
615 1.61115e+06
616 1.61122e+06
617 1.6113e+06
618 1.61134e+06
619 1.61143e+06
620 1.61147e+06
621 1.61148e+06
622 1.61148e+06
623 1.61152e+06
624 1.61163e+06
625 1.61164e+06
626 1.61169e+06
627 1.61186e+06
628 1.61198e+06
629 1.61204e+06
630 1.61219e+06
631 1.61225e+06
632 1.61234e+06
633 1.61237e+06
634 1.61244e+06
635 1.61259e+06
636 1.61262e+06
637 1.61262e+06
638 1.61262e+06
639 1.6127e+06
640 1.6128e+06
641 1.61284e+06
642 1.61288e+06
643 1.61288e+06
644 1.61298e+06
645 1.61299e+06
646 1.613e+06
647 1.613e+06
648 1.61305e+06
649 1.61327e+06
650 1.6133e+06
651 1.61333e+06
652 1.61337e+06
653 1.61341e+06
654 1.61344e+06
655 1.61349e+06
656 1.61354e+06
657 1.61354e+06
658 1.61355e+06
659 1.6136e+06
660 1.61372e+06
661 1.61379e+06
662 1.61383e+06
663 1.61383e+06
664 1.61385e+06
665 1.61397e+06
666 1.61401e+06
667 1.61407e+06
668 1.61411e+06
669 1.61419e+06
670 1.61422e+06
671 1.61425e+06
672 1.61436e+06
673 1.61452e+06
674 1.61453e+06
675 1.61455e+06
676 1.61458e+06
677 1.61471e+06
678 1.61473e+06
679 1.61484e+06
680 1.61488e+06
681 1.61492e+06
682 1.61498e+06
683 1.61503e+06
684 1.61506e+06
685 1.61511e+06
686 1.61512e+06
687 1.61522e+06
688 1.61524e+06
689 1.6153e+06
690 1.61534e+06
691 1.61538e+06
692 1.61542e+06
693 1.61544e+06
694 1.61558e+06
695 1.61566e+06
696 1.61573e+06
697 1.61584e+06
698 1.61589e+06
699 1.61597e+06
700 1.61615e+06
701 1.61633e+06
702 1.61635e+06
703 1.61647e+06
704 1.61658e+06
705 1.61666e+06
706 1.61669e+06
707 1.61675e+06
708 1.61675e+06
709 1.6168e+06
710 1.61686e+06
711 1.61688e+06
712 1.61689e+06
713 1.61689e+06
714 1.6169e+06
715 1.6169e+06
716 1.61697e+06
717 1.61701e+06
718 1.61701e+06
719 1.61708e+06
720 1.61715e+06
721 1.61718e+06
722 1.61732e+06
723 1.61735e+06
724 1.61747e+06
725 1.61754e+06
726 1.61757e+06
727 1.61763e+06
728 1.6177e+06
729 1.61779e+06
730 1.61779e+06
731 1.61788e+06
732 1.61788e+06
733 1.61801e+06
734 1.61801e+06
735 1.61806e+06
736 1.6181e+06
737 1.61811e+06
738 1.61828e+06
739 1.61828e+06
740 1.61832e+06
741 1.61836e+06
742 1.61842e+06
743 1.61842e+06
744 1.61856e+06
745 1.61858e+06
746 1.61862e+06
747 1.61868e+06
748 1.6187e+06
749 1.61878e+06
750 1.6188e+06
751 1.61885e+06
752 1.61894e+06
753 1.61898e+06
754 1.61903e+06
755 1.61914e+06
756 1.61923e+06
757 1.61927e+06
758 1.6193e+06
759 1.61935e+06
760 1.61936e+06
761 1.61943e+06
762 1.61952e+06
763 1.61961e+06
764 1.61973e+06
765 1.61974e+06
766 1.61974e+06
767 1.61976e+06
768 1.61986e+06
769 1.61998e+06
770 1.62e+06
771 1.62008e+06
772 1.62016e+06
773 1.62024e+06
774 1.62024e+06
775 1.62026e+06
776 1.6203e+06
777 1.62036e+06
778 1.62036e+06
779 1.62039e+06
780 1.62048e+06
781 1.62049e+06
782 1.6205e+06
783 1.62058e+06
784 1.62059e+06
785 1.62064e+06
786 1.62068e+06
787 1.62077e+06
788 1.62078e+06
789 1.62091e+06
790 1.62098e+06
791 1.62102e+06
792 1.62108e+06
793 1.62108e+06
794 1.62112e+06
795 1.62112e+06
796 1.62117e+06
797 1.6212e+06
798 1.62127e+06
799 1.62128e+06
800 1.62139e+06
801 1.62147e+06
802 1.6215e+06
803 1.62158e+06
804 1.6216e+06
805 1.6216e+06
806 1.62166e+06
807 1.62173e+06
808 1.62175e+06
809 1.62178e+06
810 1.6218e+06
811 1.62189e+06
812 1.62189e+06
813 1.62195e+06
814 1.62201e+06
815 1.62203e+06
816 1.62219e+06
817 1.62235e+06
818 1.62239e+06
819 1.62252e+06
820 1.62252e+06
821 1.62259e+06
822 1.62265e+06
823 1.62269e+06
824 1.62271e+06
825 1.62277e+06
826 1.6228e+06
827 1.62285e+06
828 1.62285e+06
829 1.62292e+06
830 1.62301e+06
831 1.62319e+06
832 1.62338e+06
833 1.62342e+06
834 1.62348e+06
835 1.62349e+06
836 1.62354e+06
837 1.62363e+06
838 1.62365e+06
839 1.62366e+06
840 1.6237e+06
841 1.62372e+06
842 1.62377e+06
843 1.62389e+06
844 1.6239e+06
845 1.62409e+06
846 1.62412e+06
847 1.62422e+06
848 1.6243e+06
849 1.62435e+06
850 1.62438e+06
851 1.62438e+06
852 1.62438e+06
853 1.62441e+06
854 1.6245e+06
855 1.62462e+06
856 1.62467e+06
857 1.62472e+06
858 1.62474e+06
859 1.62478e+06
860 1.62498e+06
861 1.62502e+06
862 1.62508e+06
863 1.62511e+06
864 1.62517e+06
865 1.62517e+06
866 1.62518e+06
867 1.62525e+06
868 1.62531e+06
869 1.62535e+06
870 1.62544e+06
871 1.62547e+06
872 1.62555e+06
873 1.62555e+06
874 1.62561e+06
875 1.62563e+06
876 1.62564e+06
877 1.62577e+06
878 1.62579e+06
879 1.62582e+06
880 1.62582e+06
881 1.62591e+06
882 1.62598e+06
883 1.62601e+06
884 1.62606e+06
885 1.62609e+06
886 1.62614e+06
887 1.6262e+06
888 1.62623e+06
889 1.6263e+06
890 1.62634e+06
891 1.6264e+06
892 1.62642e+06
893 1.62656e+06
894 1.62658e+06
895 1.62659e+06
896 1.6266e+06
897 1.62664e+06
898 1.62686e+06
899 1.62697e+06
900 1.62699e+06
901 1.62712e+06
902 1.62723e+06
903 1.62729e+06
904 1.62732e+06
905 1.62733e+06
906 1.62739e+06
907 1.62746e+06
908 1.62751e+06
909 1.62759e+06
910 1.62761e+06
911 1.62765e+06
912 1.6277e+06
913 1.62774e+06
914 1.62791e+06
915 1.62797e+06
916 1.628e+06
917 1.62802e+06
918 1.62805e+06
919 1.62808e+06
920 1.6281e+06
921 1.62816e+06
922 1.62822e+06
923 1.62828e+06
924 1.62834e+06
925 1.62837e+06
926 1.62842e+06
927 1.62852e+06
928 1.62857e+06
929 1.62864e+06
930 1.62867e+06
931 1.62867e+06
932 1.62867e+06
933 1.62869e+06
934 1.62872e+06
935 1.62873e+06
936 1.6288e+06
937 1.62884e+06
938 1.62885e+06
939 1.62889e+06
940 1.62892e+06
941 1.62893e+06
942 1.62893e+06
943 1.629e+06
944 1.629e+06
945 1.62901e+06
946 1.62907e+06
947 1.62919e+06
948 1.62926e+06
949 1.62928e+06
950 1.6293e+06
951 1.62936e+06
952 1.62951e+06
953 1.62956e+06
954 1.6296e+06
955 1.62962e+06
956 1.62975e+06
957 1.62989e+06
958 1.62992e+06
959 1.62995e+06
960 1.62998e+06
961 1.63001e+06
962 1.63008e+06
963 1.63018e+06
964 1.63019e+06
965 1.63026e+06
966 1.6304e+06
967 1.6304e+06
968 1.63044e+06
969 1.63054e+06
970 1.63057e+06
971 1.63063e+06
972 1.63065e+06
973 1.63068e+06
974 1.63074e+06
975 1.63077e+06
976 1.63082e+06
977 1.63086e+06
978 1.63094e+06
979 1.63098e+06
980 1.63102e+06
981 1.63112e+06
982 1.63124e+06
983 1.63129e+06
984 1.6313e+06
985 1.63133e+06
986 1.63139e+06
987 1.63141e+06
988 1.63142e+06
989 1.63147e+06
990 1.63152e+06
991 1.63152e+06
992 1.63162e+06
993 1.63166e+06
994 1.6317e+06
995 1.63184e+06
996 1.63187e+06
997 1.63193e+06
998 1.63193e+06
999 1.63202e+06
1000 1.63209e+06
