128 0.3 0.213
0 156776
1 1.56792e+06
2 1.56797e+06
3 1.56806e+06
4 1.56829e+06
5 1.56835e+06
6 1.56844e+06
7 1.56857e+06
8 1.56859e+06
9 1.56868e+06
10 1.56879e+06
11 1.5689e+06
12 1.56897e+06
13 1.56912e+06
14 1.56926e+06
15 1.56927e+06
16 1.56936e+06
17 1.56939e+06
18 1.56957e+06
19 1.56967e+06
20 1.56976e+06
21 1.56976e+06
22 1.56991e+06
23 1.57015e+06
24 1.57031e+06
25 1.57042e+06
26 1.57055e+06
27 1.57065e+06
28 1.57076e+06
29 1.57083e+06
30 1.57096e+06
31 1.57104e+06
32 1.5711e+06
33 1.57119e+06
34 1.57125e+06
35 1.57133e+06
36 1.57134e+06
37 1.57145e+06
38 1.57159e+06
39 1.57164e+06
40 1.57173e+06
41 1.57182e+06
42 1.57192e+06
43 1.57193e+06
44 1.57198e+06
45 1.57205e+06
46 1.5721e+06
47 1.57222e+06
48 1.57231e+06
49 1.57237e+06
50 1.57247e+06
51 1.57256e+06
52 1.57266e+06
53 1.57279e+06
54 1.57291e+06
55 1.57303e+06
56 1.57312e+06
57 1.57316e+06
58 1.57321e+06
59 1.57322e+06
60 1.57324e+06
61 1.57326e+06
62 1.57335e+06
63 1.57343e+06
64 1.57359e+06
65 1.5736e+06
66 1.57371e+06
67 1.57376e+06
68 1.57388e+06
69 1.57394e+06
70 1.57402e+06
71 1.57419e+06
72 1.57428e+06
73 1.57436e+06
74 1.5745e+06
75 1.57455e+06
76 1.57463e+06
77 1.57472e+06
78 1.57487e+06
79 1.57495e+06
80 1.57505e+06
81 1.57512e+06
82 1.57519e+06
83 1.57522e+06
84 1.57533e+06
85 1.57545e+06
86 1.57553e+06
87 1.57558e+06
88 1.57572e+06
89 1.57584e+06
90 1.57595e+06
91 1.57606e+06
92 1.57611e+06
93 1.57626e+06
94 1.57641e+06
95 1.57651e+06
96 1.57653e+06
97 1.57654e+06
98 1.5766e+06
99 1.57674e+06
100 1.57682e+06
101 1.57686e+06
102 1.57692e+06
103 1.577e+06
104 1.57708e+06
105 1.57714e+06
106 1.5772e+06
107 1.57732e+06
108 1.57741e+06
109 1.57749e+06
110 1.57753e+06
111 1.57761e+06
112 1.57777e+06
113 1.57789e+06
114 1.57794e+06
115 1.578e+06
116 1.57811e+06
117 1.57825e+06
118 1.57833e+06
119 1.57842e+06
120 1.57846e+06
121 1.57853e+06
122 1.57864e+06
123 1.57874e+06
124 1.57882e+06
125 1.579e+06
126 1.5791e+06
127 1.57911e+06
128 1.57927e+06
129 1.57938e+06
130 1.57949e+06
131 1.57961e+06
132 1.5798e+06
133 1.57985e+06
134 1.57995e+06
135 1.58004e+06
136 1.58007e+06
137 1.58009e+06
138 1.58016e+06
139 1.58027e+06
140 1.58033e+06
141 1.58046e+06
142 1.58047e+06
143 1.58049e+06
144 1.58059e+06
145 1.5806e+06
146 1.58061e+06
147 1.58062e+06
148 1.58075e+06
149 1.58082e+06
150 1.58089e+06
151 1.58104e+06
152 1.58112e+06
153 1.58124e+06
154 1.58134e+06
155 1.58137e+06
156 1.58141e+06
157 1.58144e+06
158 1.58149e+06
159 1.58154e+06
160 1.58166e+06
161 1.58172e+06
162 1.58199e+06
163 1.58203e+06
164 1.58207e+06
165 1.58214e+06
166 1.58218e+06
167 1.58231e+06
168 1.58233e+06
169 1.58236e+06
170 1.58246e+06
171 1.5826e+06
172 1.58265e+06
173 1.58285e+06
174 1.58292e+06
175 1.58306e+06
176 1.58313e+06
177 1.58319e+06
178 1.58322e+06
179 1.58335e+06
180 1.58344e+06
181 1.58357e+06
182 1.58359e+06
183 1.58363e+06
184 1.58373e+06
185 1.58388e+06
186 1.58396e+06
187 1.58403e+06
188 1.5841e+06
189 1.58415e+06
190 1.58423e+06
191 1.58428e+06
192 1.58442e+06
193 1.58452e+06
194 1.58467e+06
195 1.58477e+06
196 1.58492e+06
197 1.58499e+06
198 1.58503e+06
199 1.58506e+06
200 1.58513e+06
201 1.58519e+06
202 1.58525e+06
203 1.58539e+06
204 1.58541e+06
205 1.58543e+06
206 1.58552e+06
207 1.58556e+06
208 1.5856e+06
209 1.58564e+06
210 1.58565e+06
211 1.58576e+06
212 1.58589e+06
213 1.58595e+06
214 1.58597e+06
215 1.58602e+06
216 1.58607e+06
217 1.58618e+06
218 1.58619e+06
219 1.58625e+06
220 1.5864e+06
221 1.58652e+06
222 1.58658e+06
223 1.58664e+06
224 1.58669e+06
225 1.58672e+06
226 1.58674e+06
227 1.58682e+06
228 1.58692e+06
229 1.58694e+06
230 1.58714e+06
231 1.58718e+06
232 1.58727e+06
233 1.58734e+06
234 1.58744e+06
235 1.58751e+06
236 1.58758e+06
237 1.58766e+06
238 1.58775e+06
239 1.58778e+06
240 1.58785e+06
241 1.58787e+06
242 1.58795e+06
243 1.58808e+06
244 1.58821e+06
245 1.58825e+06
246 1.58829e+06
247 1.58838e+06
248 1.58848e+06
249 1.58859e+06
250 1.58861e+06
251 1.58863e+06
252 1.58869e+06
253 1.58879e+06
254 1.58889e+06
255 1.58903e+06
256 1.58912e+06
257 1.58922e+06
258 1.58929e+06
259 1.58942e+06
260 1.58952e+06
261 1.58953e+06
262 1.58957e+06
263 1.58971e+06
264 1.58978e+06
265 1.58989e+06
266 1.58994e+06
267 1.59002e+06
268 1.59013e+06
269 1.59021e+06
270 1.59022e+06
271 1.5903e+06
272 1.59035e+06
273 1.59044e+06
274 1.59051e+06
275 1.59058e+06
276 1.59063e+06
277 1.59065e+06
278 1.59072e+06
279 1.59084e+06
280 1.59099e+06
281 1.59102e+06
282 1.59112e+06
283 1.59116e+06
284 1.59119e+06
285 1.5912e+06
286 1.59124e+06
287 1.59126e+06
288 1.59132e+06
289 1.59148e+06
290 1.59153e+06
291 1.59164e+06
292 1.5917e+06
293 1.59177e+06
294 1.59183e+06
295 1.59192e+06
296 1.59203e+06
297 1.59208e+06
298 1.59223e+06
299 1.59228e+06
300 1.59237e+06
301 1.59245e+06
302 1.59256e+06
303 1.59266e+06
304 1.59277e+06
305 1.59289e+06
306 1.59299e+06
307 1.59311e+06
308 1.59314e+06
309 1.59317e+06
310 1.59323e+06
311 1.59326e+06
312 1.59334e+06
313 1.59347e+06
314 1.59351e+06
315 1.59357e+06
316 1.59362e+06
317 1.59383e+06
318 1.59387e+06
319 1.59405e+06
320 1.59418e+06
321 1.59421e+06
322 1.59428e+06
323 1.5944e+06
324 1.59441e+06
325 1.59452e+06
326 1.59459e+06
327 1.59462e+06
328 1.5947e+06
329 1.59479e+06
330 1.59484e+06
331 1.59486e+06
332 1.59487e+06
333 1.59489e+06
334 1.59492e+06
335 1.59502e+06
336 1.59507e+06
337 1.59511e+06
338 1.59512e+06
339 1.59518e+06
340 1.59527e+06
341 1.59534e+06
342 1.59544e+06
343 1.59547e+06
344 1.59555e+06
345 1.59562e+06
346 1.5957e+06
347 1.59588e+06
348 1.59589e+06
349 1.5959e+06
350 1.5961e+06
351 1.59614e+06
352 1.59622e+06
353 1.59627e+06
354 1.59632e+06
355 1.59643e+06
356 1.59645e+06
357 1.59656e+06
358 1.59657e+06
359 1.59662e+06
360 1.59668e+06
361 1.59671e+06
362 1.59677e+06
363 1.5969e+06
364 1.59697e+06
365 1.59704e+06
366 1.59715e+06
367 1.59725e+06
368 1.59728e+06
369 1.59735e+06
370 1.5975e+06
371 1.59759e+06
372 1.59761e+06
373 1.59768e+06
374 1.59772e+06
375 1.59776e+06
376 1.59791e+06
377 1.59798e+06
378 1.59813e+06
379 1.59824e+06
380 1.59827e+06
381 1.59832e+06
382 1.59836e+06
383 1.59842e+06
384 1.59845e+06
385 1.59859e+06
386 1.59866e+06
387 1.59872e+06
388 1.59874e+06
389 1.5988e+06
390 1.59882e+06
391 1.59886e+06
392 1.59887e+06
393 1.59888e+06
394 1.59892e+06
395 1.59893e+06
396 1.59895e+06
397 1.59895e+06
398 1.59896e+06
399 1.59899e+06
400 1.59907e+06
401 1.5992e+06
402 1.59922e+06
403 1.59925e+06
404 1.59934e+06
405 1.59944e+06
406 1.59948e+06
407 1.59954e+06
408 1.5996e+06
409 1.59972e+06
410 1.59987e+06
411 1.59991e+06
412 1.6e+06
413 1.6001e+06
414 1.60019e+06
415 1.60023e+06
416 1.60042e+06
417 1.6005e+06
418 1.60061e+06
419 1.60066e+06
420 1.6007e+06
421 1.60075e+06
422 1.60082e+06
423 1.60087e+06
424 1.60088e+06
425 1.60094e+06
426 1.60097e+06
427 1.6011e+06
428 1.60126e+06
429 1.6013e+06
430 1.60132e+06
431 1.60133e+06
432 1.60134e+06
433 1.6014e+06
434 1.60141e+06
435 1.60146e+06
436 1.60158e+06
437 1.60161e+06
438 1.60171e+06
439 1.60181e+06
440 1.60185e+06
441 1.60191e+06
442 1.60197e+06
443 1.60198e+06
444 1.60204e+06
445 1.60218e+06
446 1.60218e+06
447 1.60222e+06
448 1.60228e+06
449 1.60227e+06
450 1.6023e+06
451 1.6023e+06
452 1.60237e+06
453 1.6024e+06
454 1.60244e+06
455 1.60248e+06
456 1.60271e+06
457 1.60275e+06
458 1.6028e+06
459 1.60289e+06
460 1.60293e+06
461 1.60305e+06
462 1.60312e+06
463 1.60314e+06
464 1.60319e+06
465 1.60323e+06
466 1.60333e+06
467 1.60338e+06
468 1.60344e+06
469 1.60348e+06
470 1.60351e+06
471 1.60354e+06
472 1.60357e+06
473 1.60362e+06
474 1.60371e+06
475 1.60377e+06
476 1.60383e+06
477 1.60384e+06
478 1.60392e+06
479 1.60405e+06
480 1.60405e+06
481 1.60414e+06
482 1.60419e+06
483 1.60426e+06
484 1.60438e+06
485 1.60444e+06
486 1.60447e+06
487 1.60452e+06
488 1.60461e+06
489 1.6047e+06
490 1.60475e+06
491 1.60476e+06
492 1.60485e+06
493 1.60507e+06
494 1.6051e+06
495 1.60518e+06
496 1.60533e+06
497 1.60544e+06
498 1.60555e+06
499 1.60558e+06
500 1.6056e+06
501 1.60565e+06
502 1.60567e+06
503 1.60576e+06
504 1.60576e+06
505 1.60577e+06
506 1.60586e+06
507 1.60589e+06
508 1.60598e+06
509 1.60607e+06
510 1.60613e+06
511 1.60622e+06
512 1.60639e+06
513 1.60643e+06
514 1.6065e+06
515 1.60657e+06
516 1.6066e+06
517 1.6066e+06
518 1.60665e+06
519 1.60678e+06
520 1.6069e+06
521 1.60697e+06
522 1.60698e+06
523 1.60702e+06
524 1.60708e+06
525 1.60715e+06
526 1.60718e+06
527 1.60725e+06
528 1.60731e+06
529 1.60737e+06
530 1.60746e+06
531 1.6075e+06
532 1.60759e+06
533 1.60761e+06
534 1.60762e+06
535 1.6077e+06
536 1.60777e+06
537 1.60787e+06
538 1.6079e+06
539 1.60794e+06
540 1.60806e+06
541 1.60807e+06
542 1.60815e+06
543 1.60818e+06
544 1.60824e+06
545 1.60826e+06
546 1.60828e+06
547 1.60829e+06
548 1.6084e+06
549 1.60845e+06
550 1.60853e+06
551 1.60862e+06
552 1.60874e+06
553 1.6088e+06
554 1.60884e+06
555 1.60906e+06
556 1.60912e+06
557 1.60923e+06
558 1.60925e+06
559 1.60925e+06
560 1.60927e+06
561 1.60934e+06
562 1.60937e+06
563 1.60947e+06
564 1.60953e+06
565 1.60956e+06
566 1.60961e+06
567 1.60961e+06
568 1.60963e+06
569 1.6097e+06
570 1.60976e+06
571 1.60977e+06
572 1.6098e+06
573 1.60982e+06
574 1.60994e+06
575 1.60993e+06
576 1.61e+06
577 1.61008e+06
578 1.6101e+06
579 1.61024e+06
580 1.61041e+06
581 1.61051e+06
582 1.61054e+06
583 1.61057e+06
584 1.61066e+06
585 1.6108e+06
586 1.61086e+06
587 1.61095e+06
588 1.61096e+06
589 1.61097e+06
590 1.61101e+06
591 1.61107e+06
592 1.6112e+06
593 1.61126e+06
594 1.61132e+06
595 1.61138e+06
596 1.61143e+06
597 1.61145e+06
598 1.61156e+06
599 1.6116e+06
600 1.61184e+06
601 1.6119e+06
602 1.61201e+06
603 1.61202e+06
604 1.61203e+06
605 1.61208e+06
606 1.61213e+06
607 1.61215e+06
608 1.61228e+06
609 1.61264e+06
610 1.61272e+06
611 1.61279e+06
612 1.6129e+06
613 1.61293e+06
614 1.61296e+06
615 1.61298e+06
616 1.61301e+06
617 1.61302e+06
618 1.61306e+06
619 1.61306e+06
620 1.61313e+06
621 1.61314e+06
622 1.61321e+06
623 1.61326e+06
624 1.61338e+06
625 1.61341e+06
626 1.61348e+06
627 1.61357e+06
628 1.6136e+06
629 1.61365e+06
630 1.61366e+06
631 1.61374e+06
632 1.61383e+06
633 1.61389e+06
634 1.61389e+06
635 1.61389e+06
636 1.61398e+06
637 1.614e+06
638 1.61406e+06
639 1.61416e+06
640 1.6142e+06
641 1.61422e+06
642 1.61425e+06
643 1.61428e+06
644 1.61431e+06
645 1.61438e+06
646 1.61447e+06
647 1.6145e+06
648 1.61458e+06
649 1.61461e+06
650 1.61465e+06
651 1.61476e+06
652 1.6148e+06
653 1.61491e+06
654 1.61495e+06
655 1.61496e+06
656 1.61496e+06
657 1.61499e+06
658 1.61504e+06
659 1.61518e+06
660 1.61529e+06
661 1.6153e+06
662 1.6154e+06
663 1.61548e+06
664 1.61555e+06
665 1.61557e+06
666 1.61561e+06
667 1.61567e+06
668 1.61569e+06
669 1.61573e+06
670 1.61576e+06
671 1.61586e+06
672 1.61586e+06
673 1.61588e+06
674 1.61593e+06
675 1.61593e+06
676 1.61598e+06
677 1.616e+06
678 1.61601e+06
679 1.61602e+06
680 1.61603e+06
681 1.61609e+06
682 1.61612e+06
683 1.61624e+06
684 1.61632e+06
685 1.61638e+06
686 1.61645e+06
687 1.61646e+06
688 1.61649e+06
689 1.61655e+06
690 1.61664e+06
691 1.61671e+06
692 1.61679e+06
693 1.61685e+06
694 1.61689e+06
695 1.61692e+06
696 1.61697e+06
697 1.61697e+06
698 1.617e+06
699 1.61703e+06
700 1.61704e+06
701 1.61704e+06
702 1.61708e+06
703 1.61709e+06
704 1.61715e+06
705 1.61726e+06
706 1.61737e+06
707 1.61743e+06
708 1.61748e+06
709 1.61756e+06
710 1.61756e+06
711 1.61762e+06
712 1.61768e+06
713 1.61772e+06
714 1.61775e+06
715 1.61785e+06
716 1.61784e+06
717 1.61786e+06
718 1.61794e+06
719 1.61802e+06
720 1.61811e+06
721 1.61813e+06
722 1.61813e+06
723 1.6182e+06
724 1.61831e+06
725 1.61834e+06
726 1.61839e+06
727 1.61844e+06
728 1.61847e+06
729 1.61852e+06
730 1.6186e+06
731 1.61862e+06
732 1.61865e+06
733 1.61868e+06
734 1.61872e+06
735 1.61884e+06
736 1.61889e+06
737 1.61895e+06
738 1.61895e+06
739 1.61896e+06
740 1.61906e+06
741 1.61912e+06
742 1.61913e+06
743 1.61923e+06
744 1.61923e+06
745 1.61927e+06
746 1.61929e+06
747 1.61935e+06
748 1.6194e+06
749 1.61943e+06
750 1.61946e+06
751 1.61953e+06
752 1.61958e+06
753 1.61964e+06
754 1.61969e+06
755 1.61978e+06
756 1.61985e+06
757 1.61991e+06
758 1.62002e+06
759 1.62004e+06
760 1.62008e+06
761 1.62013e+06
762 1.62018e+06
763 1.62027e+06
764 1.62032e+06
765 1.62042e+06
766 1.62044e+06
767 1.62046e+06
768 1.62046e+06
769 1.6206e+06
770 1.62064e+06
771 1.62066e+06
772 1.62078e+06
773 1.62086e+06
774 1.62093e+06
775 1.62098e+06
776 1.62105e+06
777 1.62111e+06
778 1.62112e+06
779 1.62121e+06
780 1.62121e+06
781 1.62121e+06
782 1.62126e+06
783 1.62129e+06
784 1.6213e+06
785 1.62136e+06
786 1.62137e+06
787 1.62137e+06
788 1.62141e+06
789 1.62146e+06
790 1.62153e+06
791 1.6216e+06
792 1.6216e+06
793 1.62165e+06
794 1.62168e+06
795 1.62168e+06
796 1.62169e+06
797 1.6217e+06
798 1.6218e+06
799 1.62184e+06
800 1.62186e+06
801 1.62187e+06
802 1.62195e+06
803 1.62199e+06
804 1.62206e+06
805 1.62207e+06
806 1.62213e+06
807 1.62224e+06
808 1.62232e+06
809 1.62234e+06
810 1.6224e+06
811 1.62242e+06
812 1.62247e+06
813 1.62252e+06
814 1.62254e+06
815 1.62257e+06
816 1.62271e+06
817 1.62279e+06
818 1.62281e+06
819 1.62289e+06
820 1.62289e+06
821 1.62295e+06
822 1.62296e+06
823 1.623e+06
824 1.62304e+06
825 1.62305e+06
826 1.6231e+06
827 1.62312e+06
828 1.62316e+06
829 1.62317e+06
830 1.6232e+06
831 1.62322e+06
832 1.6233e+06
833 1.62332e+06
834 1.62334e+06
835 1.62338e+06
836 1.62339e+06
837 1.62351e+06
838 1.62354e+06
839 1.62354e+06
840 1.62358e+06
841 1.62358e+06
842 1.62364e+06
843 1.62366e+06
844 1.62366e+06
845 1.62371e+06
846 1.62379e+06
847 1.6238e+06
848 1.62392e+06
849 1.62397e+06
850 1.62398e+06
851 1.62408e+06
852 1.62413e+06
853 1.62419e+06
854 1.62423e+06
855 1.62425e+06
856 1.62427e+06
857 1.62436e+06
858 1.62438e+06
859 1.6244e+06
860 1.62449e+06
861 1.62456e+06
862 1.62457e+06
863 1.62463e+06
864 1.62467e+06
865 1.62471e+06
866 1.62474e+06
867 1.62475e+06
868 1.62478e+06
869 1.62483e+06
870 1.62487e+06
871 1.62489e+06
872 1.6249e+06
873 1.62506e+06
874 1.62506e+06
875 1.62523e+06
876 1.62526e+06
877 1.62526e+06
878 1.62532e+06
879 1.6254e+06
880 1.6254e+06
881 1.62544e+06
882 1.62556e+06
883 1.62556e+06
884 1.62559e+06
885 1.62561e+06
886 1.6257e+06
887 1.62576e+06
888 1.62582e+06
889 1.62595e+06
890 1.62596e+06
891 1.62596e+06
892 1.62602e+06
893 1.62612e+06
894 1.62616e+06
895 1.62637e+06
896 1.62649e+06
897 1.62652e+06
898 1.62658e+06
899 1.62666e+06
900 1.62667e+06
901 1.62667e+06
902 1.62672e+06
903 1.62672e+06
904 1.62672e+06
905 1.62682e+06
906 1.62682e+06
907 1.62688e+06
908 1.62696e+06
909 1.62704e+06
910 1.62712e+06
911 1.62712e+06
912 1.62718e+06
913 1.62719e+06
914 1.62721e+06
915 1.62725e+06
916 1.62734e+06
917 1.62737e+06
918 1.62743e+06
919 1.62752e+06
920 1.62755e+06
921 1.62767e+06
922 1.62767e+06
923 1.62768e+06
924 1.62772e+06
925 1.62775e+06
926 1.62777e+06
927 1.6278e+06
928 1.62781e+06
929 1.62795e+06
930 1.62799e+06
931 1.62803e+06
932 1.62803e+06
933 1.62811e+06
934 1.62825e+06
935 1.62836e+06
936 1.62846e+06
937 1.62849e+06
938 1.62852e+06
939 1.62859e+06
940 1.62871e+06
941 1.62876e+06
942 1.62876e+06
943 1.62877e+06
944 1.6288e+06
945 1.62883e+06
946 1.62895e+06
947 1.62895e+06
948 1.62897e+06
949 1.62901e+06
950 1.62914e+06
951 1.62922e+06
952 1.62923e+06
953 1.62927e+06
954 1.62941e+06
955 1.6295e+06
956 1.62954e+06
957 1.62963e+06
958 1.62967e+06
959 1.62972e+06
960 1.62981e+06
961 1.62983e+06
962 1.62986e+06
963 1.62986e+06
964 1.62988e+06
965 1.62995e+06
966 1.62999e+06
967 1.63008e+06
968 1.63009e+06
969 1.63014e+06
970 1.63022e+06
971 1.63026e+06
972 1.63031e+06
973 1.63037e+06
974 1.6304e+06
975 1.63047e+06
976 1.63052e+06
977 1.63057e+06
978 1.63058e+06
979 1.63061e+06
980 1.63062e+06
981 1.63069e+06
982 1.63076e+06
983 1.63078e+06
984 1.63087e+06
985 1.63092e+06
986 1.63092e+06
987 1.63099e+06
988 1.63102e+06
989 1.63104e+06
990 1.63111e+06
991 1.63112e+06
992 1.63115e+06
993 1.63116e+06
994 1.63119e+06
995 1.6312e+06
996 1.63121e+06
997 1.63123e+06
998 1.63135e+06
999 1.63136e+06
1000 1.63139e+06
