128 0.3 0.444
0 156776
1 1.56791e+06
2 1.56805e+06
3 1.56806e+06
4 1.56808e+06
5 1.56821e+06
6 1.56826e+06
7 1.5684e+06
8 1.56847e+06
9 1.56862e+06
10 1.56866e+06
11 1.56867e+06
12 1.5688e+06
13 1.56895e+06
14 1.56906e+06
15 1.56922e+06
16 1.56926e+06
17 1.56937e+06
18 1.56943e+06
19 1.56946e+06
20 1.56961e+06
21 1.56972e+06
22 1.56987e+06
23 1.56995e+06
24 1.57005e+06
25 1.57012e+06
26 1.57017e+06
27 1.57022e+06
28 1.57029e+06
29 1.57036e+06
30 1.57046e+06
31 1.57064e+06
32 1.57082e+06
33 1.57091e+06
34 1.57097e+06
35 1.57103e+06
36 1.57104e+06
37 1.57116e+06
38 1.57124e+06
39 1.57127e+06
40 1.57135e+06
41 1.57145e+06
42 1.57152e+06
43 1.57159e+06
44 1.57167e+06
45 1.57178e+06
46 1.57186e+06
47 1.57193e+06
48 1.57205e+06
49 1.57215e+06
50 1.57225e+06
51 1.57228e+06
52 1.57232e+06
53 1.57236e+06
54 1.57249e+06
55 1.57262e+06
56 1.57264e+06
57 1.5727e+06
58 1.57278e+06
59 1.57298e+06
60 1.57305e+06
61 1.57312e+06
62 1.57323e+06
63 1.57328e+06
64 1.57337e+06
65 1.57346e+06
66 1.57356e+06
67 1.57363e+06
68 1.5737e+06
69 1.57391e+06
70 1.574e+06
71 1.5741e+06
72 1.57425e+06
73 1.57432e+06
74 1.57449e+06
75 1.57461e+06
76 1.57476e+06
77 1.57484e+06
78 1.57491e+06
79 1.57499e+06
80 1.57517e+06
81 1.57528e+06
82 1.57551e+06
83 1.57563e+06
84 1.57576e+06
85 1.57587e+06
86 1.57592e+06
87 1.57596e+06
88 1.57599e+06
89 1.57607e+06
90 1.57615e+06
91 1.57615e+06
92 1.57633e+06
93 1.57644e+06
94 1.57651e+06
95 1.57658e+06
96 1.57666e+06
97 1.57673e+06
98 1.57681e+06
99 1.57686e+06
100 1.57707e+06
101 1.57716e+06
102 1.5772e+06
103 1.57724e+06
104 1.57732e+06
105 1.5774e+06
106 1.57761e+06
107 1.57769e+06
108 1.57775e+06
109 1.57785e+06
110 1.57802e+06
111 1.57813e+06
112 1.57817e+06
113 1.57825e+06
114 1.57827e+06
115 1.57835e+06
116 1.57845e+06
117 1.5785e+06
118 1.57864e+06
119 1.57885e+06
120 1.57902e+06
121 1.57912e+06
122 1.57925e+06
123 1.57932e+06
124 1.57937e+06
125 1.57946e+06
126 1.57952e+06
127 1.5796e+06
128 1.57971e+06
129 1.57986e+06
130 1.57987e+06
131 1.58e+06
132 1.58002e+06
133 1.58008e+06
134 1.58015e+06
135 1.5802e+06
136 1.58022e+06
137 1.58028e+06
138 1.58033e+06
139 1.58037e+06
140 1.58051e+06
141 1.58065e+06
142 1.58077e+06
143 1.58083e+06
144 1.58096e+06
145 1.58102e+06
146 1.58106e+06
147 1.58109e+06
148 1.58124e+06
149 1.58127e+06
150 1.58139e+06
151 1.58145e+06
152 1.58152e+06
153 1.58156e+06
154 1.58159e+06
155 1.58166e+06
156 1.58174e+06
157 1.58185e+06
158 1.58203e+06
159 1.58208e+06
160 1.58222e+06
161 1.58228e+06
162 1.58236e+06
163 1.58257e+06
164 1.58266e+06
165 1.58266e+06
166 1.58273e+06
167 1.58277e+06
168 1.58282e+06
169 1.58287e+06
170 1.58296e+06
171 1.583e+06
172 1.58312e+06
173 1.58317e+06
174 1.58333e+06
175 1.58335e+06
176 1.58336e+06
177 1.58349e+06
178 1.58361e+06
179 1.58371e+06
180 1.58374e+06
181 1.58377e+06
182 1.58386e+06
183 1.58391e+06
184 1.58403e+06
185 1.58406e+06
186 1.58416e+06
187 1.58424e+06
188 1.58438e+06
189 1.58445e+06
190 1.58448e+06
191 1.58456e+06
192 1.58471e+06
193 1.58474e+06
194 1.58474e+06
195 1.58489e+06
196 1.58496e+06
197 1.58501e+06
198 1.58512e+06
199 1.58522e+06
200 1.58526e+06
201 1.58536e+06
202 1.58544e+06
203 1.58554e+06
204 1.5856e+06
205 1.5856e+06
206 1.58572e+06
207 1.58584e+06
208 1.58586e+06
209 1.58594e+06
210 1.58608e+06
211 1.58621e+06
212 1.58624e+06
213 1.58632e+06
214 1.58638e+06
215 1.58653e+06
216 1.58663e+06
217 1.58667e+06
218 1.58673e+06
219 1.58677e+06
220 1.58678e+06
221 1.58681e+06
222 1.58682e+06
223 1.58683e+06
224 1.58684e+06
225 1.58693e+06
226 1.58706e+06
227 1.58715e+06
228 1.58727e+06
229 1.58737e+06
230 1.58746e+06
231 1.58756e+06
232 1.58765e+06
233 1.5877e+06
234 1.58779e+06
235 1.58786e+06
236 1.58805e+06
237 1.58814e+06
238 1.58829e+06
239 1.58835e+06
240 1.58844e+06
241 1.58852e+06
242 1.5886e+06
243 1.58871e+06
244 1.58873e+06
245 1.58883e+06
246 1.5889e+06
247 1.58897e+06
248 1.58908e+06
249 1.58919e+06
250 1.58925e+06
251 1.58925e+06
252 1.58938e+06
253 1.58942e+06
254 1.58963e+06
255 1.58972e+06
256 1.58983e+06
257 1.59008e+06
258 1.59009e+06
259 1.59016e+06
260 1.59019e+06
261 1.59029e+06
262 1.59044e+06
263 1.59047e+06
264 1.59052e+06
265 1.59055e+06
266 1.59067e+06
267 1.59071e+06
268 1.59084e+06
269 1.59095e+06
270 1.59109e+06
271 1.59113e+06
272 1.59117e+06
273 1.5912e+06
274 1.59129e+06
275 1.59145e+06
276 1.59151e+06
277 1.59159e+06
278 1.59164e+06
279 1.59176e+06
280 1.59187e+06
281 1.59194e+06
282 1.59196e+06
283 1.59204e+06
284 1.59209e+06
285 1.59212e+06
286 1.59215e+06
287 1.5922e+06
288 1.59228e+06
289 1.59237e+06
290 1.5924e+06
291 1.59254e+06
292 1.5926e+06
293 1.59278e+06
294 1.59285e+06
295 1.59293e+06
296 1.59295e+06
297 1.59298e+06
298 1.59303e+06
299 1.59311e+06
300 1.59319e+06
301 1.59325e+06
302 1.5933e+06
303 1.59335e+06
304 1.5934e+06
305 1.59344e+06
306 1.59348e+06
307 1.59352e+06
308 1.59364e+06
309 1.59375e+06
310 1.59378e+06
311 1.5938e+06
312 1.59391e+06
313 1.59396e+06
314 1.59399e+06
315 1.59408e+06
316 1.59418e+06
317 1.59429e+06
318 1.59432e+06
319 1.59434e+06
320 1.59441e+06
321 1.59447e+06
322 1.5945e+06
323 1.59462e+06
324 1.59474e+06
325 1.59478e+06
326 1.59486e+06
327 1.59492e+06
328 1.59496e+06
329 1.59501e+06
330 1.59513e+06
331 1.5952e+06
332 1.59525e+06
333 1.59529e+06
334 1.59534e+06
335 1.59538e+06
336 1.59547e+06
337 1.59565e+06
338 1.59574e+06
339 1.59574e+06
340 1.59581e+06
341 1.59588e+06
342 1.59597e+06
343 1.59604e+06
344 1.59607e+06
345 1.59611e+06
346 1.5962e+06
347 1.59626e+06
348 1.59627e+06
349 1.59634e+06
350 1.59642e+06
351 1.59657e+06
352 1.59663e+06
353 1.59677e+06
354 1.59683e+06
355 1.59687e+06
356 1.59699e+06
357 1.59713e+06
358 1.59726e+06
359 1.5973e+06
360 1.59737e+06
361 1.5975e+06
362 1.59753e+06
363 1.59756e+06
364 1.59761e+06
365 1.59763e+06
366 1.59765e+06
367 1.59769e+06
368 1.59773e+06
369 1.59784e+06
370 1.5979e+06
371 1.59791e+06
372 1.59798e+06
373 1.59805e+06
374 1.59807e+06
375 1.59815e+06
376 1.59816e+06
377 1.59829e+06
378 1.59837e+06
379 1.59844e+06
380 1.59846e+06
381 1.59856e+06
382 1.59866e+06
383 1.59875e+06
384 1.59878e+06
385 1.59886e+06
386 1.59892e+06
387 1.59892e+06
388 1.59901e+06
389 1.59909e+06
390 1.5991e+06
391 1.59912e+06
392 1.59917e+06
393 1.59922e+06
394 1.59924e+06
395 1.5993e+06
396 1.59938e+06
397 1.59944e+06
398 1.59948e+06
399 1.59954e+06
400 1.59961e+06
401 1.59969e+06
402 1.59978e+06
403 1.59988e+06
404 1.59998e+06
405 1.60002e+06
406 1.60008e+06
407 1.60015e+06
408 1.60018e+06
409 1.60025e+06
410 1.60025e+06
411 1.60035e+06
412 1.60041e+06
413 1.60052e+06
414 1.60052e+06
415 1.60055e+06
416 1.60058e+06
417 1.60063e+06
418 1.6008e+06
419 1.60089e+06
420 1.60099e+06
421 1.60107e+06
422 1.60121e+06
423 1.60126e+06
424 1.60132e+06
425 1.60138e+06
426 1.60149e+06
427 1.60156e+06
428 1.6016e+06
429 1.60166e+06
430 1.60171e+06
431 1.60173e+06
432 1.60185e+06
433 1.6019e+06
434 1.60196e+06
435 1.60198e+06
436 1.60203e+06
437 1.60208e+06
438 1.6021e+06
439 1.60215e+06
440 1.60226e+06
441 1.60232e+06
442 1.60236e+06
443 1.60241e+06
444 1.60252e+06
445 1.60254e+06
446 1.60256e+06
447 1.60262e+06
448 1.60268e+06
449 1.60271e+06
450 1.60275e+06
451 1.60277e+06
452 1.60279e+06
453 1.60282e+06
454 1.60287e+06
455 1.6029e+06
456 1.6029e+06
457 1.60296e+06
458 1.60303e+06
459 1.60307e+06
460 1.60315e+06
461 1.60325e+06
462 1.60331e+06
463 1.60339e+06
464 1.60345e+06
465 1.60353e+06
466 1.60357e+06
467 1.60364e+06
468 1.60365e+06
469 1.60366e+06
470 1.60373e+06
471 1.60384e+06
472 1.60394e+06
473 1.60397e+06
474 1.604e+06
475 1.60412e+06
476 1.60419e+06
477 1.60426e+06
478 1.60429e+06
479 1.60439e+06
480 1.60443e+06
481 1.60448e+06
482 1.60453e+06
483 1.60455e+06
484 1.6046e+06
485 1.60463e+06
486 1.60471e+06
487 1.60472e+06
488 1.60484e+06
489 1.60487e+06
490 1.60498e+06
491 1.60512e+06
492 1.60514e+06
493 1.60517e+06
494 1.60521e+06
495 1.60525e+06
496 1.60527e+06
497 1.60536e+06
498 1.60536e+06
499 1.60552e+06
500 1.60552e+06
501 1.60552e+06
502 1.60564e+06
503 1.60569e+06
504 1.60573e+06
505 1.60588e+06
506 1.60597e+06
507 1.60604e+06
508 1.60616e+06
509 1.60624e+06
510 1.60629e+06
511 1.60634e+06
512 1.6064e+06
513 1.60648e+06
514 1.60653e+06
515 1.6066e+06
516 1.6067e+06
517 1.60683e+06
518 1.60684e+06
519 1.60688e+06
520 1.60688e+06
521 1.60693e+06
522 1.60705e+06
523 1.60715e+06
524 1.60724e+06
525 1.6073e+06
526 1.60737e+06
527 1.60738e+06
528 1.60746e+06
529 1.60757e+06
530 1.6076e+06
531 1.60764e+06
532 1.60768e+06
533 1.60774e+06
534 1.6078e+06
535 1.60783e+06
536 1.60785e+06
537 1.60788e+06
538 1.60788e+06
539 1.60793e+06
540 1.60798e+06
541 1.60809e+06
542 1.60812e+06
543 1.60816e+06
544 1.60819e+06
545 1.60821e+06
546 1.60822e+06
547 1.60826e+06
548 1.60829e+06
549 1.6083e+06
550 1.60832e+06
551 1.60836e+06
552 1.60844e+06
553 1.6085e+06
554 1.60859e+06
555 1.60864e+06
556 1.60869e+06
557 1.60877e+06
558 1.60884e+06
559 1.60894e+06
560 1.60898e+06
561 1.60906e+06
562 1.60908e+06
563 1.60927e+06
564 1.60935e+06
565 1.60942e+06
566 1.60955e+06
567 1.60973e+06
568 1.60984e+06
569 1.60991e+06
570 1.60994e+06
571 1.60999e+06
572 1.61002e+06
573 1.61007e+06
574 1.61015e+06
575 1.6102e+06
576 1.61026e+06
577 1.61028e+06
578 1.61032e+06
579 1.61032e+06
580 1.61041e+06
581 1.61043e+06
582 1.61048e+06
583 1.61052e+06
584 1.61056e+06
585 1.61064e+06
586 1.61073e+06
587 1.61076e+06
588 1.61083e+06
589 1.61106e+06
590 1.61114e+06
591 1.61129e+06
592 1.61135e+06
593 1.61135e+06
594 1.6114e+06
595 1.61159e+06
596 1.61165e+06
597 1.61165e+06
598 1.61169e+06
599 1.61175e+06
600 1.61181e+06
601 1.61186e+06
602 1.61195e+06
603 1.61197e+06
604 1.6121e+06
605 1.61213e+06
606 1.61224e+06
607 1.61224e+06
608 1.61228e+06
609 1.61231e+06
610 1.61233e+06
611 1.61235e+06
612 1.6124e+06
613 1.61242e+06
614 1.61246e+06
615 1.61249e+06
616 1.6126e+06
617 1.61261e+06
618 1.61267e+06
619 1.6127e+06
620 1.61277e+06
621 1.61277e+06
622 1.61291e+06
623 1.61295e+06
624 1.61297e+06
625 1.61301e+06
626 1.61305e+06
627 1.61313e+06
628 1.61326e+06
629 1.61327e+06
630 1.61337e+06
631 1.61342e+06
632 1.61345e+06
633 1.61348e+06
634 1.61372e+06
635 1.61381e+06
636 1.61388e+06
637 1.61406e+06
638 1.61407e+06
639 1.61416e+06
640 1.61421e+06
641 1.61423e+06
642 1.61424e+06
643 1.61432e+06
644 1.61435e+06
645 1.61439e+06
646 1.61439e+06
647 1.6144e+06
648 1.61447e+06
649 1.61451e+06
650 1.61458e+06
651 1.61461e+06
652 1.61474e+06
653 1.6149e+06
654 1.61491e+06
655 1.61491e+06
656 1.615e+06
657 1.61507e+06
658 1.61509e+06
659 1.61514e+06
660 1.6152e+06
661 1.6152e+06
662 1.6153e+06
663 1.6153e+06
664 1.61546e+06
665 1.61549e+06
666 1.61555e+06
667 1.61557e+06
668 1.61558e+06
669 1.61563e+06
670 1.61568e+06
671 1.61581e+06
672 1.61589e+06
673 1.61592e+06
674 1.61603e+06
675 1.61607e+06
676 1.61617e+06
677 1.61624e+06
678 1.61631e+06
679 1.61632e+06
680 1.61632e+06
681 1.61638e+06
682 1.6164e+06
683 1.61649e+06
684 1.61653e+06
685 1.61658e+06
686 1.61667e+06
687 1.61672e+06
688 1.61673e+06
689 1.61674e+06
690 1.61674e+06
691 1.61678e+06
692 1.61685e+06
693 1.61689e+06
694 1.6169e+06
695 1.61694e+06
696 1.61697e+06
697 1.61704e+06
698 1.61713e+06
699 1.61721e+06
700 1.61726e+06
701 1.61729e+06
702 1.61737e+06
703 1.61744e+06
704 1.61744e+06
705 1.61744e+06
706 1.6175e+06
707 1.61756e+06
708 1.61761e+06
709 1.61767e+06
710 1.61772e+06
711 1.61782e+06
712 1.61789e+06
713 1.61791e+06
714 1.61792e+06
715 1.61795e+06
716 1.61799e+06
717 1.61801e+06
718 1.61816e+06
719 1.61816e+06
720 1.6182e+06
721 1.61829e+06
722 1.61836e+06
723 1.61836e+06
724 1.61842e+06
725 1.61847e+06
726 1.61847e+06
727 1.61858e+06
728 1.61862e+06
729 1.61863e+06
730 1.61863e+06
731 1.61865e+06
732 1.61868e+06
733 1.61876e+06
734 1.61876e+06
735 1.61884e+06
736 1.61893e+06
737 1.61898e+06
738 1.619e+06
739 1.61913e+06
740 1.61914e+06
741 1.61923e+06
742 1.61925e+06
743 1.61932e+06
744 1.61934e+06
745 1.61936e+06
746 1.61939e+06
747 1.61948e+06
748 1.61959e+06
749 1.61962e+06
750 1.61963e+06
751 1.61964e+06
752 1.61971e+06
753 1.61976e+06
754 1.61979e+06
755 1.61988e+06
756 1.61988e+06
757 1.61992e+06
758 1.61999e+06
759 1.62003e+06
760 1.62011e+06
761 1.62017e+06
762 1.62027e+06
763 1.62028e+06
764 1.62033e+06
765 1.62045e+06
766 1.62045e+06
767 1.62048e+06
768 1.62051e+06
769 1.62061e+06
770 1.62063e+06
771 1.62063e+06
772 1.62071e+06
773 1.62074e+06
774 1.62077e+06
775 1.6208e+06
776 1.62091e+06
777 1.62097e+06
778 1.62099e+06
779 1.62111e+06
780 1.62118e+06
781 1.62125e+06
782 1.62126e+06
783 1.62135e+06
784 1.62137e+06
785 1.62142e+06
786 1.62153e+06
787 1.62157e+06
788 1.62164e+06
789 1.62168e+06
790 1.62175e+06
791 1.6218e+06
792 1.62189e+06
793 1.62192e+06
794 1.62202e+06
795 1.6221e+06
796 1.62213e+06
797 1.62232e+06
798 1.62239e+06
799 1.62245e+06
800 1.62247e+06
801 1.62255e+06
802 1.62269e+06
803 1.62269e+06
804 1.62277e+06
805 1.62285e+06
806 1.62289e+06
807 1.62298e+06
808 1.62306e+06
809 1.62314e+06
810 1.62314e+06
811 1.62322e+06
812 1.62323e+06
813 1.62335e+06
814 1.6234e+06
815 1.62348e+06
816 1.62354e+06
817 1.62356e+06
818 1.6236e+06
819 1.62365e+06
820 1.62368e+06
821 1.62377e+06
822 1.62385e+06
823 1.62389e+06
824 1.62395e+06
825 1.624e+06
826 1.62409e+06
827 1.62412e+06
828 1.62415e+06
829 1.62421e+06
830 1.62423e+06
831 1.62424e+06
832 1.62429e+06
833 1.6244e+06
834 1.62447e+06
835 1.6246e+06
836 1.6246e+06
837 1.62465e+06
838 1.62472e+06
839 1.62477e+06
840 1.62479e+06
841 1.62487e+06
842 1.62495e+06
843 1.62496e+06
844 1.62499e+06
845 1.62511e+06
846 1.6252e+06
847 1.62528e+06
848 1.62534e+06
849 1.62535e+06
850 1.62541e+06
851 1.62556e+06
852 1.62556e+06
853 1.62563e+06
854 1.62566e+06
855 1.62585e+06
856 1.62591e+06
857 1.62604e+06
858 1.62625e+06
859 1.62629e+06
860 1.62629e+06
861 1.62629e+06
862 1.62633e+06
863 1.6264e+06
864 1.62645e+06
865 1.62656e+06
866 1.62656e+06
867 1.62656e+06
868 1.6266e+06
869 1.62664e+06
870 1.62669e+06
871 1.62674e+06
872 1.62681e+06
873 1.62688e+06
874 1.62691e+06
875 1.62692e+06
876 1.62694e+06
877 1.62699e+06
878 1.62709e+06
879 1.62711e+06
880 1.62711e+06
881 1.62716e+06
882 1.62722e+06
883 1.62736e+06
884 1.6274e+06
885 1.6274e+06
886 1.62744e+06
887 1.62747e+06
888 1.62756e+06
889 1.6276e+06
890 1.62767e+06
891 1.6277e+06
892 1.62772e+06
893 1.6278e+06
894 1.62792e+06
895 1.62793e+06
896 1.62808e+06
897 1.62808e+06
898 1.62813e+06
899 1.62817e+06
900 1.62821e+06
901 1.62822e+06
902 1.62825e+06
903 1.62835e+06
904 1.62836e+06
905 1.62856e+06
906 1.62869e+06
907 1.6288e+06
908 1.62889e+06
909 1.62892e+06
910 1.62895e+06
911 1.62897e+06
912 1.62905e+06
913 1.62911e+06
914 1.62911e+06
915 1.62914e+06
916 1.62915e+06
917 1.62917e+06
918 1.62926e+06
919 1.62926e+06
920 1.6293e+06
921 1.62931e+06
922 1.62937e+06
923 1.62938e+06
924 1.62943e+06
925 1.62952e+06
926 1.62956e+06
927 1.62958e+06
928 1.62966e+06
929 1.62968e+06
930 1.62975e+06
931 1.62978e+06
932 1.6298e+06
933 1.62988e+06
934 1.62992e+06
935 1.63002e+06
936 1.63006e+06
937 1.63011e+06
938 1.63012e+06
939 1.63017e+06
940 1.63018e+06
941 1.63027e+06
942 1.63028e+06
943 1.63038e+06
944 1.63043e+06
945 1.63053e+06
946 1.63061e+06
947 1.63063e+06
948 1.63066e+06
949 1.63068e+06
950 1.63077e+06
951 1.63082e+06
952 1.63086e+06
953 1.63091e+06
954 1.63091e+06
955 1.63098e+06
956 1.63113e+06
957 1.63125e+06
958 1.6313e+06
959 1.63138e+06
960 1.6314e+06
961 1.63151e+06
962 1.63151e+06
963 1.63153e+06
964 1.63155e+06
965 1.63156e+06
966 1.63158e+06
967 1.63159e+06
968 1.63161e+06
969 1.63168e+06
970 1.63175e+06
971 1.63182e+06
972 1.63183e+06
973 1.63188e+06
974 1.63188e+06
975 1.63194e+06
976 1.63202e+06
977 1.6321e+06
978 1.6322e+06
979 1.63224e+06
980 1.6323e+06
981 1.63235e+06
982 1.63242e+06
983 1.63261e+06
984 1.63261e+06
985 1.63266e+06
986 1.6327e+06
987 1.63272e+06
988 1.63282e+06
989 1.63284e+06
990 1.63289e+06
991 1.63296e+06
992 1.63298e+06
993 1.63302e+06
994 1.63303e+06
995 1.63315e+06
996 1.6332e+06
997 1.63322e+06
998 1.63328e+06
999 1.63331e+06
1000 1.63331e+06
