128 0.3 0.411
0 156776
1 1.5679e+06
2 1.568e+06
3 1.56803e+06
4 1.56805e+06
5 1.56822e+06
6 1.56828e+06
7 1.56846e+06
8 1.56853e+06
9 1.56864e+06
10 1.56866e+06
11 1.56867e+06
12 1.56878e+06
13 1.56896e+06
14 1.56904e+06
15 1.5692e+06
16 1.56924e+06
17 1.56939e+06
18 1.56946e+06
19 1.56951e+06
20 1.56974e+06
21 1.56989e+06
22 1.57003e+06
23 1.5701e+06
24 1.57019e+06
25 1.57027e+06
26 1.57032e+06
27 1.57035e+06
28 1.57048e+06
29 1.57056e+06
30 1.57073e+06
31 1.57092e+06
32 1.57105e+06
33 1.57116e+06
34 1.57121e+06
35 1.57126e+06
36 1.57128e+06
37 1.57144e+06
38 1.57149e+06
39 1.57152e+06
40 1.57157e+06
41 1.57165e+06
42 1.57175e+06
43 1.57182e+06
44 1.5719e+06
45 1.57205e+06
46 1.57214e+06
47 1.57217e+06
48 1.57228e+06
49 1.5724e+06
50 1.57249e+06
51 1.57251e+06
52 1.57257e+06
53 1.57257e+06
54 1.5727e+06
55 1.57275e+06
56 1.57278e+06
57 1.57283e+06
58 1.5729e+06
59 1.5731e+06
60 1.57317e+06
61 1.57325e+06
62 1.57335e+06
63 1.57338e+06
64 1.57355e+06
65 1.57364e+06
66 1.57378e+06
67 1.57382e+06
68 1.57391e+06
69 1.57412e+06
70 1.5742e+06
71 1.57437e+06
72 1.57448e+06
73 1.57461e+06
74 1.57468e+06
75 1.57476e+06
76 1.5748e+06
77 1.57486e+06
78 1.57493e+06
79 1.57496e+06
80 1.57516e+06
81 1.57523e+06
82 1.57539e+06
83 1.57553e+06
84 1.57566e+06
85 1.57577e+06
86 1.57584e+06
87 1.57589e+06
88 1.57595e+06
89 1.576e+06
90 1.57612e+06
91 1.57617e+06
92 1.57623e+06
93 1.57634e+06
94 1.57638e+06
95 1.57652e+06
96 1.57664e+06
97 1.57678e+06
98 1.5769e+06
99 1.57693e+06
100 1.57702e+06
101 1.57718e+06
102 1.57725e+06
103 1.57729e+06
104 1.57732e+06
105 1.57734e+06
106 1.57746e+06
107 1.57757e+06
108 1.57766e+06
109 1.57778e+06
110 1.57794e+06
111 1.57798e+06
112 1.57806e+06
113 1.5781e+06
114 1.57817e+06
115 1.57828e+06
116 1.57832e+06
117 1.57839e+06
118 1.57855e+06
119 1.57878e+06
120 1.57889e+06
121 1.57892e+06
122 1.57898e+06
123 1.57901e+06
124 1.57908e+06
125 1.57924e+06
126 1.57934e+06
127 1.57942e+06
128 1.5796e+06
129 1.5797e+06
130 1.57976e+06
131 1.57979e+06
132 1.57982e+06
133 1.57989e+06
134 1.58002e+06
135 1.58007e+06
136 1.58011e+06
137 1.5802e+06
138 1.58029e+06
139 1.58035e+06
140 1.58048e+06
141 1.58055e+06
142 1.58062e+06
143 1.58074e+06
144 1.58081e+06
145 1.58086e+06
146 1.58095e+06
147 1.58101e+06
148 1.58108e+06
149 1.58115e+06
150 1.58124e+06
151 1.58133e+06
152 1.58141e+06
153 1.58145e+06
154 1.58156e+06
155 1.5816e+06
156 1.58167e+06
157 1.5817e+06
158 1.58189e+06
159 1.58197e+06
160 1.58212e+06
161 1.58219e+06
162 1.58224e+06
163 1.58241e+06
164 1.58248e+06
165 1.58251e+06
166 1.58255e+06
167 1.58268e+06
168 1.5828e+06
169 1.58289e+06
170 1.58296e+06
171 1.58302e+06
172 1.58305e+06
173 1.58311e+06
174 1.5832e+06
175 1.58324e+06
176 1.58333e+06
177 1.58344e+06
178 1.58359e+06
179 1.58367e+06
180 1.58369e+06
181 1.58379e+06
182 1.58394e+06
183 1.58401e+06
184 1.58416e+06
185 1.58423e+06
186 1.58428e+06
187 1.58449e+06
188 1.58462e+06
189 1.58476e+06
190 1.58482e+06
191 1.58492e+06
192 1.58498e+06
193 1.58512e+06
194 1.58515e+06
195 1.58521e+06
196 1.58528e+06
197 1.58541e+06
198 1.58546e+06
199 1.58563e+06
200 1.58573e+06
201 1.58585e+06
202 1.5859e+06
203 1.58604e+06
204 1.58624e+06
205 1.58628e+06
206 1.58633e+06
207 1.58638e+06
208 1.58642e+06
209 1.58642e+06
210 1.58658e+06
211 1.58662e+06
212 1.58667e+06
213 1.58676e+06
214 1.5868e+06
215 1.58694e+06
216 1.58695e+06
217 1.58706e+06
218 1.58714e+06
219 1.58723e+06
220 1.58727e+06
221 1.58743e+06
222 1.5875e+06
223 1.5877e+06
224 1.58779e+06
225 1.58783e+06
226 1.58792e+06
227 1.58805e+06
228 1.58808e+06
229 1.58819e+06
230 1.58823e+06
231 1.58825e+06
232 1.58833e+06
233 1.58844e+06
234 1.58865e+06
235 1.58865e+06
236 1.58869e+06
237 1.58871e+06
238 1.58876e+06
239 1.58877e+06
240 1.5889e+06
241 1.58898e+06
242 1.58899e+06
243 1.58907e+06
244 1.5891e+06
245 1.58915e+06
246 1.58917e+06
247 1.58928e+06
248 1.58934e+06
249 1.58938e+06
250 1.58944e+06
251 1.5895e+06
252 1.58956e+06
253 1.58959e+06
254 1.58973e+06
255 1.58978e+06
256 1.58987e+06
257 1.58998e+06
258 1.59e+06
259 1.59002e+06
260 1.59006e+06
261 1.59011e+06
262 1.59023e+06
263 1.59027e+06
264 1.59035e+06
265 1.59038e+06
266 1.59048e+06
267 1.59049e+06
268 1.59058e+06
269 1.59071e+06
270 1.59092e+06
271 1.59102e+06
272 1.59107e+06
273 1.59114e+06
274 1.59119e+06
275 1.59126e+06
276 1.59133e+06
277 1.59143e+06
278 1.59144e+06
279 1.5915e+06
280 1.59159e+06
281 1.59169e+06
282 1.59177e+06
283 1.59186e+06
284 1.59191e+06
285 1.59202e+06
286 1.59211e+06
287 1.59214e+06
288 1.59228e+06
289 1.59235e+06
290 1.59239e+06
291 1.5924e+06
292 1.59247e+06
293 1.59252e+06
294 1.59258e+06
295 1.59263e+06
296 1.59271e+06
297 1.5928e+06
298 1.59286e+06
299 1.59288e+06
300 1.59306e+06
301 1.59312e+06
302 1.59313e+06
303 1.59329e+06
304 1.59339e+06
305 1.59344e+06
306 1.59353e+06
307 1.59366e+06
308 1.59367e+06
309 1.59376e+06
310 1.59384e+06
311 1.59387e+06
312 1.59391e+06
313 1.59394e+06
314 1.59402e+06
315 1.59407e+06
316 1.59413e+06
317 1.59423e+06
318 1.59433e+06
319 1.59436e+06
320 1.59452e+06
321 1.59455e+06
322 1.59459e+06
323 1.59471e+06
324 1.59481e+06
325 1.59486e+06
326 1.59495e+06
327 1.59502e+06
328 1.59512e+06
329 1.59513e+06
330 1.59516e+06
331 1.59516e+06
332 1.59526e+06
333 1.59533e+06
334 1.59548e+06
335 1.59552e+06
336 1.59563e+06
337 1.59563e+06
338 1.59576e+06
339 1.59588e+06
340 1.59608e+06
341 1.59615e+06
342 1.59622e+06
343 1.59628e+06
344 1.59635e+06
345 1.5964e+06
346 1.59644e+06
347 1.5965e+06
348 1.59657e+06
349 1.59663e+06
350 1.59667e+06
351 1.59686e+06
352 1.597e+06
353 1.59702e+06
354 1.59709e+06
355 1.59716e+06
356 1.59723e+06
357 1.59731e+06
358 1.59738e+06
359 1.5975e+06
360 1.59756e+06
361 1.59761e+06
362 1.59763e+06
363 1.59764e+06
364 1.59771e+06
365 1.59777e+06
366 1.59781e+06
367 1.59797e+06
368 1.59804e+06
369 1.59807e+06
370 1.59815e+06
371 1.59818e+06
372 1.5982e+06
373 1.59832e+06
374 1.59836e+06
375 1.59838e+06
376 1.59846e+06
377 1.59856e+06
378 1.59864e+06
379 1.59868e+06
380 1.59878e+06
381 1.59882e+06
382 1.59893e+06
383 1.59896e+06
384 1.59902e+06
385 1.59904e+06
386 1.59905e+06
387 1.59921e+06
388 1.59929e+06
389 1.59944e+06
390 1.59948e+06
391 1.59948e+06
392 1.59962e+06
393 1.59967e+06
394 1.59971e+06
395 1.59973e+06
396 1.59982e+06
397 1.59983e+06
398 1.59985e+06
399 1.59985e+06
400 1.59996e+06
401 1.60012e+06
402 1.60013e+06
403 1.60016e+06
404 1.60023e+06
405 1.60031e+06
406 1.60037e+06
407 1.60047e+06
408 1.60047e+06
409 1.60063e+06
410 1.60066e+06
411 1.60071e+06
412 1.60073e+06
413 1.60081e+06
414 1.60088e+06
415 1.60092e+06
416 1.60102e+06
417 1.60106e+06
418 1.60109e+06
419 1.60117e+06
420 1.60124e+06
421 1.6013e+06
422 1.60139e+06
423 1.60144e+06
424 1.60146e+06
425 1.60154e+06
426 1.60156e+06
427 1.60162e+06
428 1.60164e+06
429 1.60168e+06
430 1.60183e+06
431 1.60184e+06
432 1.60191e+06
433 1.60194e+06
434 1.602e+06
435 1.60207e+06
436 1.60215e+06
437 1.60227e+06
438 1.60232e+06
439 1.60234e+06
440 1.60244e+06
441 1.60252e+06
442 1.60254e+06
443 1.60259e+06
444 1.60265e+06
445 1.60265e+06
446 1.60278e+06
447 1.60284e+06
448 1.6029e+06
449 1.60293e+06
450 1.60302e+06
451 1.60305e+06
452 1.60309e+06
453 1.6031e+06
454 1.60314e+06
455 1.60324e+06
456 1.60324e+06
457 1.60325e+06
458 1.60332e+06
459 1.60336e+06
460 1.60342e+06
461 1.60356e+06
462 1.6036e+06
463 1.60367e+06
464 1.60377e+06
465 1.60378e+06
466 1.60381e+06
467 1.60384e+06
468 1.60399e+06
469 1.60404e+06
470 1.60411e+06
471 1.60417e+06
472 1.6042e+06
473 1.60426e+06
474 1.60428e+06
475 1.60429e+06
476 1.60431e+06
477 1.6044e+06
478 1.60447e+06
479 1.6045e+06
480 1.60453e+06
481 1.60458e+06
482 1.60468e+06
483 1.60484e+06
484 1.60496e+06
485 1.60508e+06
486 1.6052e+06
487 1.60533e+06
488 1.60536e+06
489 1.60544e+06
490 1.60545e+06
491 1.60554e+06
492 1.60561e+06
493 1.60565e+06
494 1.60571e+06
495 1.6058e+06
496 1.6058e+06
497 1.60581e+06
498 1.60595e+06
499 1.60604e+06
500 1.60617e+06
501 1.60624e+06
502 1.60632e+06
503 1.60636e+06
504 1.60646e+06
505 1.60651e+06
506 1.60652e+06
507 1.60654e+06
508 1.60658e+06
509 1.60662e+06
510 1.60668e+06
511 1.60673e+06
512 1.60678e+06
513 1.60685e+06
514 1.6069e+06
515 1.60691e+06
516 1.60696e+06
517 1.60696e+06
518 1.60698e+06
519 1.60702e+06
520 1.60703e+06
521 1.60712e+06
522 1.60713e+06
523 1.60718e+06
524 1.60723e+06
525 1.60724e+06
526 1.60731e+06
527 1.60736e+06
528 1.6074e+06
529 1.60743e+06
530 1.60748e+06
531 1.60754e+06
532 1.60766e+06
533 1.6077e+06
534 1.60777e+06
535 1.60781e+06
536 1.60786e+06
537 1.60792e+06
538 1.60806e+06
539 1.60808e+06
540 1.60822e+06
541 1.60834e+06
542 1.60841e+06
543 1.60848e+06
544 1.60857e+06
545 1.60866e+06
546 1.60868e+06
547 1.60874e+06
548 1.60877e+06
549 1.60878e+06
550 1.60898e+06
551 1.609e+06
552 1.6091e+06
553 1.6091e+06
554 1.6092e+06
555 1.60931e+06
556 1.60938e+06
557 1.60949e+06
558 1.60952e+06
559 1.60956e+06
560 1.60959e+06
561 1.60963e+06
562 1.60969e+06
563 1.60971e+06
564 1.60983e+06
565 1.60989e+06
566 1.60994e+06
567 1.60995e+06
568 1.61003e+06
569 1.61005e+06
570 1.6101e+06
571 1.61015e+06
572 1.61017e+06
573 1.61028e+06
574 1.61035e+06
575 1.61048e+06
576 1.61054e+06
577 1.6106e+06
578 1.61065e+06
579 1.6108e+06
580 1.61084e+06
581 1.61087e+06
582 1.61091e+06
583 1.61091e+06
584 1.61099e+06
585 1.61108e+06
586 1.6111e+06
587 1.61121e+06
588 1.61124e+06
589 1.61126e+06
590 1.61129e+06
591 1.6113e+06
592 1.61133e+06
593 1.61137e+06
594 1.61143e+06
595 1.61146e+06
596 1.61151e+06
597 1.61157e+06
598 1.6116e+06
599 1.61165e+06
600 1.61174e+06
601 1.61178e+06
602 1.6118e+06
603 1.61187e+06
604 1.61189e+06
605 1.61196e+06
606 1.61204e+06
607 1.61209e+06
608 1.61219e+06
609 1.61222e+06
610 1.61228e+06
611 1.61228e+06
612 1.61234e+06
613 1.61234e+06
614 1.61234e+06
615 1.61235e+06
616 1.61239e+06
617 1.61242e+06
618 1.61245e+06
619 1.61255e+06
620 1.61262e+06
621 1.6127e+06
622 1.61287e+06
623 1.61302e+06
624 1.61302e+06
625 1.61309e+06
626 1.6133e+06
627 1.61349e+06
628 1.61369e+06
629 1.61369e+06
630 1.61371e+06
631 1.61377e+06
632 1.61382e+06
633 1.61397e+06
634 1.614e+06
635 1.614e+06
636 1.61406e+06
637 1.61414e+06
638 1.61432e+06
639 1.61439e+06
640 1.61446e+06
641 1.61454e+06
642 1.61456e+06
643 1.61459e+06
644 1.61471e+06
645 1.61478e+06
646 1.61486e+06
647 1.61494e+06
648 1.615e+06
649 1.61505e+06
650 1.61521e+06
651 1.61528e+06
652 1.61533e+06
653 1.61533e+06
654 1.61542e+06
655 1.61549e+06
656 1.61556e+06
657 1.61562e+06
658 1.61568e+06
659 1.61574e+06
660 1.61584e+06
661 1.61589e+06
662 1.61595e+06
663 1.61598e+06
664 1.61601e+06
665 1.61608e+06
666 1.6162e+06
667 1.61627e+06
668 1.6163e+06
669 1.61632e+06
670 1.6164e+06
671 1.61657e+06
672 1.61657e+06
673 1.61659e+06
674 1.61659e+06
675 1.61666e+06
676 1.61678e+06
677 1.6168e+06
678 1.61691e+06
679 1.61699e+06
680 1.61702e+06
681 1.61702e+06
682 1.61714e+06
683 1.61719e+06
684 1.6172e+06
685 1.61723e+06
686 1.61736e+06
687 1.61741e+06
688 1.61748e+06
689 1.61751e+06
690 1.61753e+06
691 1.6176e+06
692 1.61764e+06
693 1.61765e+06
694 1.61774e+06
695 1.61786e+06
696 1.61792e+06
697 1.61792e+06
698 1.61797e+06
699 1.61805e+06
700 1.61806e+06
701 1.61811e+06
702 1.61812e+06
703 1.61813e+06
704 1.61824e+06
705 1.61829e+06
706 1.61838e+06
707 1.61845e+06
708 1.61846e+06
709 1.61849e+06
710 1.61854e+06
711 1.61855e+06
712 1.61859e+06
713 1.61862e+06
714 1.61873e+06
715 1.61878e+06
716 1.61884e+06
717 1.61886e+06
718 1.6189e+06
719 1.619e+06
720 1.61907e+06
721 1.6191e+06
722 1.61914e+06
723 1.6192e+06
724 1.61922e+06
725 1.61925e+06
726 1.61926e+06
727 1.6193e+06
728 1.61934e+06
729 1.61941e+06
730 1.61946e+06
731 1.61957e+06
732 1.61967e+06
733 1.61975e+06
734 1.61983e+06
735 1.6199e+06
736 1.61994e+06
737 1.61998e+06
738 1.62e+06
739 1.62003e+06
740 1.62004e+06
741 1.62004e+06
742 1.62012e+06
743 1.62021e+06
744 1.62021e+06
745 1.62026e+06
746 1.62027e+06
747 1.62029e+06
748 1.62033e+06
749 1.62037e+06
750 1.62039e+06
751 1.62043e+06
752 1.62046e+06
753 1.62047e+06
754 1.62052e+06
755 1.62052e+06
756 1.62057e+06
757 1.62062e+06
758 1.62068e+06
759 1.6207e+06
760 1.6208e+06
761 1.62082e+06
762 1.62084e+06
763 1.62085e+06
764 1.62087e+06
765 1.6209e+06
766 1.62096e+06
767 1.62102e+06
768 1.62104e+06
769 1.62111e+06
770 1.62113e+06
771 1.6212e+06
772 1.62131e+06
773 1.62134e+06
774 1.62138e+06
775 1.62142e+06
776 1.62154e+06
777 1.62158e+06
778 1.62158e+06
779 1.62162e+06
780 1.62176e+06
781 1.62187e+06
782 1.6219e+06
783 1.62195e+06
784 1.62195e+06
785 1.622e+06
786 1.62208e+06
787 1.62208e+06
788 1.62214e+06
789 1.62223e+06
790 1.62226e+06
791 1.62229e+06
792 1.62249e+06
793 1.62255e+06
794 1.62258e+06
795 1.62261e+06
796 1.62269e+06
797 1.62271e+06
798 1.62276e+06
799 1.62279e+06
800 1.62279e+06
801 1.62281e+06
802 1.62286e+06
803 1.62288e+06
804 1.62292e+06
805 1.623e+06
806 1.62309e+06
807 1.62313e+06
808 1.62313e+06
809 1.62323e+06
810 1.62323e+06
811 1.62329e+06
812 1.62338e+06
813 1.62341e+06
814 1.6235e+06
815 1.62364e+06
816 1.62374e+06
817 1.62374e+06
818 1.62374e+06
819 1.62388e+06
820 1.62396e+06
821 1.62397e+06
822 1.62407e+06
823 1.62408e+06
824 1.62418e+06
825 1.62423e+06
826 1.62429e+06
827 1.62432e+06
828 1.62437e+06
829 1.62437e+06
830 1.62444e+06
831 1.62455e+06
832 1.62463e+06
833 1.62464e+06
834 1.62468e+06
835 1.62468e+06
836 1.62475e+06
837 1.62477e+06
838 1.6248e+06
839 1.62496e+06
840 1.62498e+06
841 1.62504e+06
842 1.62508e+06
843 1.62508e+06
844 1.62509e+06
845 1.62511e+06
846 1.6252e+06
847 1.62523e+06
848 1.62525e+06
849 1.62526e+06
850 1.62535e+06
851 1.62547e+06
852 1.62552e+06
853 1.62565e+06
854 1.62573e+06
855 1.62576e+06
856 1.62582e+06
857 1.62591e+06
858 1.62596e+06
859 1.62599e+06
860 1.626e+06
861 1.62605e+06
862 1.62615e+06
863 1.62621e+06
864 1.62629e+06
865 1.62631e+06
866 1.62632e+06
867 1.62646e+06
868 1.62647e+06
869 1.6265e+06
870 1.62655e+06
871 1.62664e+06
872 1.62666e+06
873 1.62667e+06
874 1.62681e+06
875 1.62686e+06
876 1.62689e+06
877 1.62696e+06
878 1.62702e+06
879 1.62703e+06
880 1.62707e+06
881 1.62717e+06
882 1.62717e+06
883 1.62727e+06
884 1.62729e+06
885 1.62734e+06
886 1.62738e+06
887 1.62741e+06
888 1.62741e+06
889 1.62743e+06
890 1.62745e+06
891 1.62746e+06
892 1.62748e+06
893 1.62752e+06
894 1.62757e+06
895 1.62759e+06
896 1.62769e+06
897 1.62769e+06
898 1.62777e+06
899 1.62781e+06
900 1.62787e+06
901 1.62796e+06
902 1.62806e+06
903 1.6281e+06
904 1.62818e+06
905 1.62824e+06
906 1.62834e+06
907 1.62854e+06
908 1.62856e+06
909 1.62856e+06
910 1.62859e+06
911 1.62862e+06
912 1.6287e+06
913 1.62881e+06
914 1.62888e+06
915 1.629e+06
916 1.62909e+06
917 1.62913e+06
918 1.62918e+06
919 1.62935e+06
920 1.62938e+06
921 1.62951e+06
922 1.62953e+06
923 1.62957e+06
924 1.62965e+06
925 1.62976e+06
926 1.62977e+06
927 1.62982e+06
928 1.62982e+06
929 1.62982e+06
930 1.62993e+06
931 1.62996e+06
932 1.63002e+06
933 1.63007e+06
934 1.6301e+06
935 1.63016e+06
936 1.6302e+06
937 1.63023e+06
938 1.63027e+06
939 1.63034e+06
940 1.63037e+06
941 1.63044e+06
942 1.63049e+06
943 1.63064e+06
944 1.63073e+06
945 1.6308e+06
946 1.63083e+06
947 1.63088e+06
948 1.63089e+06
949 1.63092e+06
950 1.63092e+06
951 1.631e+06
952 1.63105e+06
953 1.63113e+06
954 1.63118e+06
955 1.63123e+06
956 1.63128e+06
957 1.6314e+06
958 1.63142e+06
959 1.63154e+06
960 1.63169e+06
961 1.63176e+06
962 1.63178e+06
963 1.63186e+06
964 1.63189e+06
965 1.63189e+06
966 1.63206e+06
967 1.63212e+06
968 1.63216e+06
969 1.63217e+06
970 1.63218e+06
971 1.63228e+06
972 1.63235e+06
973 1.63241e+06
974 1.63241e+06
975 1.63249e+06
976 1.63251e+06
977 1.63256e+06
978 1.63259e+06
979 1.63261e+06
980 1.63269e+06
981 1.63269e+06
982 1.6327e+06
983 1.63271e+06
984 1.63285e+06
985 1.63287e+06
986 1.63292e+06
987 1.6331e+06
988 1.63318e+06
989 1.63322e+06
990 1.63328e+06
991 1.63333e+06
992 1.63342e+06
993 1.63349e+06
994 1.63349e+06
995 1.63349e+06
996 1.63358e+06
997 1.63361e+06
998 1.63365e+06
999 1.63368e+06
1000 1.63372e+06
