128 0.3 0.213
0 156776
1 1.56788e+06
2 1.56803e+06
3 1.56803e+06
4 1.56805e+06
5 1.56816e+06
6 1.56823e+06
7 1.56836e+06
8 1.56843e+06
9 1.56854e+06
10 1.5686e+06
11 1.56861e+06
12 1.56875e+06
13 1.56888e+06
14 1.56897e+06
15 1.56911e+06
16 1.56919e+06
17 1.56934e+06
18 1.5694e+06
19 1.56942e+06
20 1.56958e+06
21 1.56971e+06
22 1.56983e+06
23 1.5699e+06
24 1.56999e+06
25 1.57006e+06
26 1.57012e+06
27 1.57014e+06
28 1.57024e+06
29 1.57033e+06
30 1.57044e+06
31 1.5706e+06
32 1.57076e+06
33 1.57086e+06
34 1.57094e+06
35 1.571e+06
36 1.57103e+06
37 1.57115e+06
38 1.57123e+06
39 1.57129e+06
40 1.57138e+06
41 1.57147e+06
42 1.57153e+06
43 1.57162e+06
44 1.57168e+06
45 1.57179e+06
46 1.57189e+06
47 1.57199e+06
48 1.57211e+06
49 1.57219e+06
50 1.57229e+06
51 1.57232e+06
52 1.57235e+06
53 1.57237e+06
54 1.57252e+06
55 1.57264e+06
56 1.57267e+06
57 1.57273e+06
58 1.57278e+06
59 1.57298e+06
60 1.57309e+06
61 1.5732e+06
62 1.57328e+06
63 1.5733e+06
64 1.57338e+06
65 1.57351e+06
66 1.57364e+06
67 1.57375e+06
68 1.57383e+06
69 1.57405e+06
70 1.57418e+06
71 1.57426e+06
72 1.57445e+06
73 1.57456e+06
74 1.57467e+06
75 1.57476e+06
76 1.57485e+06
77 1.57492e+06
78 1.57499e+06
79 1.57502e+06
80 1.57523e+06
81 1.57534e+06
82 1.57552e+06
83 1.57564e+06
84 1.57577e+06
85 1.57584e+06
86 1.57586e+06
87 1.57592e+06
88 1.57594e+06
89 1.57603e+06
90 1.57607e+06
91 1.57616e+06
92 1.57623e+06
93 1.57634e+06
94 1.57638e+06
95 1.57643e+06
96 1.57649e+06
97 1.57652e+06
98 1.57664e+06
99 1.57671e+06
100 1.57684e+06
101 1.57698e+06
102 1.57703e+06
103 1.57712e+06
104 1.57721e+06
105 1.57724e+06
106 1.57736e+06
107 1.57742e+06
108 1.57748e+06
109 1.57756e+06
110 1.57767e+06
111 1.57776e+06
112 1.57789e+06
113 1.57792e+06
114 1.57795e+06
115 1.57802e+06
116 1.57805e+06
117 1.5781e+06
118 1.57821e+06
119 1.57834e+06
120 1.57841e+06
121 1.57852e+06
122 1.57854e+06
123 1.57855e+06
124 1.57866e+06
125 1.57875e+06
126 1.57889e+06
127 1.57893e+06
128 1.57902e+06
129 1.57916e+06
130 1.57918e+06
131 1.5793e+06
132 1.57934e+06
133 1.57948e+06
134 1.57951e+06
135 1.57955e+06
136 1.57959e+06
137 1.57964e+06
138 1.57971e+06
139 1.57979e+06
140 1.57991e+06
141 1.58002e+06
142 1.5801e+06
143 1.58022e+06
144 1.58026e+06
145 1.58038e+06
146 1.58051e+06
147 1.58056e+06
148 1.58066e+06
149 1.58073e+06
150 1.58088e+06
151 1.58088e+06
152 1.58098e+06
153 1.58101e+06
154 1.58111e+06
155 1.58117e+06
156 1.58125e+06
157 1.58131e+06
158 1.58138e+06
159 1.58148e+06
160 1.58153e+06
161 1.58162e+06
162 1.58171e+06
163 1.58186e+06
164 1.582e+06
165 1.58207e+06
166 1.58218e+06
167 1.5823e+06
168 1.58235e+06
169 1.58235e+06
170 1.58241e+06
171 1.58251e+06
172 1.58258e+06
173 1.58264e+06
174 1.58273e+06
175 1.58282e+06
176 1.58285e+06
177 1.58296e+06
178 1.58318e+06
179 1.58327e+06
180 1.58331e+06
181 1.58339e+06
182 1.58345e+06
183 1.58354e+06
184 1.5836e+06
185 1.58369e+06
186 1.58372e+06
187 1.58381e+06
188 1.58388e+06
189 1.58395e+06
190 1.58396e+06
191 1.58396e+06
192 1.58415e+06
193 1.58422e+06
194 1.58429e+06
195 1.58446e+06
196 1.58452e+06
197 1.58465e+06
198 1.58471e+06
199 1.58482e+06
200 1.58488e+06
201 1.58503e+06
202 1.58512e+06
203 1.58515e+06
204 1.58529e+06
205 1.58536e+06
206 1.58543e+06
207 1.58544e+06
208 1.58551e+06
209 1.58559e+06
210 1.58566e+06
211 1.5858e+06
212 1.58583e+06
213 1.58588e+06
214 1.58597e+06
215 1.58608e+06
216 1.58608e+06
217 1.58615e+06
218 1.58616e+06
219 1.58622e+06
220 1.58628e+06
221 1.58636e+06
222 1.58639e+06
223 1.58655e+06
224 1.58658e+06
225 1.58662e+06
226 1.58663e+06
227 1.58673e+06
228 1.58672e+06
229 1.58677e+06
230 1.58686e+06
231 1.58694e+06
232 1.587e+06
233 1.58707e+06
234 1.58714e+06
235 1.5872e+06
236 1.58722e+06
237 1.5873e+06
238 1.58741e+06
239 1.58748e+06
240 1.58754e+06
241 1.58761e+06
242 1.58763e+06
243 1.58776e+06
244 1.58782e+06
245 1.58796e+06
246 1.58806e+06
247 1.58812e+06
248 1.58816e+06
249 1.58817e+06
250 1.58831e+06
251 1.58839e+06
252 1.58845e+06
253 1.58852e+06
254 1.5886e+06
255 1.58866e+06
256 1.58873e+06
257 1.58888e+06
258 1.58889e+06
259 1.58896e+06
260 1.58897e+06
261 1.58906e+06
262 1.58919e+06
263 1.58926e+06
264 1.58941e+06
265 1.58948e+06
266 1.5895e+06
267 1.58958e+06
268 1.58966e+06
269 1.58976e+06
270 1.58984e+06
271 1.58989e+06
272 1.58994e+06
273 1.58997e+06
274 1.59001e+06
275 1.5901e+06
276 1.59018e+06
277 1.59021e+06
278 1.5903e+06
279 1.59046e+06
280 1.59053e+06
281 1.59059e+06
282 1.59071e+06
283 1.59082e+06
284 1.59082e+06
285 1.59087e+06
286 1.59094e+06
287 1.59098e+06
288 1.591e+06
289 1.59103e+06
290 1.59108e+06
291 1.59118e+06
292 1.59123e+06
293 1.5913e+06
294 1.59138e+06
295 1.59141e+06
296 1.59158e+06
297 1.59167e+06
298 1.59175e+06
299 1.59181e+06
300 1.59189e+06
301 1.59208e+06
302 1.59209e+06
303 1.59209e+06
304 1.5922e+06
305 1.59225e+06
306 1.59232e+06
307 1.59234e+06
308 1.5924e+06
309 1.59255e+06
310 1.59265e+06
311 1.59268e+06
312 1.59273e+06
313 1.59275e+06
314 1.59279e+06
315 1.59282e+06
316 1.59289e+06
317 1.59296e+06
318 1.593e+06
319 1.59302e+06
320 1.59302e+06
321 1.59308e+06
322 1.59318e+06
323 1.59329e+06
324 1.59329e+06
325 1.59333e+06
326 1.59344e+06
327 1.59345e+06
328 1.59348e+06
329 1.59356e+06
330 1.59365e+06
331 1.59368e+06
332 1.59377e+06
333 1.59379e+06
334 1.59379e+06
335 1.59406e+06
336 1.59413e+06
337 1.59414e+06
338 1.59417e+06
339 1.59423e+06
340 1.59439e+06
341 1.59444e+06
342 1.59447e+06
343 1.59448e+06
344 1.59453e+06
345 1.59461e+06
346 1.59465e+06
347 1.59468e+06
348 1.59476e+06
349 1.59477e+06
350 1.59484e+06
351 1.59495e+06
352 1.59501e+06
353 1.59505e+06
354 1.59511e+06
355 1.59516e+06
356 1.59521e+06
357 1.59526e+06
358 1.59526e+06
359 1.59529e+06
360 1.59528e+06
361 1.59536e+06
362 1.59542e+06
363 1.59547e+06
364 1.59556e+06
365 1.59564e+06
366 1.59572e+06
367 1.59582e+06
368 1.59596e+06
369 1.59603e+06
370 1.59618e+06
371 1.59622e+06
372 1.59631e+06
373 1.59643e+06
374 1.59648e+06
375 1.5965e+06
376 1.59656e+06
377 1.59665e+06
378 1.59669e+06
379 1.59675e+06
380 1.59682e+06
381 1.59686e+06
382 1.59687e+06
383 1.59691e+06
384 1.59692e+06
385 1.59694e+06
386 1.597e+06
387 1.59704e+06
388 1.5971e+06
389 1.59714e+06
390 1.59718e+06
391 1.5972e+06
392 1.59729e+06
393 1.59748e+06
394 1.59751e+06
395 1.59751e+06
396 1.5976e+06
397 1.59763e+06
398 1.59767e+06
399 1.59774e+06
400 1.5978e+06
401 1.59781e+06
402 1.5979e+06
403 1.59792e+06
404 1.59799e+06
405 1.59803e+06
406 1.59808e+06
407 1.59812e+06
408 1.59824e+06
409 1.59837e+06
410 1.59845e+06
411 1.59847e+06
412 1.59858e+06
413 1.59867e+06
414 1.59874e+06
415 1.5988e+06
416 1.59881e+06
417 1.59886e+06
418 1.59894e+06
419 1.5991e+06
420 1.59912e+06
421 1.59918e+06
422 1.5992e+06
423 1.59924e+06
424 1.59929e+06
425 1.59941e+06
426 1.59948e+06
427 1.59954e+06
428 1.59958e+06
429 1.59973e+06
430 1.59977e+06
431 1.59984e+06
432 1.59984e+06
433 1.59991e+06
434 1.59997e+06
435 1.60003e+06
436 1.60008e+06
437 1.60011e+06
438 1.60017e+06
439 1.60017e+06
440 1.60024e+06
441 1.6003e+06
442 1.60031e+06
443 1.60037e+06
444 1.60044e+06
445 1.60046e+06
446 1.6005e+06
447 1.60057e+06
448 1.60073e+06
449 1.60079e+06
450 1.60082e+06
451 1.60083e+06
452 1.60087e+06
453 1.60091e+06
454 1.60097e+06
455 1.601e+06
456 1.60112e+06
457 1.60114e+06
458 1.60124e+06
459 1.60126e+06
460 1.60136e+06
461 1.60152e+06
462 1.60161e+06
463 1.6017e+06
464 1.60175e+06
465 1.60176e+06
466 1.60181e+06
467 1.60194e+06
468 1.60197e+06
469 1.60197e+06
470 1.60198e+06
471 1.60209e+06
472 1.60215e+06
473 1.60229e+06
474 1.60238e+06
475 1.6025e+06
476 1.60253e+06
477 1.60255e+06
478 1.60258e+06
479 1.6026e+06
480 1.60262e+06
481 1.60265e+06
482 1.60274e+06
483 1.6028e+06
484 1.60293e+06
485 1.60293e+06
486 1.60298e+06
487 1.60311e+06
488 1.60317e+06
489 1.60322e+06
490 1.60322e+06
491 1.60328e+06
492 1.60334e+06
493 1.60334e+06
494 1.60345e+06
495 1.60354e+06
496 1.60357e+06
497 1.60359e+06
498 1.60363e+06
499 1.60366e+06
500 1.60369e+06
501 1.60374e+06
502 1.60378e+06
503 1.60384e+06
504 1.604e+06
505 1.60408e+06
506 1.60412e+06
507 1.60417e+06
508 1.60421e+06
509 1.60433e+06
510 1.60438e+06
511 1.60446e+06
512 1.60454e+06
513 1.60454e+06
514 1.60464e+06
515 1.60467e+06
516 1.60475e+06
517 1.60483e+06
518 1.60483e+06
519 1.6049e+06
520 1.60498e+06
521 1.60503e+06
522 1.60504e+06
523 1.60507e+06
524 1.60509e+06
525 1.60515e+06
526 1.60515e+06
527 1.6052e+06
528 1.60527e+06
529 1.60543e+06
530 1.60547e+06
531 1.60548e+06
532 1.60553e+06
533 1.60555e+06
534 1.60557e+06
535 1.60559e+06
536 1.60567e+06
537 1.60572e+06
538 1.60575e+06
539 1.60584e+06
540 1.60584e+06
541 1.60599e+06
542 1.60599e+06
543 1.60602e+06
544 1.60613e+06
545 1.60626e+06
546 1.60629e+06
547 1.60632e+06
548 1.60643e+06
549 1.60645e+06
550 1.60654e+06
551 1.60657e+06
552 1.60657e+06
553 1.60662e+06
554 1.60665e+06
555 1.60669e+06
556 1.6067e+06
557 1.60676e+06
558 1.6068e+06
559 1.60684e+06
560 1.6069e+06
561 1.60692e+06
562 1.60699e+06
563 1.60701e+06
564 1.60714e+06
565 1.60722e+06
566 1.60726e+06
567 1.60731e+06
568 1.60737e+06
569 1.60744e+06
570 1.60752e+06
571 1.60753e+06
572 1.60759e+06
573 1.60764e+06
574 1.60771e+06
575 1.60781e+06
576 1.60792e+06
577 1.60795e+06
578 1.60814e+06
579 1.60828e+06
580 1.60828e+06
581 1.60835e+06
582 1.60842e+06
583 1.60852e+06
584 1.60858e+06
585 1.60866e+06
586 1.60869e+06
587 1.60874e+06
588 1.60879e+06
589 1.60879e+06
590 1.60891e+06
591 1.60891e+06
592 1.60898e+06
593 1.60901e+06
594 1.60901e+06
595 1.60908e+06
596 1.60916e+06
597 1.60922e+06
598 1.60924e+06
599 1.60932e+06
600 1.60933e+06
601 1.60937e+06
602 1.6094e+06
603 1.60947e+06
604 1.6096e+06
605 1.60971e+06
606 1.60977e+06
607 1.6098e+06
608 1.6098e+06
609 1.60986e+06
610 1.60989e+06
611 1.60996e+06
612 1.61002e+06
613 1.61002e+06
614 1.61009e+06
615 1.61014e+06
616 1.61029e+06
617 1.61041e+06
618 1.61041e+06
619 1.61048e+06
620 1.61048e+06
621 1.61051e+06
622 1.61053e+06
623 1.61059e+06
624 1.61061e+06
625 1.61061e+06
626 1.6107e+06
627 1.61072e+06
628 1.61077e+06
629 1.61078e+06
630 1.61088e+06
631 1.61091e+06
632 1.61099e+06
633 1.61102e+06
634 1.61104e+06
635 1.61105e+06
636 1.61107e+06
637 1.61112e+06
638 1.61142e+06
639 1.6115e+06
640 1.61155e+06
641 1.61158e+06
642 1.61163e+06
643 1.61166e+06
644 1.61171e+06
645 1.6118e+06
646 1.6118e+06
647 1.61188e+06
648 1.61194e+06
649 1.61197e+06
650 1.61207e+06
651 1.61216e+06
652 1.6123e+06
653 1.61242e+06
654 1.61245e+06
655 1.61249e+06
656 1.6127e+06
657 1.61271e+06
658 1.61274e+06
659 1.61284e+06
660 1.6129e+06
661 1.61294e+06
662 1.61295e+06
663 1.61307e+06
664 1.61313e+06
665 1.61328e+06
666 1.61338e+06
667 1.6135e+06
668 1.61359e+06
669 1.61364e+06
670 1.61367e+06
671 1.61372e+06
672 1.61372e+06
673 1.61381e+06
674 1.61392e+06
675 1.614e+06
676 1.6141e+06
677 1.61412e+06
678 1.61412e+06
679 1.61423e+06
680 1.61432e+06
681 1.61436e+06
682 1.61441e+06
683 1.61443e+06
684 1.61454e+06
685 1.61461e+06
686 1.61467e+06
687 1.61471e+06
688 1.61475e+06
689 1.61482e+06
690 1.61498e+06
691 1.61501e+06
692 1.61501e+06
693 1.61509e+06
694 1.61514e+06
695 1.61519e+06
696 1.61528e+06
697 1.61545e+06
698 1.61553e+06
699 1.61554e+06
700 1.61555e+06
701 1.61563e+06
702 1.61569e+06
703 1.61571e+06
704 1.61583e+06
705 1.61587e+06
706 1.6159e+06
707 1.61597e+06
708 1.61598e+06
709 1.61601e+06
710 1.61602e+06
711 1.61605e+06
712 1.61612e+06
713 1.61618e+06
714 1.61618e+06
715 1.61621e+06
716 1.61623e+06
717 1.61635e+06
718 1.61635e+06
719 1.61642e+06
720 1.61642e+06
721 1.61651e+06
722 1.61656e+06
723 1.61664e+06
724 1.61672e+06
725 1.61676e+06
726 1.61682e+06
727 1.61693e+06
728 1.61702e+06
729 1.61709e+06
730 1.6171e+06
731 1.61721e+06
732 1.61728e+06
733 1.61728e+06
734 1.61731e+06
735 1.61739e+06
736 1.61748e+06
737 1.61759e+06
738 1.6176e+06
739 1.6176e+06
740 1.61764e+06
741 1.61772e+06
742 1.61779e+06
743 1.61785e+06
744 1.6179e+06
745 1.61812e+06
746 1.61817e+06
747 1.61826e+06
748 1.61832e+06
749 1.61834e+06
750 1.61837e+06
751 1.61841e+06
752 1.61844e+06
753 1.61846e+06
754 1.61851e+06
755 1.61852e+06
756 1.61864e+06
757 1.61866e+06
758 1.61867e+06
759 1.61874e+06
760 1.61877e+06
761 1.61882e+06
762 1.61884e+06
763 1.61884e+06
764 1.61889e+06
765 1.61893e+06
766 1.61896e+06
767 1.61899e+06
768 1.61909e+06
769 1.6192e+06
770 1.61928e+06
771 1.6193e+06
772 1.61937e+06
773 1.61945e+06
774 1.6196e+06
775 1.61965e+06
776 1.61978e+06
777 1.61987e+06
778 1.61991e+06
779 1.61993e+06
780 1.62004e+06
781 1.62012e+06
782 1.62022e+06
783 1.62022e+06
784 1.62029e+06
785 1.6203e+06
786 1.62038e+06
787 1.62042e+06
788 1.62044e+06
789 1.62048e+06
790 1.62052e+06
791 1.62054e+06
792 1.62065e+06
793 1.62074e+06
794 1.6208e+06
795 1.62088e+06
796 1.62092e+06
797 1.62097e+06
798 1.62107e+06
799 1.62109e+06
800 1.62112e+06
801 1.62117e+06
802 1.62119e+06
803 1.62123e+06
804 1.62123e+06
805 1.62126e+06
806 1.62127e+06
807 1.62132e+06
808 1.62136e+06
809 1.62136e+06
810 1.62148e+06
811 1.62157e+06
812 1.62166e+06
813 1.62174e+06
814 1.62187e+06
815 1.62193e+06
816 1.62194e+06
817 1.62199e+06
818 1.62211e+06
819 1.62211e+06
820 1.62211e+06
821 1.62219e+06
822 1.62221e+06
823 1.62228e+06
824 1.62235e+06
825 1.6224e+06
826 1.62248e+06
827 1.62258e+06
828 1.62259e+06
829 1.62264e+06
830 1.62268e+06
831 1.62274e+06
832 1.6228e+06
833 1.62287e+06
834 1.62291e+06
835 1.62297e+06
836 1.62297e+06
837 1.623e+06
838 1.6231e+06
839 1.62322e+06
840 1.62331e+06
841 1.62337e+06
842 1.62336e+06
843 1.62345e+06
844 1.62349e+06
845 1.62355e+06
846 1.62362e+06
847 1.62366e+06
848 1.62368e+06
849 1.62368e+06
850 1.62369e+06
851 1.62369e+06
852 1.62368e+06
853 1.62373e+06
854 1.62384e+06
855 1.6239e+06
856 1.62399e+06
857 1.62409e+06
858 1.62412e+06
859 1.62413e+06
860 1.62417e+06
861 1.62418e+06
862 1.62419e+06
863 1.6242e+06
864 1.62428e+06
865 1.62432e+06
866 1.62434e+06
867 1.62434e+06
868 1.62447e+06
869 1.6245e+06
870 1.62457e+06
871 1.62466e+06
872 1.62474e+06
873 1.62486e+06
874 1.62496e+06
875 1.62502e+06
876 1.6251e+06
877 1.62511e+06
878 1.62512e+06
879 1.62516e+06
880 1.62526e+06
881 1.62533e+06
882 1.62548e+06
883 1.6255e+06
884 1.62556e+06
885 1.62567e+06
886 1.62567e+06
887 1.62578e+06
888 1.62584e+06
889 1.62591e+06
890 1.62592e+06
891 1.62593e+06
892 1.62599e+06
893 1.62605e+06
894 1.6261e+06
895 1.62622e+06
896 1.62622e+06
897 1.62632e+06
898 1.62635e+06
899 1.62637e+06
900 1.62641e+06
901 1.62644e+06
902 1.6265e+06
903 1.6265e+06
904 1.62656e+06
905 1.62664e+06
906 1.62675e+06
907 1.62675e+06
908 1.62681e+06
909 1.62684e+06
910 1.6269e+06
911 1.62702e+06
912 1.62707e+06
913 1.62721e+06
914 1.62722e+06
915 1.62727e+06
916 1.6273e+06
917 1.62739e+06
918 1.62739e+06
919 1.6274e+06
920 1.62744e+06
921 1.62747e+06
922 1.6275e+06
923 1.6276e+06
924 1.62762e+06
925 1.62765e+06
926 1.62769e+06
927 1.62773e+06
928 1.62777e+06
929 1.6278e+06
930 1.6278e+06
931 1.62785e+06
932 1.62788e+06
933 1.62791e+06
934 1.62792e+06
935 1.62802e+06
936 1.62807e+06
937 1.62815e+06
938 1.62816e+06
939 1.62824e+06
940 1.62829e+06
941 1.62832e+06
942 1.62838e+06
943 1.62844e+06
944 1.62844e+06
945 1.62848e+06
946 1.62851e+06
947 1.62854e+06
948 1.62856e+06
949 1.62859e+06
950 1.62872e+06
951 1.62883e+06
952 1.62886e+06
953 1.62892e+06
954 1.62906e+06
955 1.6291e+06
956 1.6291e+06
957 1.62916e+06
958 1.62916e+06
959 1.62918e+06
960 1.62923e+06
961 1.62925e+06
962 1.62937e+06
963 1.62948e+06
964 1.62956e+06
965 1.62963e+06
966 1.62965e+06
967 1.62971e+06
968 1.62977e+06
969 1.62986e+06
970 1.62995e+06
971 1.62996e+06
972 1.62998e+06
973 1.63006e+06
974 1.63015e+06
975 1.63022e+06
976 1.63025e+06
977 1.63032e+06
978 1.63039e+06
979 1.63047e+06
980 1.63056e+06
981 1.6306e+06
982 1.6306e+06
983 1.63062e+06
984 1.63076e+06
985 1.63081e+06
986 1.63081e+06
987 1.63095e+06
988 1.63099e+06
989 1.63107e+06
990 1.63107e+06
991 1.63117e+06
992 1.63125e+06
993 1.63128e+06
994 1.63137e+06
995 1.63138e+06
996 1.63138e+06
997 1.63141e+06
998 1.63141e+06
999 1.63147e+06
1000 1.63151e+06
