128 0.3 0.222
0 156776
1 1.5678e+06
2 1.56783e+06
3 1.56794e+06
4 1.56801e+06
5 1.56818e+06
6 1.56831e+06
7 1.56848e+06
8 1.56864e+06
9 1.5688e+06
10 1.56884e+06
11 1.56897e+06
12 1.56916e+06
13 1.56938e+06
14 1.56967e+06
15 1.56978e+06
16 1.56984e+06
17 1.56996e+06
18 1.57006e+06
19 1.57016e+06
20 1.57033e+06
21 1.57044e+06
22 1.57054e+06
23 1.57069e+06
24 1.57079e+06
25 1.57089e+06
26 1.57104e+06
27 1.5711e+06
28 1.57125e+06
29 1.57129e+06
30 1.57141e+06
31 1.57154e+06
32 1.57164e+06
33 1.57171e+06
34 1.57182e+06
35 1.5719e+06
36 1.57197e+06
37 1.57201e+06
38 1.57207e+06
39 1.57209e+06
40 1.57221e+06
41 1.57232e+06
42 1.57243e+06
43 1.57254e+06
44 1.5726e+06
45 1.57267e+06
46 1.57276e+06
47 1.57291e+06
48 1.57296e+06
49 1.57304e+06
50 1.57309e+06
51 1.57314e+06
52 1.57325e+06
53 1.57331e+06
54 1.5734e+06
55 1.57348e+06
56 1.57357e+06
57 1.57358e+06
58 1.57367e+06
59 1.57385e+06
60 1.57391e+06
61 1.57397e+06
62 1.57404e+06
63 1.57406e+06
64 1.5741e+06
65 1.57416e+06
66 1.57428e+06
67 1.57434e+06
68 1.5744e+06
69 1.57446e+06
70 1.57451e+06
71 1.57468e+06
72 1.57478e+06
73 1.57484e+06
74 1.5749e+06
75 1.575e+06
76 1.57502e+06
77 1.57511e+06
78 1.57519e+06
79 1.57522e+06
80 1.57534e+06
81 1.5754e+06
82 1.57559e+06
83 1.57562e+06
84 1.5757e+06
85 1.5757e+06
86 1.57584e+06
87 1.5759e+06
88 1.5761e+06
89 1.57616e+06
90 1.57626e+06
91 1.57638e+06
92 1.57647e+06
93 1.5766e+06
94 1.5766e+06
95 1.57672e+06
96 1.57676e+06
97 1.57681e+06
98 1.57692e+06
99 1.577e+06
100 1.57715e+06
101 1.57721e+06
102 1.57731e+06
103 1.57737e+06
104 1.57743e+06
105 1.5775e+06
106 1.57758e+06
107 1.57767e+06
108 1.57778e+06
109 1.57784e+06
110 1.57788e+06
111 1.578e+06
112 1.57816e+06
113 1.57818e+06
114 1.57838e+06
115 1.57839e+06
116 1.57848e+06
117 1.57856e+06
118 1.57865e+06
119 1.57875e+06
120 1.5789e+06
121 1.57897e+06
122 1.579e+06
123 1.57913e+06
124 1.57931e+06
125 1.57933e+06
126 1.57935e+06
127 1.57945e+06
128 1.57949e+06
129 1.5796e+06
130 1.57968e+06
131 1.57974e+06
132 1.57978e+06
133 1.57981e+06
134 1.57984e+06
135 1.57991e+06
136 1.57999e+06
137 1.58018e+06
138 1.58024e+06
139 1.58039e+06
140 1.58048e+06
141 1.58056e+06
142 1.58068e+06
143 1.58081e+06
144 1.58092e+06
145 1.58094e+06
146 1.581e+06
147 1.58107e+06
148 1.58118e+06
149 1.58123e+06
150 1.58127e+06
151 1.58137e+06
152 1.5814e+06
153 1.58152e+06
154 1.58153e+06
155 1.58162e+06
156 1.5817e+06
157 1.58179e+06
158 1.58196e+06
159 1.58205e+06
160 1.5822e+06
161 1.58229e+06
162 1.58247e+06
163 1.58255e+06
164 1.58261e+06
165 1.58272e+06
166 1.58282e+06
167 1.58295e+06
168 1.58308e+06
169 1.58312e+06
170 1.58323e+06
171 1.58349e+06
172 1.58352e+06
173 1.5836e+06
174 1.58363e+06
175 1.58364e+06
176 1.58371e+06
177 1.58385e+06
178 1.58391e+06
179 1.584e+06
180 1.58412e+06
181 1.58415e+06
182 1.58421e+06
183 1.58422e+06
184 1.58428e+06
185 1.58431e+06
186 1.58436e+06
187 1.58448e+06
188 1.58465e+06
189 1.58466e+06
190 1.58472e+06
191 1.58479e+06
192 1.58494e+06
193 1.58502e+06
194 1.58513e+06
195 1.5852e+06
196 1.58523e+06
197 1.58526e+06
198 1.5853e+06
199 1.58531e+06
200 1.58541e+06
201 1.58548e+06
202 1.58554e+06
203 1.58556e+06
204 1.58562e+06
205 1.58569e+06
206 1.5858e+06
207 1.58596e+06
208 1.586e+06
209 1.58606e+06
210 1.5861e+06
211 1.58615e+06
212 1.58621e+06
213 1.58629e+06
214 1.58645e+06
215 1.58657e+06
216 1.58663e+06
217 1.58668e+06
218 1.58678e+06
219 1.58692e+06
220 1.58706e+06
221 1.58707e+06
222 1.58712e+06
223 1.58724e+06
224 1.58725e+06
225 1.58726e+06
226 1.58735e+06
227 1.58743e+06
228 1.58745e+06
229 1.5875e+06
230 1.5875e+06
231 1.58756e+06
232 1.5877e+06
233 1.58783e+06
234 1.58786e+06
235 1.58794e+06
236 1.58805e+06
237 1.58823e+06
238 1.58829e+06
239 1.58837e+06
240 1.58842e+06
241 1.58845e+06
242 1.58849e+06
243 1.5886e+06
244 1.58861e+06
245 1.58867e+06
246 1.58872e+06
247 1.58885e+06
248 1.58896e+06
249 1.58901e+06
250 1.58905e+06
251 1.58911e+06
252 1.58922e+06
253 1.5894e+06
254 1.58948e+06
255 1.58964e+06
256 1.58968e+06
257 1.58975e+06
258 1.58983e+06
259 1.58992e+06
260 1.59002e+06
261 1.59007e+06
262 1.59015e+06
263 1.59021e+06
264 1.59026e+06
265 1.59033e+06
266 1.59053e+06
267 1.59063e+06
268 1.59069e+06
269 1.59071e+06
270 1.59076e+06
271 1.59087e+06
272 1.59096e+06
273 1.59111e+06
274 1.59122e+06
275 1.5913e+06
276 1.59132e+06
277 1.59136e+06
278 1.59138e+06
279 1.59145e+06
280 1.5915e+06
281 1.59157e+06
282 1.59161e+06
283 1.59175e+06
284 1.59177e+06
285 1.59182e+06
286 1.59188e+06
287 1.59196e+06
288 1.59197e+06
289 1.59204e+06
290 1.59214e+06
291 1.5922e+06
292 1.59231e+06
293 1.59236e+06
294 1.59239e+06
295 1.59245e+06
296 1.59256e+06
297 1.59266e+06
298 1.59267e+06
299 1.59267e+06
300 1.5927e+06
301 1.59279e+06
302 1.59287e+06
303 1.59293e+06
304 1.59301e+06
305 1.59301e+06
306 1.59313e+06
307 1.59318e+06
308 1.59318e+06
309 1.59329e+06
310 1.59338e+06
311 1.5934e+06
312 1.59354e+06
313 1.59354e+06
314 1.59362e+06
315 1.5937e+06
316 1.59377e+06
317 1.5938e+06
318 1.59379e+06
319 1.59381e+06
320 1.59384e+06
321 1.5939e+06
322 1.59402e+06
323 1.59413e+06
324 1.59425e+06
325 1.59438e+06
326 1.59449e+06
327 1.59451e+06
328 1.59462e+06
329 1.59473e+06
330 1.5948e+06
331 1.59481e+06
332 1.59487e+06
333 1.59505e+06
334 1.59518e+06
335 1.59524e+06
336 1.59537e+06
337 1.59542e+06
338 1.59549e+06
339 1.59556e+06
340 1.59563e+06
341 1.59567e+06
342 1.59572e+06
343 1.5959e+06
344 1.59589e+06
345 1.59591e+06
346 1.59604e+06
347 1.59614e+06
348 1.59624e+06
349 1.59628e+06
350 1.59632e+06
351 1.59632e+06
352 1.59645e+06
353 1.59658e+06
354 1.5967e+06
355 1.59675e+06
356 1.59683e+06
357 1.59695e+06
358 1.59701e+06
359 1.59708e+06
360 1.59712e+06
361 1.59721e+06
362 1.59726e+06
363 1.59731e+06
364 1.59734e+06
365 1.59737e+06
366 1.59748e+06
367 1.59748e+06
368 1.59753e+06
369 1.59753e+06
370 1.59762e+06
371 1.59776e+06
372 1.59787e+06
373 1.59802e+06
374 1.5981e+06
375 1.59813e+06
376 1.59817e+06
377 1.5982e+06
378 1.59832e+06
379 1.5984e+06
380 1.59848e+06
381 1.5986e+06
382 1.59865e+06
383 1.59874e+06
384 1.5988e+06
385 1.59885e+06
386 1.59885e+06
387 1.59889e+06
388 1.59889e+06
389 1.59899e+06
390 1.59904e+06
391 1.59911e+06
392 1.59912e+06
393 1.59935e+06
394 1.59939e+06
395 1.59944e+06
396 1.59949e+06
397 1.59955e+06
398 1.59967e+06
399 1.59973e+06
400 1.59976e+06
401 1.59984e+06
402 1.59987e+06
403 1.59994e+06
404 1.60002e+06
405 1.60006e+06
406 1.60011e+06
407 1.60011e+06
408 1.60018e+06
409 1.60022e+06
410 1.60023e+06
411 1.60034e+06
412 1.60039e+06
413 1.60046e+06
414 1.60054e+06
415 1.60056e+06
416 1.60057e+06
417 1.60066e+06
418 1.60068e+06
419 1.60088e+06
420 1.60101e+06
421 1.60104e+06
422 1.60106e+06
423 1.6011e+06
424 1.60113e+06
425 1.60115e+06
426 1.60118e+06
427 1.60138e+06
428 1.60143e+06
429 1.60145e+06
430 1.60154e+06
431 1.60162e+06
432 1.60169e+06
433 1.60176e+06
434 1.60189e+06
435 1.60197e+06
436 1.60208e+06
437 1.60214e+06
438 1.60222e+06
439 1.60222e+06
440 1.60229e+06
441 1.60232e+06
442 1.60243e+06
443 1.60251e+06
444 1.60259e+06
445 1.60262e+06
446 1.60262e+06
447 1.60264e+06
448 1.60278e+06
449 1.60281e+06
450 1.60287e+06
451 1.60296e+06
452 1.6031e+06
453 1.60316e+06
454 1.60319e+06
455 1.60326e+06
456 1.60329e+06
457 1.60331e+06
458 1.60337e+06
459 1.6034e+06
460 1.60347e+06
461 1.60354e+06
462 1.6037e+06
463 1.60373e+06
464 1.60381e+06
465 1.60381e+06
466 1.60385e+06
467 1.60399e+06
468 1.60403e+06
469 1.60411e+06
470 1.60419e+06
471 1.60423e+06
472 1.60423e+06
473 1.60427e+06
474 1.60431e+06
475 1.60437e+06
476 1.60443e+06
477 1.60452e+06
478 1.6046e+06
479 1.60465e+06
480 1.60468e+06
481 1.6047e+06
482 1.60469e+06
483 1.60471e+06
484 1.60477e+06
485 1.60482e+06
486 1.60485e+06
487 1.60488e+06
488 1.60492e+06
489 1.60497e+06
490 1.60502e+06
491 1.60505e+06
492 1.6051e+06
493 1.60515e+06
494 1.6052e+06
495 1.60533e+06
496 1.60541e+06
497 1.60543e+06
498 1.60559e+06
499 1.60568e+06
500 1.6057e+06
501 1.60577e+06
502 1.60584e+06
503 1.60588e+06
504 1.6059e+06
505 1.60595e+06
506 1.60595e+06
507 1.60602e+06
508 1.60608e+06
509 1.60615e+06
510 1.6062e+06
511 1.60624e+06
512 1.60626e+06
513 1.60636e+06
514 1.60641e+06
515 1.60642e+06
516 1.60648e+06
517 1.60651e+06
518 1.6066e+06
519 1.60668e+06
520 1.60671e+06
521 1.60687e+06
522 1.60687e+06
523 1.60691e+06
524 1.6071e+06
525 1.60729e+06
526 1.60734e+06
527 1.60739e+06
528 1.60742e+06
529 1.60746e+06
530 1.60751e+06
531 1.60758e+06
532 1.60764e+06
533 1.60768e+06
534 1.60771e+06
535 1.60786e+06
536 1.60789e+06
537 1.60793e+06
538 1.60802e+06
539 1.60808e+06
540 1.60808e+06
541 1.60813e+06
542 1.60826e+06
543 1.60832e+06
544 1.60841e+06
545 1.60847e+06
546 1.60852e+06
547 1.60859e+06
548 1.60865e+06
549 1.60865e+06
550 1.60872e+06
551 1.60876e+06
552 1.60881e+06
553 1.60889e+06
554 1.60893e+06
555 1.60892e+06
556 1.609e+06
557 1.60901e+06
558 1.6091e+06
559 1.6092e+06
560 1.60928e+06
561 1.60936e+06
562 1.60936e+06
563 1.60944e+06
564 1.60949e+06
565 1.60954e+06
566 1.60958e+06
567 1.60966e+06
568 1.60974e+06
569 1.60979e+06
570 1.60988e+06
571 1.60992e+06
572 1.61004e+06
573 1.61004e+06
574 1.61011e+06
575 1.61021e+06
576 1.61025e+06
577 1.61029e+06
578 1.61029e+06
579 1.61034e+06
580 1.61042e+06
581 1.61049e+06
582 1.61055e+06
583 1.61055e+06
584 1.61061e+06
585 1.61065e+06
586 1.61073e+06
587 1.61073e+06
588 1.61078e+06
589 1.61081e+06
590 1.61088e+06
591 1.61093e+06
592 1.61096e+06
593 1.61102e+06
594 1.61107e+06
595 1.61111e+06
596 1.61116e+06
597 1.61118e+06
598 1.61128e+06
599 1.61133e+06
600 1.61139e+06
601 1.61141e+06
602 1.61149e+06
603 1.61153e+06
604 1.61165e+06
605 1.61171e+06
606 1.61171e+06
607 1.61186e+06
608 1.61186e+06
609 1.61186e+06
610 1.61192e+06
611 1.61196e+06
612 1.61209e+06
613 1.61214e+06
614 1.61223e+06
615 1.61225e+06
616 1.61232e+06
617 1.61232e+06
618 1.61234e+06
619 1.61239e+06
620 1.61245e+06
621 1.61248e+06
622 1.61252e+06
623 1.61256e+06
624 1.61256e+06
625 1.61266e+06
626 1.61275e+06
627 1.61279e+06
628 1.61288e+06
629 1.61296e+06
630 1.61304e+06
631 1.61308e+06
632 1.61312e+06
633 1.6132e+06
634 1.61327e+06
635 1.61328e+06
636 1.61335e+06
637 1.6134e+06
638 1.6135e+06
639 1.6136e+06
640 1.61369e+06
641 1.61372e+06
642 1.61378e+06
643 1.61378e+06
644 1.6138e+06
645 1.61383e+06
646 1.61385e+06
647 1.61388e+06
648 1.61391e+06
649 1.61401e+06
650 1.61404e+06
651 1.61406e+06
652 1.61415e+06
653 1.61416e+06
654 1.61422e+06
655 1.61428e+06
656 1.61429e+06
657 1.61429e+06
658 1.61431e+06
659 1.61434e+06
660 1.61442e+06
661 1.61446e+06
662 1.6145e+06
663 1.61454e+06
664 1.61456e+06
665 1.61468e+06
666 1.61479e+06
667 1.61488e+06
668 1.61488e+06
669 1.61492e+06
670 1.61495e+06
671 1.61496e+06
672 1.61499e+06
673 1.615e+06
674 1.61504e+06
675 1.61503e+06
676 1.61505e+06
677 1.61507e+06
678 1.61522e+06
679 1.6153e+06
680 1.61538e+06
681 1.6154e+06
682 1.61544e+06
683 1.61548e+06
684 1.61555e+06
685 1.61566e+06
686 1.61572e+06
687 1.61576e+06
688 1.61581e+06
689 1.61591e+06
690 1.61601e+06
691 1.61604e+06
692 1.61607e+06
693 1.61619e+06
694 1.61629e+06
695 1.61633e+06
696 1.61639e+06
697 1.61642e+06
698 1.61646e+06
699 1.6165e+06
700 1.61656e+06
701 1.61668e+06
702 1.61672e+06
703 1.61679e+06
704 1.6169e+06
705 1.61693e+06
706 1.61697e+06
707 1.61703e+06
708 1.61714e+06
709 1.61714e+06
710 1.61718e+06
711 1.61721e+06
712 1.61728e+06
713 1.61732e+06
714 1.61736e+06
715 1.61741e+06
716 1.61744e+06
717 1.61744e+06
718 1.6175e+06
719 1.61753e+06
720 1.6176e+06
721 1.61763e+06
722 1.61768e+06
723 1.61777e+06
724 1.6178e+06
725 1.61783e+06
726 1.61791e+06
727 1.61798e+06
728 1.61807e+06
729 1.6182e+06
730 1.61831e+06
731 1.6184e+06
732 1.61849e+06
733 1.6185e+06
734 1.61859e+06
735 1.61864e+06
736 1.6187e+06
737 1.61873e+06
738 1.61877e+06
739 1.61878e+06
740 1.61881e+06
741 1.6189e+06
742 1.61894e+06
743 1.61904e+06
744 1.6191e+06
745 1.6191e+06
746 1.6191e+06
747 1.61912e+06
748 1.61926e+06
749 1.61933e+06
750 1.61937e+06
751 1.61942e+06
752 1.61947e+06
753 1.61952e+06
754 1.61952e+06
755 1.61957e+06
756 1.61963e+06
757 1.61964e+06
758 1.61977e+06
759 1.61981e+06
760 1.61988e+06
761 1.61996e+06
762 1.62e+06
763 1.62018e+06
764 1.62021e+06
765 1.62023e+06
766 1.62024e+06
767 1.62032e+06
768 1.62033e+06
769 1.62036e+06
770 1.62038e+06
771 1.62039e+06
772 1.62047e+06
773 1.62057e+06
774 1.62066e+06
775 1.62073e+06
776 1.62075e+06
777 1.6208e+06
778 1.62086e+06
779 1.62096e+06
780 1.62113e+06
781 1.62115e+06
782 1.6212e+06
783 1.62122e+06
784 1.6213e+06
785 1.62133e+06
786 1.6214e+06
787 1.6215e+06
788 1.62155e+06
789 1.62156e+06
790 1.62168e+06
791 1.62168e+06
792 1.62174e+06
793 1.6218e+06
794 1.62181e+06
795 1.62186e+06
796 1.62188e+06
797 1.62192e+06
798 1.62194e+06
799 1.62205e+06
800 1.62211e+06
801 1.62211e+06
802 1.62211e+06
803 1.62211e+06
804 1.62218e+06
805 1.62223e+06
806 1.62223e+06
807 1.62228e+06
808 1.62237e+06
809 1.62241e+06
810 1.62245e+06
811 1.62247e+06
812 1.6226e+06
813 1.62266e+06
814 1.62266e+06
815 1.62271e+06
816 1.6228e+06
817 1.62283e+06
818 1.62295e+06
819 1.623e+06
820 1.62301e+06
821 1.62304e+06
822 1.62306e+06
823 1.6231e+06
824 1.62325e+06
825 1.6233e+06
826 1.62332e+06
827 1.62339e+06
828 1.62339e+06
829 1.62343e+06
830 1.62346e+06
831 1.62355e+06
832 1.62355e+06
833 1.62361e+06
834 1.62364e+06
835 1.62365e+06
836 1.62372e+06
837 1.62375e+06
838 1.62383e+06
839 1.62384e+06
840 1.62393e+06
841 1.62401e+06
842 1.62404e+06
843 1.62405e+06
844 1.62413e+06
845 1.62416e+06
846 1.62418e+06
847 1.62419e+06
848 1.62421e+06
849 1.62423e+06
850 1.62426e+06
851 1.62427e+06
852 1.62432e+06
853 1.62433e+06
854 1.62458e+06
855 1.62468e+06
856 1.62469e+06
857 1.62485e+06
858 1.62493e+06
859 1.62496e+06
860 1.62498e+06
861 1.62501e+06
862 1.62512e+06
863 1.62516e+06
864 1.62518e+06
865 1.62519e+06
866 1.62526e+06
867 1.62534e+06
868 1.62536e+06
869 1.6254e+06
870 1.62542e+06
871 1.62546e+06
872 1.62547e+06
873 1.6255e+06
874 1.6255e+06
875 1.62553e+06
876 1.62559e+06
877 1.62559e+06
878 1.62559e+06
879 1.62566e+06
880 1.62571e+06
881 1.62576e+06
882 1.62586e+06
883 1.62588e+06
884 1.62598e+06
885 1.626e+06
886 1.62602e+06
887 1.62607e+06
888 1.62609e+06
889 1.6262e+06
890 1.62621e+06
891 1.62624e+06
892 1.6264e+06
893 1.62643e+06
894 1.62647e+06
895 1.62649e+06
896 1.62659e+06
897 1.62664e+06
898 1.62664e+06
899 1.62672e+06
900 1.62674e+06
901 1.62682e+06
902 1.62687e+06
903 1.627e+06
904 1.62703e+06
905 1.62711e+06
906 1.62712e+06
907 1.62716e+06
908 1.62718e+06
909 1.62727e+06
910 1.62731e+06
911 1.62742e+06
912 1.62749e+06
913 1.62752e+06
914 1.62751e+06
915 1.62758e+06
916 1.62766e+06
917 1.62773e+06
918 1.62774e+06
919 1.62775e+06
920 1.6278e+06
921 1.62784e+06
922 1.62787e+06
923 1.62789e+06
924 1.62794e+06
925 1.62798e+06
926 1.62808e+06
927 1.6281e+06
928 1.62812e+06
929 1.62814e+06
930 1.62822e+06
931 1.6283e+06
932 1.62833e+06
933 1.62841e+06
934 1.6284e+06
935 1.62842e+06
936 1.62846e+06
937 1.62846e+06
938 1.62865e+06
939 1.62868e+06
940 1.62873e+06
941 1.62875e+06
942 1.62874e+06
943 1.62879e+06
944 1.62882e+06
945 1.62891e+06
946 1.62897e+06
947 1.62903e+06
948 1.62902e+06
949 1.62913e+06
950 1.62913e+06
951 1.62916e+06
952 1.62926e+06
953 1.62935e+06
954 1.62942e+06
955 1.62944e+06
956 1.62949e+06
957 1.62949e+06
958 1.62956e+06
959 1.62962e+06
960 1.62962e+06
961 1.62968e+06
962 1.62969e+06
963 1.62973e+06
964 1.62979e+06
965 1.62988e+06
966 1.62994e+06
967 1.63003e+06
968 1.63007e+06
969 1.63008e+06
970 1.63008e+06
971 1.63018e+06
972 1.6303e+06
973 1.63035e+06
974 1.63036e+06
975 1.6305e+06
976 1.63052e+06
977 1.63056e+06
978 1.63061e+06
979 1.63064e+06
980 1.63069e+06
981 1.63074e+06
982 1.63087e+06
983 1.63088e+06
984 1.63097e+06
985 1.6311e+06
986 1.63112e+06
987 1.63114e+06
988 1.63115e+06
989 1.63115e+06
990 1.6312e+06
991 1.63124e+06
992 1.63127e+06
993 1.6313e+06
994 1.63141e+06
995 1.63145e+06
996 1.6315e+06
997 1.63158e+06
998 1.63166e+06
999 1.63167e+06
1000 1.63169e+06
