128 0.3 0.333
0 156776
1 1.56784e+06
2 1.56791e+06
3 1.56797e+06
4 1.568e+06
5 1.56813e+06
6 1.56821e+06
7 1.56837e+06
8 1.56866e+06
9 1.56879e+06
10 1.56886e+06
11 1.56898e+06
12 1.56914e+06
13 1.56931e+06
14 1.56949e+06
15 1.56958e+06
16 1.56968e+06
17 1.56977e+06
18 1.56985e+06
19 1.56998e+06
20 1.57025e+06
21 1.57035e+06
22 1.57044e+06
23 1.57051e+06
24 1.57063e+06
25 1.57067e+06
26 1.57082e+06
27 1.57088e+06
28 1.57102e+06
29 1.57111e+06
30 1.57125e+06
31 1.57133e+06
32 1.57142e+06
33 1.57148e+06
34 1.57154e+06
35 1.57164e+06
36 1.57178e+06
37 1.57187e+06
38 1.57194e+06
39 1.57199e+06
40 1.57209e+06
41 1.5722e+06
42 1.57228e+06
43 1.57243e+06
44 1.57251e+06
45 1.57256e+06
46 1.57267e+06
47 1.57278e+06
48 1.57287e+06
49 1.5729e+06
50 1.57293e+06
51 1.57301e+06
52 1.57304e+06
53 1.57312e+06
54 1.57313e+06
55 1.57327e+06
56 1.5734e+06
57 1.57353e+06
58 1.57362e+06
59 1.57372e+06
60 1.57383e+06
61 1.57396e+06
62 1.57406e+06
63 1.57415e+06
64 1.57422e+06
65 1.57434e+06
66 1.57438e+06
67 1.57449e+06
68 1.57462e+06
69 1.57472e+06
70 1.57483e+06
71 1.57489e+06
72 1.57498e+06
73 1.57508e+06
74 1.57515e+06
75 1.57525e+06
76 1.57536e+06
77 1.57543e+06
78 1.5755e+06
79 1.57557e+06
80 1.57576e+06
81 1.5759e+06
82 1.576e+06
83 1.57605e+06
84 1.57606e+06
85 1.57611e+06
86 1.57618e+06
87 1.57624e+06
88 1.57641e+06
89 1.57645e+06
90 1.57651e+06
91 1.57657e+06
92 1.57672e+06
93 1.57679e+06
94 1.57688e+06
95 1.57694e+06
96 1.57707e+06
97 1.57714e+06
98 1.57729e+06
99 1.57731e+06
100 1.57745e+06
101 1.57752e+06
102 1.57759e+06
103 1.57769e+06
104 1.57776e+06
105 1.57778e+06
106 1.57778e+06
107 1.57791e+06
108 1.57795e+06
109 1.57796e+06
110 1.57806e+06
111 1.57812e+06
112 1.57818e+06
113 1.57823e+06
114 1.57826e+06
115 1.57834e+06
116 1.5784e+06
117 1.57849e+06
118 1.57864e+06
119 1.57876e+06
120 1.57878e+06
121 1.57888e+06
122 1.57896e+06
123 1.57902e+06
124 1.5792e+06
125 1.57929e+06
126 1.57938e+06
127 1.57953e+06
128 1.57959e+06
129 1.57959e+06
130 1.5797e+06
131 1.57978e+06
132 1.57989e+06
133 1.57997e+06
134 1.58012e+06
135 1.58023e+06
136 1.58031e+06
137 1.58035e+06
138 1.58043e+06
139 1.58055e+06
140 1.58056e+06
141 1.58061e+06
142 1.58064e+06
143 1.58067e+06
144 1.58077e+06
145 1.58081e+06
146 1.58089e+06
147 1.58093e+06
148 1.58114e+06
149 1.58123e+06
150 1.58129e+06
151 1.58139e+06
152 1.58145e+06
153 1.58153e+06
154 1.58162e+06
155 1.58174e+06
156 1.58187e+06
157 1.58201e+06
158 1.58206e+06
159 1.58209e+06
160 1.58219e+06
161 1.58222e+06
162 1.58228e+06
163 1.58237e+06
164 1.58244e+06
165 1.58247e+06
166 1.58258e+06
167 1.58273e+06
168 1.58274e+06
169 1.58276e+06
170 1.58291e+06
171 1.58299e+06
172 1.58315e+06
173 1.58322e+06
174 1.58325e+06
175 1.58335e+06
176 1.58344e+06
177 1.58355e+06
178 1.58362e+06
179 1.58369e+06
180 1.58384e+06
181 1.58392e+06
182 1.58408e+06
183 1.58414e+06
184 1.5842e+06
185 1.58427e+06
186 1.58431e+06
187 1.58442e+06
188 1.58452e+06
189 1.58462e+06
190 1.58472e+06
191 1.58492e+06
192 1.58498e+06
193 1.58511e+06
194 1.58522e+06
195 1.58527e+06
196 1.5853e+06
197 1.58541e+06
198 1.5855e+06
199 1.58558e+06
200 1.58564e+06
201 1.58573e+06
202 1.58585e+06
203 1.58589e+06
204 1.58589e+06
205 1.58591e+06
206 1.58596e+06
207 1.58604e+06
208 1.58622e+06
209 1.58624e+06
210 1.5863e+06
211 1.58632e+06
212 1.58636e+06
213 1.58648e+06
214 1.58657e+06
215 1.58661e+06
216 1.58662e+06
217 1.58673e+06
218 1.58682e+06
219 1.58686e+06
220 1.5869e+06
221 1.58695e+06
222 1.58705e+06
223 1.58722e+06
224 1.58732e+06
225 1.58734e+06
226 1.58746e+06
227 1.58753e+06
228 1.58763e+06
229 1.58765e+06
230 1.58776e+06
231 1.58783e+06
232 1.58787e+06
233 1.58792e+06
234 1.58796e+06
235 1.58807e+06
236 1.58809e+06
237 1.5881e+06
238 1.58814e+06
239 1.58823e+06
240 1.58836e+06
241 1.58842e+06
242 1.58852e+06
243 1.58857e+06
244 1.58864e+06
245 1.58876e+06
246 1.58879e+06
247 1.58893e+06
248 1.58904e+06
249 1.58909e+06
250 1.58924e+06
251 1.58933e+06
252 1.58942e+06
253 1.58954e+06
254 1.58958e+06
255 1.58968e+06
256 1.58974e+06
257 1.58985e+06
258 1.58994e+06
259 1.58996e+06
260 1.59008e+06
261 1.59013e+06
262 1.5902e+06
263 1.59035e+06
264 1.59044e+06
265 1.59045e+06
266 1.59058e+06
267 1.59065e+06
268 1.59078e+06
269 1.59084e+06
270 1.59093e+06
271 1.59096e+06
272 1.59105e+06
273 1.59107e+06
274 1.59108e+06
275 1.59111e+06
276 1.59122e+06
277 1.59131e+06
278 1.59135e+06
279 1.59145e+06
280 1.59149e+06
281 1.59153e+06
282 1.5917e+06
283 1.59173e+06
284 1.59183e+06
285 1.59203e+06
286 1.59209e+06
287 1.59214e+06
288 1.59228e+06
289 1.59235e+06
290 1.59236e+06
291 1.5924e+06
292 1.59244e+06
293 1.59258e+06
294 1.59264e+06
295 1.59266e+06
296 1.59277e+06
297 1.59292e+06
298 1.59302e+06
299 1.59307e+06
300 1.59309e+06
301 1.59315e+06
302 1.59317e+06
303 1.59324e+06
304 1.59328e+06
305 1.59333e+06
306 1.59334e+06
307 1.59337e+06
308 1.59338e+06
309 1.59345e+06
310 1.59351e+06
311 1.59363e+06
312 1.59373e+06
313 1.59381e+06
314 1.5939e+06
315 1.59395e+06
316 1.594e+06
317 1.5941e+06
318 1.59418e+06
319 1.5942e+06
320 1.59423e+06
321 1.59432e+06
322 1.59442e+06
323 1.59444e+06
324 1.59449e+06
325 1.59451e+06
326 1.59462e+06
327 1.59476e+06
328 1.59481e+06
329 1.59486e+06
330 1.59491e+06
331 1.59494e+06
332 1.59509e+06
333 1.59516e+06
334 1.59519e+06
335 1.59526e+06
336 1.5953e+06
337 1.59552e+06
338 1.59554e+06
339 1.59556e+06
340 1.59565e+06
341 1.59569e+06
342 1.59571e+06
343 1.59571e+06
344 1.59573e+06
345 1.59587e+06
346 1.59595e+06
347 1.59597e+06
348 1.59597e+06
349 1.59612e+06
350 1.59627e+06
351 1.59634e+06
352 1.5964e+06
353 1.59658e+06
354 1.59665e+06
355 1.59678e+06
356 1.59683e+06
357 1.59694e+06
358 1.59703e+06
359 1.59706e+06
360 1.59726e+06
361 1.59734e+06
362 1.59747e+06
363 1.59748e+06
364 1.59756e+06
365 1.59759e+06
366 1.59773e+06
367 1.59775e+06
368 1.5978e+06
369 1.59788e+06
370 1.59796e+06
371 1.598e+06
372 1.59805e+06
373 1.59815e+06
374 1.5982e+06
375 1.59822e+06
376 1.59823e+06
377 1.59833e+06
378 1.59854e+06
379 1.59855e+06
380 1.5986e+06
381 1.59865e+06
382 1.59878e+06
383 1.5988e+06
384 1.59893e+06
385 1.59899e+06
386 1.59904e+06
387 1.59909e+06
388 1.59923e+06
389 1.59924e+06
390 1.59929e+06
391 1.59934e+06
392 1.59941e+06
393 1.59947e+06
394 1.59954e+06
395 1.59969e+06
396 1.59981e+06
397 1.59983e+06
398 1.5999e+06
399 1.59994e+06
400 1.59999e+06
401 1.60003e+06
402 1.60008e+06
403 1.60009e+06
404 1.60012e+06
405 1.60013e+06
406 1.60018e+06
407 1.60025e+06
408 1.60031e+06
409 1.60036e+06
410 1.60043e+06
411 1.6005e+06
412 1.60056e+06
413 1.60061e+06
414 1.60063e+06
415 1.60074e+06
416 1.6008e+06
417 1.60086e+06
418 1.60095e+06
419 1.60099e+06
420 1.60112e+06
421 1.60123e+06
422 1.60134e+06
423 1.60137e+06
424 1.60147e+06
425 1.60158e+06
426 1.60161e+06
427 1.60184e+06
428 1.60189e+06
429 1.60197e+06
430 1.60204e+06
431 1.60211e+06
432 1.60214e+06
433 1.60219e+06
434 1.60231e+06
435 1.60242e+06
436 1.60245e+06
437 1.6026e+06
438 1.60266e+06
439 1.60274e+06
440 1.60285e+06
441 1.6029e+06
442 1.60304e+06
443 1.60314e+06
444 1.60317e+06
445 1.6032e+06
446 1.60324e+06
447 1.60325e+06
448 1.60329e+06
449 1.60341e+06
450 1.60358e+06
451 1.60365e+06
452 1.60367e+06
453 1.60378e+06
454 1.60386e+06
455 1.60394e+06
456 1.60397e+06
457 1.60403e+06
458 1.60406e+06
459 1.60411e+06
460 1.60419e+06
461 1.60419e+06
462 1.60422e+06
463 1.60438e+06
464 1.60443e+06
465 1.60445e+06
466 1.60454e+06
467 1.60461e+06
468 1.60474e+06
469 1.60481e+06
470 1.60491e+06
471 1.60498e+06
472 1.60507e+06
473 1.60526e+06
474 1.60537e+06
475 1.60538e+06
476 1.60547e+06
477 1.60553e+06
478 1.60553e+06
479 1.60553e+06
480 1.60557e+06
481 1.60558e+06
482 1.60564e+06
483 1.60566e+06
484 1.60572e+06
485 1.60577e+06
486 1.60584e+06
487 1.6059e+06
488 1.60597e+06
489 1.606e+06
490 1.60609e+06
491 1.60616e+06
492 1.60623e+06
493 1.60626e+06
494 1.60634e+06
495 1.60636e+06
496 1.60639e+06
497 1.60642e+06
498 1.60642e+06
499 1.60647e+06
500 1.6065e+06
501 1.60654e+06
502 1.60655e+06
503 1.60661e+06
504 1.6067e+06
505 1.60682e+06
506 1.60687e+06
507 1.60691e+06
508 1.607e+06
509 1.60713e+06
510 1.6072e+06
511 1.60724e+06
512 1.60728e+06
513 1.60735e+06
514 1.60742e+06
515 1.6075e+06
516 1.60753e+06
517 1.6076e+06
518 1.6076e+06
519 1.60772e+06
520 1.60777e+06
521 1.60788e+06
522 1.60792e+06
523 1.608e+06
524 1.60805e+06
525 1.60814e+06
526 1.60821e+06
527 1.60824e+06
528 1.60828e+06
529 1.60836e+06
530 1.60855e+06
531 1.60863e+06
532 1.60869e+06
533 1.60871e+06
534 1.6088e+06
535 1.60884e+06
536 1.6089e+06
537 1.60894e+06
538 1.60895e+06
539 1.609e+06
540 1.60912e+06
541 1.60917e+06
542 1.60926e+06
543 1.60926e+06
544 1.60928e+06
545 1.60931e+06
546 1.60945e+06
547 1.6095e+06
548 1.60962e+06
549 1.60964e+06
550 1.60973e+06
551 1.6098e+06
552 1.6098e+06
553 1.60985e+06
554 1.60996e+06
555 1.61005e+06
556 1.61009e+06
557 1.61018e+06
558 1.61024e+06
559 1.61025e+06
560 1.61026e+06
561 1.61031e+06
562 1.61034e+06
563 1.61044e+06
564 1.61051e+06
565 1.61055e+06
566 1.61064e+06
567 1.61074e+06
568 1.61082e+06
569 1.61082e+06
570 1.61096e+06
571 1.61103e+06
572 1.61114e+06
573 1.61119e+06
574 1.61124e+06
575 1.61131e+06
576 1.61136e+06
577 1.61149e+06
578 1.61156e+06
579 1.61159e+06
580 1.61167e+06
581 1.61169e+06
582 1.61173e+06
583 1.61187e+06
584 1.61189e+06
585 1.6119e+06
586 1.61202e+06
587 1.61209e+06
588 1.6122e+06
589 1.61223e+06
590 1.61236e+06
591 1.61251e+06
592 1.61256e+06
593 1.61266e+06
594 1.6127e+06
595 1.61274e+06
596 1.61279e+06
597 1.61282e+06
598 1.61283e+06
599 1.61293e+06
600 1.61295e+06
601 1.61296e+06
602 1.61297e+06
603 1.61312e+06
604 1.61323e+06
605 1.61333e+06
606 1.61336e+06
607 1.61343e+06
608 1.6135e+06
609 1.61354e+06
610 1.61358e+06
611 1.61365e+06
612 1.61372e+06
613 1.61377e+06
614 1.6138e+06
615 1.61383e+06
616 1.61386e+06
617 1.6139e+06
618 1.61394e+06
619 1.61396e+06
620 1.61403e+06
621 1.61408e+06
622 1.61413e+06
623 1.61414e+06
624 1.61416e+06
625 1.6142e+06
626 1.61424e+06
627 1.6143e+06
628 1.61436e+06
629 1.61443e+06
630 1.6145e+06
631 1.61462e+06
632 1.61465e+06
633 1.61474e+06
634 1.61474e+06
635 1.61479e+06
636 1.61481e+06
637 1.61489e+06
638 1.61493e+06
639 1.61495e+06
640 1.61501e+06
641 1.61509e+06
642 1.61517e+06
643 1.61532e+06
644 1.61536e+06
645 1.61544e+06
646 1.61558e+06
647 1.6156e+06
648 1.61574e+06
649 1.61579e+06
650 1.61581e+06
651 1.61602e+06
652 1.61607e+06
653 1.61609e+06
654 1.61619e+06
655 1.61626e+06
656 1.61635e+06
657 1.61642e+06
658 1.61643e+06
659 1.61652e+06
660 1.61661e+06
661 1.61666e+06
662 1.6167e+06
663 1.61683e+06
664 1.61694e+06
665 1.61701e+06
666 1.61702e+06
667 1.61708e+06
668 1.61713e+06
669 1.61717e+06
670 1.61718e+06
671 1.61724e+06
672 1.61728e+06
673 1.61732e+06
674 1.61746e+06
675 1.61752e+06
676 1.61756e+06
677 1.61762e+06
678 1.61772e+06
679 1.61775e+06
680 1.61775e+06
681 1.61776e+06
682 1.61778e+06
683 1.61784e+06
684 1.61787e+06
685 1.61801e+06
686 1.61802e+06
687 1.61808e+06
688 1.61808e+06
689 1.61817e+06
690 1.61818e+06
691 1.61829e+06
692 1.61836e+06
693 1.6184e+06
694 1.61841e+06
695 1.61854e+06
696 1.61856e+06
697 1.61863e+06
698 1.61866e+06
699 1.61866e+06
700 1.61879e+06
701 1.61881e+06
702 1.61881e+06
703 1.61891e+06
704 1.61894e+06
705 1.61894e+06
706 1.61901e+06
707 1.61905e+06
708 1.61911e+06
709 1.61916e+06
710 1.6192e+06
711 1.61924e+06
712 1.61926e+06
713 1.61934e+06
714 1.61938e+06
715 1.61938e+06
716 1.6194e+06
717 1.61949e+06
718 1.6195e+06
719 1.61951e+06
720 1.61955e+06
721 1.61958e+06
722 1.61966e+06
723 1.61977e+06
724 1.61986e+06
725 1.61992e+06
726 1.61995e+06
727 1.61997e+06
728 1.62001e+06
729 1.62002e+06
730 1.62012e+06
731 1.62016e+06
732 1.62017e+06
733 1.62026e+06
734 1.62033e+06
735 1.62037e+06
736 1.62042e+06
737 1.62049e+06
738 1.62054e+06
739 1.62056e+06
740 1.6206e+06
741 1.62067e+06
742 1.62076e+06
743 1.62084e+06
744 1.62085e+06
745 1.62089e+06
746 1.62093e+06
747 1.62096e+06
748 1.62097e+06
749 1.62101e+06
750 1.62107e+06
751 1.62116e+06
752 1.62118e+06
753 1.62131e+06
754 1.62135e+06
755 1.62144e+06
756 1.62158e+06
757 1.62168e+06
758 1.62174e+06
759 1.62178e+06
760 1.62184e+06
761 1.62188e+06
762 1.62191e+06
763 1.62192e+06
764 1.62199e+06
765 1.62202e+06
766 1.62213e+06
767 1.62215e+06
768 1.62221e+06
769 1.62221e+06
770 1.6223e+06
771 1.62239e+06
772 1.62249e+06
773 1.62257e+06
774 1.62258e+06
775 1.62268e+06
776 1.62268e+06
777 1.62272e+06
778 1.62291e+06
779 1.62297e+06
780 1.623e+06
781 1.623e+06
782 1.62304e+06
783 1.62327e+06
784 1.62334e+06
785 1.62336e+06
786 1.62336e+06
787 1.62354e+06
788 1.62368e+06
789 1.62371e+06
790 1.62378e+06
791 1.62398e+06
792 1.62403e+06
793 1.62417e+06
794 1.6242e+06
795 1.62423e+06
796 1.62423e+06
797 1.62427e+06
798 1.62432e+06
799 1.62439e+06
800 1.62447e+06
801 1.62453e+06
802 1.62453e+06
803 1.62454e+06
804 1.62462e+06
805 1.62465e+06
806 1.62475e+06
807 1.62475e+06
808 1.62478e+06
809 1.62481e+06
810 1.62483e+06
811 1.62484e+06
812 1.62497e+06
813 1.62508e+06
814 1.62512e+06
815 1.62517e+06
816 1.62524e+06
817 1.6253e+06
818 1.62532e+06
819 1.62532e+06
820 1.62533e+06
821 1.62543e+06
822 1.62549e+06
823 1.62552e+06
824 1.62557e+06
825 1.62565e+06
826 1.62569e+06
827 1.62574e+06
828 1.62581e+06
829 1.62585e+06
830 1.62588e+06
831 1.62594e+06
832 1.62598e+06
833 1.62604e+06
834 1.62605e+06
835 1.62616e+06
836 1.6262e+06
837 1.6262e+06
838 1.6262e+06
839 1.62619e+06
840 1.62623e+06
841 1.62623e+06
842 1.62631e+06
843 1.6264e+06
844 1.62641e+06
845 1.62641e+06
846 1.62648e+06
847 1.62652e+06
848 1.62655e+06
849 1.62658e+06
850 1.62665e+06
851 1.62665e+06
852 1.62675e+06
853 1.62686e+06
854 1.62689e+06
855 1.6269e+06
856 1.62692e+06
857 1.62697e+06
858 1.62705e+06
859 1.62706e+06
860 1.6271e+06
861 1.62716e+06
862 1.62721e+06
863 1.62724e+06
864 1.62727e+06
865 1.62728e+06
866 1.6273e+06
867 1.62738e+06
868 1.62741e+06
869 1.62742e+06
870 1.62742e+06
871 1.62748e+06
872 1.6275e+06
873 1.62752e+06
874 1.62755e+06
875 1.62758e+06
876 1.62765e+06
877 1.62769e+06
878 1.62778e+06
879 1.62792e+06
880 1.62798e+06
881 1.628e+06
882 1.62803e+06
883 1.62811e+06
884 1.62811e+06
885 1.62816e+06
886 1.62818e+06
887 1.62828e+06
888 1.62831e+06
889 1.62831e+06
890 1.62837e+06
891 1.62851e+06
892 1.62853e+06
893 1.62854e+06
894 1.62859e+06
895 1.62861e+06
896 1.62864e+06
897 1.62864e+06
898 1.62876e+06
899 1.62883e+06
900 1.62886e+06
901 1.62893e+06
902 1.62894e+06
903 1.62906e+06
904 1.62911e+06
905 1.62913e+06
906 1.62919e+06
907 1.62931e+06
908 1.62943e+06
909 1.62948e+06
910 1.62951e+06
911 1.62962e+06
912 1.62965e+06
913 1.62973e+06
914 1.6298e+06
915 1.63e+06
916 1.63004e+06
917 1.63011e+06
918 1.63016e+06
919 1.63016e+06
920 1.63019e+06
921 1.63023e+06
922 1.63024e+06
923 1.63035e+06
924 1.63043e+06
925 1.63043e+06
926 1.63052e+06
927 1.63061e+06
928 1.63063e+06
929 1.63069e+06
930 1.6307e+06
931 1.63078e+06
932 1.63087e+06
933 1.63088e+06
934 1.63098e+06
935 1.63115e+06
936 1.63119e+06
937 1.63123e+06
938 1.63127e+06
939 1.63127e+06
940 1.63135e+06
941 1.63147e+06
942 1.63158e+06
943 1.63166e+06
944 1.63167e+06
945 1.63173e+06
946 1.63176e+06
947 1.63177e+06
948 1.63188e+06
949 1.63188e+06
950 1.6319e+06
951 1.63194e+06
952 1.63194e+06
953 1.63197e+06
954 1.63199e+06
955 1.63199e+06
956 1.63199e+06
957 1.63211e+06
958 1.63211e+06
959 1.63215e+06
960 1.6322e+06
961 1.63221e+06
962 1.63222e+06
963 1.63227e+06
964 1.63234e+06
965 1.63234e+06
966 1.6324e+06
967 1.63249e+06
968 1.63261e+06
969 1.63261e+06
970 1.63269e+06
971 1.63272e+06
972 1.63278e+06
973 1.63283e+06
974 1.63289e+06
975 1.63294e+06
976 1.63297e+06
977 1.63299e+06
978 1.63317e+06
979 1.63331e+06
980 1.63343e+06
981 1.6335e+06
982 1.63354e+06
983 1.63358e+06
984 1.6336e+06
985 1.63361e+06
986 1.63368e+06
987 1.63368e+06
988 1.63373e+06
989 1.63372e+06
990 1.63375e+06
991 1.63377e+06
992 1.63378e+06
993 1.63388e+06
994 1.63395e+06
995 1.63406e+06
996 1.63409e+06
997 1.63411e+06
998 1.63411e+06
999 1.63413e+06
1000 1.63417e+06
