128 0.3 0.432
0 156776
1 1.56784e+06
2 1.56794e+06
3 1.56808e+06
4 1.56817e+06
5 1.56833e+06
6 1.56841e+06
7 1.56856e+06
8 1.56876e+06
9 1.56888e+06
10 1.56895e+06
11 1.56905e+06
12 1.5692e+06
13 1.56944e+06
14 1.56968e+06
15 1.56978e+06
16 1.5699e+06
17 1.56997e+06
18 1.57007e+06
19 1.57018e+06
20 1.57033e+06
21 1.57047e+06
22 1.57061e+06
23 1.57076e+06
24 1.57083e+06
25 1.57098e+06
26 1.57114e+06
27 1.57122e+06
28 1.57132e+06
29 1.57139e+06
30 1.57151e+06
31 1.57158e+06
32 1.57168e+06
33 1.57174e+06
34 1.5718e+06
35 1.57187e+06
36 1.5719e+06
37 1.57196e+06
38 1.57203e+06
39 1.57207e+06
40 1.57221e+06
41 1.57238e+06
42 1.57247e+06
43 1.57262e+06
44 1.57275e+06
45 1.57281e+06
46 1.57291e+06
47 1.57298e+06
48 1.57303e+06
49 1.57312e+06
50 1.57318e+06
51 1.57319e+06
52 1.57332e+06
53 1.57342e+06
54 1.57349e+06
55 1.57362e+06
56 1.57375e+06
57 1.57386e+06
58 1.57402e+06
59 1.57407e+06
60 1.57412e+06
61 1.5742e+06
62 1.57424e+06
63 1.57432e+06
64 1.57438e+06
65 1.57452e+06
66 1.57456e+06
67 1.57465e+06
68 1.57479e+06
69 1.57484e+06
70 1.57493e+06
71 1.57501e+06
72 1.57509e+06
73 1.57523e+06
74 1.57535e+06
75 1.57548e+06
76 1.57555e+06
77 1.5757e+06
78 1.57581e+06
79 1.57587e+06
80 1.57608e+06
81 1.57621e+06
82 1.57631e+06
83 1.57634e+06
84 1.57637e+06
85 1.57645e+06
86 1.57655e+06
87 1.57662e+06
88 1.57677e+06
89 1.57682e+06
90 1.5769e+06
91 1.57704e+06
92 1.57719e+06
93 1.57721e+06
94 1.57727e+06
95 1.57736e+06
96 1.57746e+06
97 1.5775e+06
98 1.57765e+06
99 1.57774e+06
100 1.57784e+06
101 1.57789e+06
102 1.57795e+06
103 1.57802e+06
104 1.5782e+06
105 1.57826e+06
106 1.57829e+06
107 1.57841e+06
108 1.57847e+06
109 1.57852e+06
110 1.57859e+06
111 1.57866e+06
112 1.57868e+06
113 1.5787e+06
114 1.57879e+06
115 1.57885e+06
116 1.5789e+06
117 1.57903e+06
118 1.57918e+06
119 1.5792e+06
120 1.57931e+06
121 1.57937e+06
122 1.57944e+06
123 1.57944e+06
124 1.57962e+06
125 1.57966e+06
126 1.57967e+06
127 1.57974e+06
128 1.57991e+06
129 1.5801e+06
130 1.58015e+06
131 1.58018e+06
132 1.58026e+06
133 1.5803e+06
134 1.58038e+06
135 1.58051e+06
136 1.58067e+06
137 1.58083e+06
138 1.58092e+06
139 1.58097e+06
140 1.58108e+06
141 1.58116e+06
142 1.58123e+06
143 1.5813e+06
144 1.58138e+06
145 1.58146e+06
146 1.58152e+06
147 1.58158e+06
148 1.58172e+06
149 1.58173e+06
150 1.58174e+06
151 1.58177e+06
152 1.5819e+06
153 1.58193e+06
154 1.582e+06
155 1.58204e+06
156 1.58218e+06
157 1.58232e+06
158 1.58246e+06
159 1.58252e+06
160 1.5826e+06
161 1.58261e+06
162 1.58262e+06
163 1.58276e+06
164 1.5828e+06
165 1.58289e+06
166 1.58295e+06
167 1.58301e+06
168 1.58313e+06
169 1.58317e+06
170 1.58327e+06
171 1.58331e+06
172 1.58342e+06
173 1.58352e+06
174 1.58359e+06
175 1.58364e+06
176 1.58371e+06
177 1.58379e+06
178 1.58391e+06
179 1.58398e+06
180 1.584e+06
181 1.58405e+06
182 1.58412e+06
183 1.58422e+06
184 1.58422e+06
185 1.58434e+06
186 1.58439e+06
187 1.58449e+06
188 1.5846e+06
189 1.58468e+06
190 1.58478e+06
191 1.58486e+06
192 1.58488e+06
193 1.58492e+06
194 1.58507e+06
195 1.58518e+06
196 1.58522e+06
197 1.58535e+06
198 1.58544e+06
199 1.58555e+06
200 1.58567e+06
201 1.58578e+06
202 1.58593e+06
203 1.58602e+06
204 1.58605e+06
205 1.58607e+06
206 1.58618e+06
207 1.5862e+06
208 1.58633e+06
209 1.58641e+06
210 1.58652e+06
211 1.58655e+06
212 1.58669e+06
213 1.58675e+06
214 1.58677e+06
215 1.58697e+06
216 1.58711e+06
217 1.58718e+06
218 1.58726e+06
219 1.58747e+06
220 1.5875e+06
221 1.58753e+06
222 1.58768e+06
223 1.58774e+06
224 1.58783e+06
225 1.58793e+06
226 1.58806e+06
227 1.58814e+06
228 1.58824e+06
229 1.58836e+06
230 1.58848e+06
231 1.5885e+06
232 1.5886e+06
233 1.58872e+06
234 1.58876e+06
235 1.58878e+06
236 1.58882e+06
237 1.58892e+06
238 1.58896e+06
239 1.58902e+06
240 1.58912e+06
241 1.5892e+06
242 1.5894e+06
243 1.58948e+06
244 1.5895e+06
245 1.58954e+06
246 1.58959e+06
247 1.58968e+06
248 1.58976e+06
249 1.58988e+06
250 1.58999e+06
251 1.59004e+06
252 1.5901e+06
253 1.59017e+06
254 1.59023e+06
255 1.59034e+06
256 1.59041e+06
257 1.59053e+06
258 1.59069e+06
259 1.59086e+06
260 1.59092e+06
261 1.59092e+06
262 1.59099e+06
263 1.59105e+06
264 1.59108e+06
265 1.59126e+06
266 1.59129e+06
267 1.59133e+06
268 1.59136e+06
269 1.59141e+06
270 1.59142e+06
271 1.59145e+06
272 1.59153e+06
273 1.59156e+06
274 1.59167e+06
275 1.59175e+06
276 1.59188e+06
277 1.59196e+06
278 1.59207e+06
279 1.59213e+06
280 1.59221e+06
281 1.5923e+06
282 1.59238e+06
283 1.59245e+06
284 1.59254e+06
285 1.59263e+06
286 1.59269e+06
287 1.59279e+06
288 1.59286e+06
289 1.59287e+06
290 1.59288e+06
291 1.59294e+06
292 1.59298e+06
293 1.59314e+06
294 1.59318e+06
295 1.59327e+06
296 1.59336e+06
297 1.59348e+06
298 1.59354e+06
299 1.59367e+06
300 1.59377e+06
301 1.5938e+06
302 1.5939e+06
303 1.59397e+06
304 1.59402e+06
305 1.59402e+06
306 1.59412e+06
307 1.59417e+06
308 1.59419e+06
309 1.59432e+06
310 1.59434e+06
311 1.59448e+06
312 1.59459e+06
313 1.59464e+06
314 1.59467e+06
315 1.59469e+06
316 1.59474e+06
317 1.59477e+06
318 1.59483e+06
319 1.59491e+06
320 1.595e+06
321 1.59501e+06
322 1.59508e+06
323 1.59517e+06
324 1.59532e+06
325 1.59535e+06
326 1.59541e+06
327 1.59551e+06
328 1.59556e+06
329 1.59562e+06
330 1.59569e+06
331 1.59573e+06
332 1.59583e+06
333 1.59591e+06
334 1.59603e+06
335 1.59614e+06
336 1.59614e+06
337 1.59619e+06
338 1.59635e+06
339 1.59639e+06
340 1.59652e+06
341 1.59662e+06
342 1.59674e+06
343 1.59683e+06
344 1.59694e+06
345 1.59703e+06
346 1.59703e+06
347 1.59705e+06
348 1.59707e+06
349 1.5971e+06
350 1.5971e+06
351 1.59716e+06
352 1.59721e+06
353 1.59732e+06
354 1.59737e+06
355 1.59741e+06
356 1.59748e+06
357 1.59752e+06
358 1.59765e+06
359 1.59766e+06
360 1.59768e+06
361 1.59777e+06
362 1.59786e+06
363 1.59797e+06
364 1.59802e+06
365 1.59814e+06
366 1.59815e+06
367 1.59828e+06
368 1.59834e+06
369 1.59837e+06
370 1.59842e+06
371 1.59846e+06
372 1.59847e+06
373 1.5985e+06
374 1.59854e+06
375 1.59855e+06
376 1.59863e+06
377 1.59865e+06
378 1.59866e+06
379 1.59877e+06
380 1.5988e+06
381 1.59888e+06
382 1.59892e+06
383 1.59908e+06
384 1.59912e+06
385 1.59916e+06
386 1.59919e+06
387 1.5993e+06
388 1.59933e+06
389 1.5994e+06
390 1.59944e+06
391 1.59952e+06
392 1.59957e+06
393 1.59962e+06
394 1.59962e+06
395 1.59965e+06
396 1.59975e+06
397 1.59979e+06
398 1.59984e+06
399 1.59984e+06
400 1.59985e+06
401 1.59993e+06
402 1.59997e+06
403 1.60013e+06
404 1.60016e+06
405 1.6002e+06
406 1.60022e+06
407 1.60023e+06
408 1.60031e+06
409 1.60033e+06
410 1.60045e+06
411 1.60053e+06
412 1.60053e+06
413 1.60058e+06
414 1.60065e+06
415 1.60071e+06
416 1.60075e+06
417 1.6008e+06
418 1.60085e+06
419 1.60087e+06
420 1.60092e+06
421 1.60099e+06
422 1.60102e+06
423 1.60105e+06
424 1.60114e+06
425 1.60118e+06
426 1.60123e+06
427 1.60125e+06
428 1.60127e+06
429 1.60135e+06
430 1.60141e+06
431 1.60148e+06
432 1.6015e+06
433 1.60158e+06
434 1.60162e+06
435 1.60165e+06
436 1.60176e+06
437 1.60179e+06
438 1.6018e+06
439 1.60184e+06
440 1.60187e+06
441 1.60195e+06
442 1.602e+06
443 1.60208e+06
444 1.60213e+06
445 1.60223e+06
446 1.60231e+06
447 1.60232e+06
448 1.60238e+06
449 1.6024e+06
450 1.60243e+06
451 1.60248e+06
452 1.60258e+06
453 1.60262e+06
454 1.60268e+06
455 1.6027e+06
456 1.60272e+06
457 1.60275e+06
458 1.60286e+06
459 1.60298e+06
460 1.60299e+06
461 1.60308e+06
462 1.60317e+06
463 1.6033e+06
464 1.6034e+06
465 1.6034e+06
466 1.60348e+06
467 1.60356e+06
468 1.60359e+06
469 1.60372e+06
470 1.60374e+06
471 1.60385e+06
472 1.60389e+06
473 1.60403e+06
474 1.60414e+06
475 1.60423e+06
476 1.60427e+06
477 1.60439e+06
478 1.60446e+06
479 1.60455e+06
480 1.60462e+06
481 1.60464e+06
482 1.6047e+06
483 1.60473e+06
484 1.60482e+06
485 1.60494e+06
486 1.60497e+06
487 1.60504e+06
488 1.60506e+06
489 1.60511e+06
490 1.60516e+06
491 1.6052e+06
492 1.60522e+06
493 1.60526e+06
494 1.60537e+06
495 1.60545e+06
496 1.60551e+06
497 1.60553e+06
498 1.60567e+06
499 1.60567e+06
500 1.60576e+06
501 1.6058e+06
502 1.6059e+06
503 1.60595e+06
504 1.60603e+06
505 1.60611e+06
506 1.60618e+06
507 1.60619e+06
508 1.60625e+06
509 1.60627e+06
510 1.60629e+06
511 1.60632e+06
512 1.60642e+06
513 1.6065e+06
514 1.6066e+06
515 1.60668e+06
516 1.60672e+06
517 1.60674e+06
518 1.60682e+06
519 1.60686e+06
520 1.60692e+06
521 1.60701e+06
522 1.60705e+06
523 1.60708e+06
524 1.60718e+06
525 1.60729e+06
526 1.60744e+06
527 1.60752e+06
528 1.60756e+06
529 1.6076e+06
530 1.60762e+06
531 1.60763e+06
532 1.6077e+06
533 1.6079e+06
534 1.60791e+06
535 1.60792e+06
536 1.60795e+06
537 1.60798e+06
538 1.60808e+06
539 1.60817e+06
540 1.60824e+06
541 1.6083e+06
542 1.60836e+06
543 1.60836e+06
544 1.60843e+06
545 1.60844e+06
546 1.60848e+06
547 1.60853e+06
548 1.60857e+06
549 1.60867e+06
550 1.60886e+06
551 1.60889e+06
552 1.60891e+06
553 1.60902e+06
554 1.60913e+06
555 1.60915e+06
556 1.60917e+06
557 1.6092e+06
558 1.60925e+06
559 1.60931e+06
560 1.60936e+06
561 1.60938e+06
562 1.60943e+06
563 1.60953e+06
564 1.60958e+06
565 1.60968e+06
566 1.60974e+06
567 1.60976e+06
568 1.60977e+06
569 1.60989e+06
570 1.60998e+06
571 1.61e+06
572 1.61008e+06
573 1.6101e+06
574 1.61019e+06
575 1.61027e+06
576 1.61029e+06
577 1.61032e+06
578 1.61041e+06
579 1.61048e+06
580 1.61055e+06
581 1.61063e+06
582 1.61067e+06
583 1.61069e+06
584 1.61075e+06
585 1.6108e+06
586 1.6108e+06
587 1.61088e+06
588 1.61102e+06
589 1.6112e+06
590 1.61127e+06
591 1.61133e+06
592 1.61136e+06
593 1.6114e+06
594 1.61144e+06
595 1.61148e+06
596 1.61153e+06
597 1.61161e+06
598 1.61166e+06
599 1.61172e+06
600 1.61177e+06
601 1.61186e+06
602 1.6119e+06
603 1.61199e+06
604 1.61203e+06
605 1.61206e+06
606 1.61211e+06
607 1.61213e+06
608 1.61221e+06
609 1.61223e+06
610 1.61224e+06
611 1.61228e+06
612 1.6124e+06
613 1.61244e+06
614 1.6126e+06
615 1.61264e+06
616 1.61274e+06
617 1.61279e+06
618 1.61286e+06
619 1.61286e+06
620 1.61292e+06
621 1.61294e+06
622 1.61298e+06
623 1.61307e+06
624 1.61317e+06
625 1.61326e+06
626 1.61336e+06
627 1.61344e+06
628 1.61347e+06
629 1.6135e+06
630 1.61358e+06
631 1.61365e+06
632 1.6137e+06
633 1.6138e+06
634 1.61383e+06
635 1.61383e+06
636 1.61385e+06
637 1.6139e+06
638 1.61398e+06
639 1.614e+06
640 1.61401e+06
641 1.61402e+06
642 1.61405e+06
643 1.61408e+06
644 1.61416e+06
645 1.61424e+06
646 1.61431e+06
647 1.61434e+06
648 1.61435e+06
649 1.61438e+06
650 1.61442e+06
651 1.61446e+06
652 1.61446e+06
653 1.61455e+06
654 1.61469e+06
655 1.61472e+06
656 1.61483e+06
657 1.61487e+06
658 1.61489e+06
659 1.61489e+06
660 1.61496e+06
661 1.615e+06
662 1.61508e+06
663 1.61515e+06
664 1.61525e+06
665 1.61526e+06
666 1.61535e+06
667 1.61538e+06
668 1.61541e+06
669 1.61556e+06
670 1.6156e+06
671 1.61561e+06
672 1.61562e+06
673 1.61564e+06
674 1.61569e+06
675 1.61572e+06
676 1.61581e+06
677 1.61582e+06
678 1.61583e+06
679 1.61593e+06
680 1.61598e+06
681 1.61601e+06
682 1.61614e+06
683 1.61614e+06
684 1.61624e+06
685 1.61626e+06
686 1.61633e+06
687 1.61636e+06
688 1.61641e+06
689 1.61641e+06
690 1.61646e+06
691 1.61654e+06
692 1.61663e+06
693 1.61663e+06
694 1.61669e+06
695 1.6168e+06
696 1.61683e+06
697 1.61691e+06
698 1.61696e+06
699 1.61697e+06
700 1.617e+06
701 1.61701e+06
702 1.61709e+06
703 1.6171e+06
704 1.61719e+06
705 1.61724e+06
706 1.61735e+06
707 1.6174e+06
708 1.6176e+06
709 1.61761e+06
710 1.61767e+06
711 1.61773e+06
712 1.6178e+06
713 1.61784e+06
714 1.6179e+06
715 1.61798e+06
716 1.61802e+06
717 1.61808e+06
718 1.61813e+06
719 1.61813e+06
720 1.61816e+06
721 1.61824e+06
722 1.61828e+06
723 1.61828e+06
724 1.61835e+06
725 1.61839e+06
726 1.61842e+06
727 1.61845e+06
728 1.61849e+06
729 1.61857e+06
730 1.61869e+06
731 1.6187e+06
732 1.61874e+06
733 1.61877e+06
734 1.61884e+06
735 1.61884e+06
736 1.6189e+06
737 1.61894e+06
738 1.61905e+06
739 1.61914e+06
740 1.61918e+06
741 1.61923e+06
742 1.61925e+06
743 1.61928e+06
744 1.61935e+06
745 1.61944e+06
746 1.61946e+06
747 1.61949e+06
748 1.61951e+06
749 1.61952e+06
750 1.61958e+06
751 1.6196e+06
752 1.61962e+06
753 1.61969e+06
754 1.61972e+06
755 1.61976e+06
756 1.61985e+06
757 1.61988e+06
758 1.61995e+06
759 1.62005e+06
760 1.62016e+06
761 1.62023e+06
762 1.62027e+06
763 1.62029e+06
764 1.62034e+06
765 1.62034e+06
766 1.62034e+06
767 1.62038e+06
768 1.62043e+06
769 1.62048e+06
770 1.62051e+06
771 1.62058e+06
772 1.62066e+06
773 1.62068e+06
774 1.6207e+06
775 1.62076e+06
776 1.62083e+06
777 1.62088e+06
778 1.62093e+06
779 1.62095e+06
780 1.62098e+06
781 1.621e+06
782 1.62102e+06
783 1.62108e+06
784 1.62108e+06
785 1.62111e+06
786 1.62114e+06
787 1.62125e+06
788 1.62135e+06
789 1.62135e+06
790 1.62146e+06
791 1.6215e+06
792 1.62154e+06
793 1.62162e+06
794 1.62171e+06
795 1.62176e+06
796 1.62183e+06
797 1.62196e+06
798 1.62201e+06
799 1.62207e+06
800 1.6221e+06
801 1.62219e+06
802 1.62219e+06
803 1.62221e+06
804 1.62227e+06
805 1.62233e+06
806 1.62245e+06
807 1.62248e+06
808 1.6225e+06
809 1.62255e+06
810 1.62257e+06
811 1.62259e+06
812 1.62266e+06
813 1.62278e+06
814 1.62281e+06
815 1.62286e+06
816 1.62289e+06
817 1.62294e+06
818 1.62304e+06
819 1.62306e+06
820 1.62309e+06
821 1.62316e+06
822 1.62317e+06
823 1.62317e+06
824 1.6233e+06
825 1.62334e+06
826 1.62341e+06
827 1.62344e+06
828 1.62355e+06
829 1.62359e+06
830 1.62362e+06
831 1.62364e+06
832 1.62368e+06
833 1.62369e+06
834 1.6237e+06
835 1.62378e+06
836 1.6238e+06
837 1.62382e+06
838 1.62386e+06
839 1.62386e+06
840 1.6239e+06
841 1.62393e+06
842 1.62404e+06
843 1.62408e+06
844 1.62421e+06
845 1.62422e+06
846 1.62428e+06
847 1.6243e+06
848 1.6243e+06
849 1.62443e+06
850 1.62458e+06
851 1.62465e+06
852 1.62475e+06
853 1.62481e+06
854 1.62497e+06
855 1.62503e+06
856 1.62507e+06
857 1.62513e+06
858 1.6252e+06
859 1.62531e+06
860 1.62539e+06
861 1.62539e+06
862 1.62543e+06
863 1.62545e+06
864 1.62551e+06
865 1.62556e+06
866 1.62558e+06
867 1.6256e+06
868 1.62565e+06
869 1.62572e+06
870 1.6258e+06
871 1.62587e+06
872 1.62591e+06
873 1.62596e+06
874 1.62602e+06
875 1.6261e+06
876 1.62622e+06
877 1.6263e+06
878 1.62639e+06
879 1.6264e+06
880 1.6264e+06
881 1.62645e+06
882 1.62649e+06
883 1.62655e+06
884 1.62663e+06
885 1.6267e+06
886 1.62679e+06
887 1.62683e+06
888 1.62685e+06
889 1.62685e+06
890 1.6269e+06
891 1.62691e+06
892 1.62692e+06
893 1.62693e+06
894 1.627e+06
895 1.62703e+06
896 1.6271e+06
897 1.62717e+06
898 1.62728e+06
899 1.62736e+06
900 1.62736e+06
901 1.62745e+06
902 1.62753e+06
903 1.62756e+06
904 1.62757e+06
905 1.62762e+06
906 1.62766e+06
907 1.62777e+06
908 1.62782e+06
909 1.62791e+06
910 1.628e+06
911 1.62801e+06
912 1.62803e+06
913 1.6281e+06
914 1.62815e+06
915 1.62824e+06
916 1.62834e+06
917 1.62834e+06
918 1.62838e+06
919 1.6285e+06
920 1.62852e+06
921 1.6286e+06
922 1.62866e+06
923 1.62871e+06
924 1.62875e+06
925 1.62893e+06
926 1.62894e+06
927 1.62901e+06
928 1.62901e+06
929 1.62909e+06
930 1.62911e+06
931 1.62915e+06
932 1.62915e+06
933 1.62916e+06
934 1.62919e+06
935 1.62927e+06
936 1.62938e+06
937 1.62945e+06
938 1.62948e+06
939 1.62948e+06
940 1.62959e+06
941 1.62961e+06
942 1.62965e+06
943 1.62969e+06
944 1.62975e+06
945 1.62981e+06
946 1.62984e+06
947 1.62987e+06
948 1.62988e+06
949 1.62998e+06
950 1.63006e+06
951 1.63014e+06
952 1.63022e+06
953 1.63022e+06
954 1.63033e+06
955 1.63035e+06
956 1.63046e+06
957 1.63046e+06
958 1.63048e+06
959 1.63053e+06
960 1.63065e+06
961 1.63069e+06
962 1.63075e+06
963 1.63083e+06
964 1.63084e+06
965 1.63089e+06
966 1.6309e+06
967 1.63092e+06
968 1.63092e+06
969 1.63106e+06
970 1.63106e+06
971 1.63114e+06
972 1.63114e+06
973 1.63117e+06
974 1.63127e+06
975 1.63131e+06
976 1.63138e+06
977 1.63148e+06
978 1.6315e+06
979 1.63156e+06
980 1.6316e+06
981 1.63163e+06
982 1.63168e+06
983 1.63168e+06
984 1.63179e+06
985 1.63181e+06
986 1.63197e+06
987 1.63208e+06
988 1.63217e+06
989 1.63224e+06
990 1.6323e+06
991 1.63238e+06
992 1.63244e+06
993 1.63244e+06
994 1.63245e+06
995 1.63246e+06
996 1.6325e+06
997 1.63252e+06
998 1.63262e+06
999 1.63268e+06
1000 1.63268e+06
