128 0.3 0.359
0 156776
1 1.56784e+06
2 1.56792e+06
3 1.56796e+06
4 1.56799e+06
5 1.56813e+06
6 1.56819e+06
7 1.56832e+06
8 1.5684e+06
9 1.56851e+06
10 1.56854e+06
11 1.56855e+06
12 1.56867e+06
13 1.56877e+06
14 1.56886e+06
15 1.56898e+06
16 1.56907e+06
17 1.56919e+06
18 1.56926e+06
19 1.56931e+06
20 1.56946e+06
21 1.56964e+06
22 1.56977e+06
23 1.5699e+06
24 1.56999e+06
25 1.57006e+06
26 1.57012e+06
27 1.57018e+06
28 1.5703e+06
29 1.57037e+06
30 1.57051e+06
31 1.57079e+06
32 1.57088e+06
33 1.57099e+06
34 1.57107e+06
35 1.5711e+06
36 1.57115e+06
37 1.57126e+06
38 1.57126e+06
39 1.57129e+06
40 1.57135e+06
41 1.5714e+06
42 1.57149e+06
43 1.5716e+06
44 1.57166e+06
45 1.5718e+06
46 1.57189e+06
47 1.57191e+06
48 1.57198e+06
49 1.5721e+06
50 1.57223e+06
51 1.57228e+06
52 1.57237e+06
53 1.57244e+06
54 1.57257e+06
55 1.57265e+06
56 1.57269e+06
57 1.57274e+06
58 1.5728e+06
59 1.57297e+06
60 1.57302e+06
61 1.57311e+06
62 1.57324e+06
63 1.57329e+06
64 1.5734e+06
65 1.57345e+06
66 1.57354e+06
67 1.57359e+06
68 1.57363e+06
69 1.57379e+06
70 1.5739e+06
71 1.57404e+06
72 1.57414e+06
73 1.57423e+06
74 1.57436e+06
75 1.57446e+06
76 1.57458e+06
77 1.57462e+06
78 1.5747e+06
79 1.57474e+06
80 1.57491e+06
81 1.57495e+06
82 1.57512e+06
83 1.57521e+06
84 1.57538e+06
85 1.57556e+06
86 1.57566e+06
87 1.57574e+06
88 1.57583e+06
89 1.5759e+06
90 1.57606e+06
91 1.57609e+06
92 1.57614e+06
93 1.57623e+06
94 1.57632e+06
95 1.5764e+06
96 1.57648e+06
97 1.5766e+06
98 1.57667e+06
99 1.57668e+06
100 1.5768e+06
101 1.57697e+06
102 1.57706e+06
103 1.57714e+06
104 1.57721e+06
105 1.57723e+06
106 1.57733e+06
107 1.5775e+06
108 1.57754e+06
109 1.5776e+06
110 1.5777e+06
111 1.57779e+06
112 1.57785e+06
113 1.57788e+06
114 1.57798e+06
115 1.57817e+06
116 1.57829e+06
117 1.5783e+06
118 1.57844e+06
119 1.57855e+06
120 1.57861e+06
121 1.57864e+06
122 1.57876e+06
123 1.57882e+06
124 1.57889e+06
125 1.57901e+06
126 1.57909e+06
127 1.57916e+06
128 1.57927e+06
129 1.57934e+06
130 1.57944e+06
131 1.57948e+06
132 1.57962e+06
133 1.57976e+06
134 1.57985e+06
135 1.5799e+06
136 1.57995e+06
137 1.5801e+06
138 1.58014e+06
139 1.58024e+06
140 1.5803e+06
141 1.5804e+06
142 1.58046e+06
143 1.58058e+06
144 1.58075e+06
145 1.58087e+06
146 1.58089e+06
147 1.58091e+06
148 1.58102e+06
149 1.58107e+06
150 1.58118e+06
151 1.5813e+06
152 1.58139e+06
153 1.58142e+06
154 1.58146e+06
155 1.58156e+06
156 1.5816e+06
157 1.58164e+06
158 1.58178e+06
159 1.58185e+06
160 1.58194e+06
161 1.58205e+06
162 1.58216e+06
163 1.58228e+06
164 1.58232e+06
165 1.58241e+06
166 1.58251e+06
167 1.58264e+06
168 1.58274e+06
169 1.58279e+06
170 1.58287e+06
171 1.58288e+06
172 1.58297e+06
173 1.58305e+06
174 1.58309e+06
175 1.58314e+06
176 1.58318e+06
177 1.58327e+06
178 1.58331e+06
179 1.58348e+06
180 1.58352e+06
181 1.58363e+06
182 1.58378e+06
183 1.58388e+06
184 1.58394e+06
185 1.58401e+06
186 1.58407e+06
187 1.58414e+06
188 1.58427e+06
189 1.58444e+06
190 1.58453e+06
191 1.58474e+06
192 1.58477e+06
193 1.58486e+06
194 1.58493e+06
195 1.58499e+06
196 1.58507e+06
197 1.58517e+06
198 1.58519e+06
199 1.58534e+06
200 1.58539e+06
201 1.58541e+06
202 1.58543e+06
203 1.58554e+06
204 1.58564e+06
205 1.58571e+06
206 1.58577e+06
207 1.58586e+06
208 1.58595e+06
209 1.58604e+06
210 1.58612e+06
211 1.58617e+06
212 1.5862e+06
213 1.58629e+06
214 1.58644e+06
215 1.58655e+06
216 1.58662e+06
217 1.58676e+06
218 1.58695e+06
219 1.58702e+06
220 1.58706e+06
221 1.58711e+06
222 1.58717e+06
223 1.58728e+06
224 1.58742e+06
225 1.58745e+06
226 1.58754e+06
227 1.58762e+06
228 1.58777e+06
229 1.58783e+06
230 1.5879e+06
231 1.58799e+06
232 1.58804e+06
233 1.58807e+06
234 1.58834e+06
235 1.58836e+06
236 1.58841e+06
237 1.58848e+06
238 1.5886e+06
239 1.58865e+06
240 1.58877e+06
241 1.58886e+06
242 1.58889e+06
243 1.589e+06
244 1.58909e+06
245 1.58925e+06
246 1.58932e+06
247 1.58933e+06
248 1.58944e+06
249 1.58951e+06
250 1.58962e+06
251 1.58965e+06
252 1.58978e+06
253 1.58984e+06
254 1.58997e+06
255 1.59001e+06
256 1.59009e+06
257 1.59012e+06
258 1.59015e+06
259 1.59026e+06
260 1.59039e+06
261 1.59044e+06
262 1.59055e+06
263 1.59056e+06
264 1.59062e+06
265 1.59066e+06
266 1.59072e+06
267 1.59074e+06
268 1.59074e+06
269 1.5909e+06
270 1.59096e+06
271 1.59104e+06
272 1.59106e+06
273 1.59106e+06
274 1.59118e+06
275 1.5912e+06
276 1.59129e+06
277 1.59131e+06
278 1.59138e+06
279 1.59145e+06
280 1.59155e+06
281 1.59167e+06
282 1.59168e+06
283 1.59171e+06
284 1.59175e+06
285 1.59177e+06
286 1.59178e+06
287 1.59179e+06
288 1.59189e+06
289 1.59194e+06
290 1.592e+06
291 1.59205e+06
292 1.59214e+06
293 1.59221e+06
294 1.59227e+06
295 1.5923e+06
296 1.5923e+06
297 1.59246e+06
298 1.59254e+06
299 1.59257e+06
300 1.5926e+06
301 1.59263e+06
302 1.5927e+06
303 1.59279e+06
304 1.59289e+06
305 1.59301e+06
306 1.59306e+06
307 1.59315e+06
308 1.59322e+06
309 1.59328e+06
310 1.59333e+06
311 1.59337e+06
312 1.59351e+06
313 1.59356e+06
314 1.59357e+06
315 1.59366e+06
316 1.59379e+06
317 1.59386e+06
318 1.59387e+06
319 1.5939e+06
320 1.59403e+06
321 1.59405e+06
322 1.59421e+06
323 1.59425e+06
324 1.59434e+06
325 1.59444e+06
326 1.5945e+06
327 1.59452e+06
328 1.59458e+06
329 1.59473e+06
330 1.59479e+06
331 1.59484e+06
332 1.59493e+06
333 1.59494e+06
334 1.59496e+06
335 1.59498e+06
336 1.59509e+06
337 1.59514e+06
338 1.59521e+06
339 1.59534e+06
340 1.59545e+06
341 1.59551e+06
342 1.59563e+06
343 1.59573e+06
344 1.59581e+06
345 1.59591e+06
346 1.59596e+06
347 1.59602e+06
348 1.59604e+06
349 1.59604e+06
350 1.59612e+06
351 1.59626e+06
352 1.59635e+06
353 1.59637e+06
354 1.59644e+06
355 1.59656e+06
356 1.59664e+06
357 1.59671e+06
358 1.59679e+06
359 1.59684e+06
360 1.59688e+06
361 1.59696e+06
362 1.597e+06
363 1.59702e+06
364 1.59705e+06
365 1.59714e+06
366 1.59719e+06
367 1.59726e+06
368 1.59731e+06
369 1.59736e+06
370 1.59738e+06
371 1.59745e+06
372 1.5975e+06
373 1.59758e+06
374 1.59765e+06
375 1.59771e+06
376 1.59773e+06
377 1.59776e+06
378 1.59778e+06
379 1.59788e+06
380 1.59797e+06
381 1.59798e+06
382 1.59798e+06
383 1.59799e+06
384 1.59804e+06
385 1.59814e+06
386 1.5982e+06
387 1.59828e+06
388 1.59842e+06
389 1.59847e+06
390 1.59847e+06
391 1.59847e+06
392 1.59854e+06
393 1.59863e+06
394 1.59865e+06
395 1.59868e+06
396 1.59878e+06
397 1.59882e+06
398 1.59886e+06
399 1.59901e+06
400 1.5991e+06
401 1.59922e+06
402 1.5993e+06
403 1.59938e+06
404 1.59954e+06
405 1.59963e+06
406 1.59965e+06
407 1.59968e+06
408 1.59973e+06
409 1.59976e+06
410 1.59982e+06
411 1.59983e+06
412 1.59987e+06
413 1.59991e+06
414 1.59994e+06
415 1.59995e+06
416 1.59995e+06
417 1.59997e+06
418 1.60005e+06
419 1.60016e+06
420 1.60024e+06
421 1.60033e+06
422 1.60048e+06
423 1.6005e+06
424 1.60052e+06
425 1.60056e+06
426 1.6006e+06
427 1.60069e+06
428 1.6008e+06
429 1.60089e+06
430 1.60096e+06
431 1.60096e+06
432 1.60107e+06
433 1.60107e+06
434 1.60118e+06
435 1.60128e+06
436 1.60135e+06
437 1.6014e+06
438 1.60145e+06
439 1.60147e+06
440 1.6015e+06
441 1.60154e+06
442 1.60162e+06
443 1.6017e+06
444 1.60182e+06
445 1.60191e+06
446 1.60198e+06
447 1.60207e+06
448 1.60216e+06
449 1.60226e+06
450 1.60234e+06
451 1.60237e+06
452 1.60239e+06
453 1.60244e+06
454 1.60254e+06
455 1.60262e+06
456 1.60272e+06
457 1.60279e+06
458 1.60284e+06
459 1.60291e+06
460 1.60294e+06
461 1.60311e+06
462 1.60315e+06
463 1.60318e+06
464 1.60323e+06
465 1.60328e+06
466 1.60335e+06
467 1.60344e+06
468 1.60357e+06
469 1.60357e+06
470 1.60363e+06
471 1.60371e+06
472 1.60376e+06
473 1.60385e+06
474 1.60387e+06
475 1.60392e+06
476 1.60392e+06
477 1.60402e+06
478 1.60412e+06
479 1.60419e+06
480 1.60421e+06
481 1.60427e+06
482 1.60435e+06
483 1.60441e+06
484 1.60452e+06
485 1.60467e+06
486 1.60468e+06
487 1.60472e+06
488 1.60476e+06
489 1.60485e+06
490 1.60492e+06
491 1.605e+06
492 1.60507e+06
493 1.60508e+06
494 1.6052e+06
495 1.60524e+06
496 1.60528e+06
497 1.60533e+06
498 1.60535e+06
499 1.60544e+06
500 1.60546e+06
501 1.60557e+06
502 1.60561e+06
503 1.60572e+06
504 1.60579e+06
505 1.60588e+06
506 1.60588e+06
507 1.6059e+06
508 1.60591e+06
509 1.60597e+06
510 1.60604e+06
511 1.60609e+06
512 1.60618e+06
513 1.60622e+06
514 1.60627e+06
515 1.6063e+06
516 1.60636e+06
517 1.60644e+06
518 1.60645e+06
519 1.60647e+06
520 1.60649e+06
521 1.60655e+06
522 1.60657e+06
523 1.60662e+06
524 1.60663e+06
525 1.60665e+06
526 1.60671e+06
527 1.60671e+06
528 1.60676e+06
529 1.60681e+06
530 1.60691e+06
531 1.60696e+06
532 1.60705e+06
533 1.60708e+06
534 1.60713e+06
535 1.60722e+06
536 1.60731e+06
537 1.60738e+06
538 1.60739e+06
539 1.60742e+06
540 1.60754e+06
541 1.60763e+06
542 1.60764e+06
543 1.60774e+06
544 1.60776e+06
545 1.60787e+06
546 1.6079e+06
547 1.60795e+06
548 1.60803e+06
549 1.60805e+06
550 1.6081e+06
551 1.60815e+06
552 1.60821e+06
553 1.60822e+06
554 1.60827e+06
555 1.60839e+06
556 1.60853e+06
557 1.60861e+06
558 1.60866e+06
559 1.60873e+06
560 1.60877e+06
561 1.60882e+06
562 1.60884e+06
563 1.60894e+06
564 1.60894e+06
565 1.60895e+06
566 1.60898e+06
567 1.60898e+06
568 1.60905e+06
569 1.60912e+06
570 1.60915e+06
571 1.60918e+06
572 1.6093e+06
573 1.60931e+06
574 1.60934e+06
575 1.60935e+06
576 1.60936e+06
577 1.6094e+06
578 1.60949e+06
579 1.60952e+06
580 1.60955e+06
581 1.60956e+06
582 1.6096e+06
583 1.60961e+06
584 1.6097e+06
585 1.60974e+06
586 1.60976e+06
587 1.60981e+06
588 1.60987e+06
589 1.60987e+06
590 1.60994e+06
591 1.60994e+06
592 1.61004e+06
593 1.61009e+06
594 1.61014e+06
595 1.61019e+06
596 1.61023e+06
597 1.61038e+06
598 1.61041e+06
599 1.61055e+06
600 1.61061e+06
601 1.61062e+06
602 1.61066e+06
603 1.61066e+06
604 1.61067e+06
605 1.61078e+06
606 1.61084e+06
607 1.61089e+06
608 1.611e+06
609 1.61111e+06
610 1.61114e+06
611 1.61116e+06
612 1.61122e+06
613 1.61126e+06
614 1.6113e+06
615 1.61141e+06
616 1.61152e+06
617 1.61156e+06
618 1.61163e+06
619 1.61168e+06
620 1.61176e+06
621 1.61179e+06
622 1.61187e+06
623 1.61205e+06
624 1.61207e+06
625 1.61214e+06
626 1.61219e+06
627 1.61226e+06
628 1.61226e+06
629 1.61228e+06
630 1.61238e+06
631 1.61245e+06
632 1.61245e+06
633 1.61249e+06
634 1.61255e+06
635 1.61262e+06
636 1.61269e+06
637 1.61284e+06
638 1.61287e+06
639 1.61291e+06
640 1.61297e+06
641 1.61308e+06
642 1.6131e+06
643 1.6132e+06
644 1.61323e+06
645 1.61327e+06
646 1.61334e+06
647 1.61334e+06
648 1.61334e+06
649 1.61342e+06
650 1.61352e+06
651 1.61361e+06
652 1.61363e+06
653 1.61367e+06
654 1.61367e+06
655 1.61374e+06
656 1.61378e+06
657 1.61384e+06
658 1.61389e+06
659 1.61392e+06
660 1.61397e+06
661 1.614e+06
662 1.61403e+06
663 1.61416e+06
664 1.61423e+06
665 1.61426e+06
666 1.61427e+06
667 1.61433e+06
668 1.61433e+06
669 1.61433e+06
670 1.61443e+06
671 1.61444e+06
672 1.61452e+06
673 1.61453e+06
674 1.61458e+06
675 1.6146e+06
676 1.61466e+06
677 1.61471e+06
678 1.61472e+06
679 1.61478e+06
680 1.61482e+06
681 1.61492e+06
682 1.61501e+06
683 1.61504e+06
684 1.61517e+06
685 1.61528e+06
686 1.61529e+06
687 1.6153e+06
688 1.61533e+06
689 1.61535e+06
690 1.61549e+06
691 1.61554e+06
692 1.61562e+06
693 1.61564e+06
694 1.61569e+06
695 1.61571e+06
696 1.61574e+06
697 1.61576e+06
698 1.6158e+06
699 1.61581e+06
700 1.61584e+06
701 1.61593e+06
702 1.616e+06
703 1.61605e+06
704 1.61611e+06
705 1.61616e+06
706 1.61626e+06
707 1.61644e+06
708 1.61653e+06
709 1.61655e+06
710 1.61658e+06
711 1.61666e+06
712 1.61668e+06
713 1.6167e+06
714 1.61679e+06
715 1.61684e+06
716 1.61686e+06
717 1.61693e+06
718 1.61701e+06
719 1.61709e+06
720 1.61712e+06
721 1.61737e+06
722 1.61745e+06
723 1.61749e+06
724 1.61756e+06
725 1.61761e+06
726 1.61768e+06
727 1.61773e+06
728 1.61777e+06
729 1.61784e+06
730 1.61788e+06
731 1.61798e+06
732 1.61804e+06
733 1.61805e+06
734 1.61819e+06
735 1.6182e+06
736 1.61826e+06
737 1.61842e+06
738 1.61844e+06
739 1.61846e+06
740 1.61853e+06
741 1.61856e+06
742 1.61857e+06
743 1.61861e+06
744 1.61868e+06
745 1.6187e+06
746 1.61877e+06
747 1.6188e+06
748 1.61886e+06
749 1.61902e+06
750 1.61909e+06
751 1.61917e+06
752 1.6192e+06
753 1.61924e+06
754 1.61934e+06
755 1.61934e+06
756 1.61934e+06
757 1.61939e+06
758 1.6194e+06
759 1.61946e+06
760 1.61946e+06
761 1.61951e+06
762 1.61956e+06
763 1.61959e+06
764 1.6196e+06
765 1.61962e+06
766 1.61965e+06
767 1.61966e+06
768 1.61975e+06
769 1.61978e+06
770 1.61979e+06
771 1.61979e+06
772 1.6198e+06
773 1.6199e+06
774 1.61999e+06
775 1.62005e+06
776 1.6201e+06
777 1.62016e+06
778 1.62019e+06
779 1.62024e+06
780 1.62029e+06
781 1.6204e+06
782 1.62042e+06
783 1.62044e+06
784 1.62051e+06
785 1.62052e+06
786 1.62061e+06
787 1.62063e+06
788 1.62066e+06
789 1.62072e+06
790 1.62078e+06
791 1.62078e+06
792 1.6208e+06
793 1.62081e+06
794 1.62084e+06
795 1.62095e+06
796 1.62096e+06
797 1.62101e+06
798 1.62106e+06
799 1.62116e+06
800 1.62127e+06
801 1.62131e+06
802 1.62132e+06
803 1.62134e+06
804 1.62137e+06
805 1.62142e+06
806 1.62147e+06
807 1.62149e+06
808 1.62153e+06
809 1.62158e+06
810 1.62161e+06
811 1.62178e+06
812 1.62187e+06
813 1.62189e+06
814 1.62201e+06
815 1.62208e+06
816 1.62215e+06
817 1.62222e+06
818 1.62231e+06
819 1.62235e+06
820 1.62248e+06
821 1.62259e+06
822 1.62271e+06
823 1.62275e+06
824 1.62278e+06
825 1.62281e+06
826 1.62284e+06
827 1.62289e+06
828 1.62293e+06
829 1.62314e+06
830 1.62319e+06
831 1.62326e+06
832 1.62327e+06
833 1.62333e+06
834 1.62336e+06
835 1.62351e+06
836 1.62359e+06
837 1.62365e+06
838 1.62367e+06
839 1.62372e+06
840 1.62374e+06
841 1.62374e+06
842 1.6238e+06
843 1.62383e+06
844 1.62385e+06
845 1.62388e+06
846 1.62395e+06
847 1.62403e+06
848 1.62408e+06
849 1.62423e+06
850 1.62425e+06
851 1.62428e+06
852 1.62435e+06
853 1.62441e+06
854 1.62445e+06
855 1.62449e+06
856 1.62452e+06
857 1.62466e+06
858 1.62474e+06
859 1.6248e+06
860 1.62486e+06
861 1.62487e+06
862 1.62492e+06
863 1.62496e+06
864 1.62502e+06
865 1.62506e+06
866 1.62511e+06
867 1.62514e+06
868 1.62514e+06
869 1.62516e+06
870 1.62522e+06
871 1.62522e+06
872 1.62526e+06
873 1.62526e+06
874 1.62528e+06
875 1.62531e+06
876 1.62539e+06
877 1.62543e+06
878 1.62546e+06
879 1.62546e+06
880 1.62553e+06
881 1.62561e+06
882 1.62573e+06
883 1.62575e+06
884 1.62585e+06
885 1.62587e+06
886 1.62595e+06
887 1.62604e+06
888 1.62616e+06
889 1.62629e+06
890 1.62633e+06
891 1.62634e+06
892 1.6264e+06
893 1.62642e+06
894 1.62649e+06
895 1.62652e+06
896 1.62656e+06
897 1.62662e+06
898 1.62666e+06
899 1.62672e+06
900 1.62672e+06
901 1.62681e+06
902 1.62687e+06
903 1.62701e+06
904 1.62704e+06
905 1.62706e+06
906 1.62708e+06
907 1.6272e+06
908 1.62725e+06
909 1.62725e+06
910 1.62728e+06
911 1.6273e+06
912 1.62737e+06
913 1.62747e+06
914 1.62752e+06
915 1.62754e+06
916 1.62764e+06
917 1.62769e+06
918 1.62775e+06
919 1.62781e+06
920 1.62792e+06
921 1.62796e+06
922 1.62799e+06
923 1.62799e+06
924 1.62806e+06
925 1.62816e+06
926 1.62826e+06
927 1.62831e+06
928 1.62831e+06
929 1.6284e+06
930 1.62848e+06
931 1.62852e+06
932 1.62855e+06
933 1.62857e+06
934 1.62858e+06
935 1.62861e+06
936 1.62869e+06
937 1.62872e+06
938 1.62873e+06
939 1.62874e+06
940 1.62886e+06
941 1.62897e+06
942 1.62907e+06
943 1.62919e+06
944 1.62922e+06
945 1.62922e+06
946 1.62922e+06
947 1.62924e+06
948 1.62926e+06
949 1.62926e+06
950 1.62938e+06
951 1.6294e+06
952 1.62956e+06
953 1.62963e+06
954 1.62974e+06
955 1.62974e+06
956 1.62977e+06
957 1.62989e+06
958 1.63001e+06
959 1.63006e+06
960 1.63013e+06
961 1.63018e+06
962 1.63019e+06
963 1.63022e+06
964 1.6303e+06
965 1.63033e+06
966 1.63051e+06
967 1.63062e+06
968 1.63062e+06
969 1.63066e+06
970 1.63067e+06
971 1.63073e+06
972 1.63086e+06
973 1.63088e+06
974 1.6309e+06
975 1.63094e+06
976 1.63096e+06
977 1.63107e+06
978 1.6311e+06
979 1.63111e+06
980 1.63117e+06
981 1.63118e+06
982 1.6312e+06
983 1.63127e+06
984 1.63137e+06
985 1.63137e+06
986 1.63139e+06
987 1.63146e+06
988 1.63158e+06
989 1.63164e+06
990 1.6317e+06
991 1.6318e+06
992 1.6318e+06
993 1.63183e+06
994 1.63191e+06
995 1.63195e+06
996 1.63196e+06
997 1.63199e+06
998 1.63201e+06
999 1.63202e+06
1000 1.63212e+06
