128 0.3 0.27
0 156776
1 1.56786e+06
2 1.56797e+06
3 1.56799e+06
4 1.56802e+06
5 1.56813e+06
6 1.56821e+06
7 1.56833e+06
8 1.56841e+06
9 1.5685e+06
10 1.56855e+06
11 1.56856e+06
12 1.56867e+06
13 1.56878e+06
14 1.56886e+06
15 1.569e+06
16 1.56909e+06
17 1.56922e+06
18 1.56926e+06
19 1.56928e+06
20 1.56945e+06
21 1.56962e+06
22 1.56974e+06
23 1.56984e+06
24 1.56993e+06
25 1.57e+06
26 1.57006e+06
27 1.57009e+06
28 1.57019e+06
29 1.57028e+06
30 1.57038e+06
31 1.57058e+06
32 1.57072e+06
33 1.57083e+06
34 1.5709e+06
35 1.57094e+06
36 1.57101e+06
37 1.57109e+06
38 1.57117e+06
39 1.57122e+06
40 1.57135e+06
41 1.57143e+06
42 1.5715e+06
43 1.57158e+06
44 1.57166e+06
45 1.57181e+06
46 1.57197e+06
47 1.57206e+06
48 1.57214e+06
49 1.57226e+06
50 1.57234e+06
51 1.57244e+06
52 1.5725e+06
53 1.57252e+06
54 1.57267e+06
55 1.5728e+06
56 1.57282e+06
57 1.57289e+06
58 1.57292e+06
59 1.57307e+06
60 1.57317e+06
61 1.57329e+06
62 1.57333e+06
63 1.57334e+06
64 1.57342e+06
65 1.57357e+06
66 1.5737e+06
67 1.57372e+06
68 1.5738e+06
69 1.574e+06
70 1.57413e+06
71 1.57418e+06
72 1.57434e+06
73 1.57448e+06
74 1.5746e+06
75 1.57476e+06
76 1.57491e+06
77 1.57501e+06
78 1.57511e+06
79 1.57519e+06
80 1.5754e+06
81 1.57558e+06
82 1.57582e+06
83 1.57597e+06
84 1.57606e+06
85 1.57609e+06
86 1.57616e+06
87 1.57619e+06
88 1.57623e+06
89 1.57629e+06
90 1.57632e+06
91 1.57636e+06
92 1.5764e+06
93 1.57654e+06
94 1.57662e+06
95 1.57674e+06
96 1.57693e+06
97 1.57703e+06
98 1.57707e+06
99 1.57716e+06
100 1.57731e+06
101 1.57743e+06
102 1.57754e+06
103 1.57761e+06
104 1.57769e+06
105 1.57778e+06
106 1.57788e+06
107 1.57795e+06
108 1.57806e+06
109 1.5781e+06
110 1.57823e+06
111 1.57826e+06
112 1.57833e+06
113 1.57842e+06
114 1.57842e+06
115 1.57851e+06
116 1.57855e+06
117 1.57857e+06
118 1.57861e+06
119 1.57877e+06
120 1.57891e+06
121 1.579e+06
122 1.57905e+06
123 1.57907e+06
124 1.57918e+06
125 1.57928e+06
126 1.57933e+06
127 1.5794e+06
128 1.57952e+06
129 1.5797e+06
130 1.57971e+06
131 1.57976e+06
132 1.57985e+06
133 1.57997e+06
134 1.58004e+06
135 1.58008e+06
136 1.58019e+06
137 1.58029e+06
138 1.58046e+06
139 1.58056e+06
140 1.58069e+06
141 1.58083e+06
142 1.58087e+06
143 1.58093e+06
144 1.58101e+06
145 1.58104e+06
146 1.58112e+06
147 1.58118e+06
148 1.58132e+06
149 1.58137e+06
150 1.58152e+06
151 1.58157e+06
152 1.58165e+06
153 1.58168e+06
154 1.58175e+06
155 1.58177e+06
156 1.58183e+06
157 1.58186e+06
158 1.58198e+06
159 1.58202e+06
160 1.58218e+06
161 1.58224e+06
162 1.5823e+06
163 1.58247e+06
164 1.5825e+06
165 1.58254e+06
166 1.58261e+06
167 1.58266e+06
168 1.58284e+06
169 1.58294e+06
170 1.58298e+06
171 1.58305e+06
172 1.58314e+06
173 1.58326e+06
174 1.58334e+06
175 1.58341e+06
176 1.58343e+06
177 1.58354e+06
178 1.5837e+06
179 1.58379e+06
180 1.58391e+06
181 1.58391e+06
182 1.5841e+06
183 1.58417e+06
184 1.58421e+06
185 1.58425e+06
186 1.58437e+06
187 1.58447e+06
188 1.58456e+06
189 1.58465e+06
190 1.58474e+06
191 1.58481e+06
192 1.5849e+06
193 1.58496e+06
194 1.58507e+06
195 1.58518e+06
196 1.58525e+06
197 1.5853e+06
198 1.58535e+06
199 1.58547e+06
200 1.58557e+06
201 1.58568e+06
202 1.58583e+06
203 1.58589e+06
204 1.58604e+06
205 1.5861e+06
206 1.58619e+06
207 1.58625e+06
208 1.58633e+06
209 1.58643e+06
210 1.58648e+06
211 1.58654e+06
212 1.58667e+06
213 1.58676e+06
214 1.58679e+06
215 1.58689e+06
216 1.58694e+06
217 1.58701e+06
218 1.58708e+06
219 1.58715e+06
220 1.58721e+06
221 1.58733e+06
222 1.58733e+06
223 1.58736e+06
224 1.58744e+06
225 1.58746e+06
226 1.5876e+06
227 1.58764e+06
228 1.58778e+06
229 1.58785e+06
230 1.58792e+06
231 1.58802e+06
232 1.58806e+06
233 1.58816e+06
234 1.58826e+06
235 1.58835e+06
236 1.58837e+06
237 1.58839e+06
238 1.58846e+06
239 1.58846e+06
240 1.58852e+06
241 1.5886e+06
242 1.58861e+06
243 1.58869e+06
244 1.58872e+06
245 1.58874e+06
246 1.58878e+06
247 1.58887e+06
248 1.58893e+06
249 1.58902e+06
250 1.5891e+06
251 1.5892e+06
252 1.58922e+06
253 1.58928e+06
254 1.58933e+06
255 1.58937e+06
256 1.58944e+06
257 1.58958e+06
258 1.58961e+06
259 1.58964e+06
260 1.5897e+06
261 1.58975e+06
262 1.58983e+06
263 1.58992e+06
264 1.58996e+06
265 1.59001e+06
266 1.59006e+06
267 1.59016e+06
268 1.59019e+06
269 1.59028e+06
270 1.5904e+06
271 1.59046e+06
272 1.59058e+06
273 1.59063e+06
274 1.59066e+06
275 1.59074e+06
276 1.59077e+06
277 1.5908e+06
278 1.59083e+06
279 1.5909e+06
280 1.59099e+06
281 1.591e+06
282 1.59115e+06
283 1.59123e+06
284 1.59136e+06
285 1.59144e+06
286 1.59145e+06
287 1.59147e+06
288 1.59157e+06
289 1.59162e+06
290 1.59166e+06
291 1.59173e+06
292 1.59182e+06
293 1.59189e+06
294 1.59197e+06
295 1.59201e+06
296 1.59212e+06
297 1.59221e+06
298 1.5923e+06
299 1.59234e+06
300 1.59246e+06
301 1.59255e+06
302 1.59259e+06
303 1.59263e+06
304 1.59269e+06
305 1.59268e+06
306 1.59272e+06
307 1.59278e+06
308 1.59284e+06
309 1.59293e+06
310 1.59298e+06
311 1.59301e+06
312 1.59309e+06
313 1.59312e+06
314 1.59322e+06
315 1.59329e+06
316 1.5934e+06
317 1.59345e+06
318 1.59355e+06
319 1.59358e+06
320 1.59368e+06
321 1.5938e+06
322 1.59384e+06
323 1.59398e+06
324 1.5941e+06
325 1.59419e+06
326 1.59423e+06
327 1.59431e+06
328 1.59442e+06
329 1.59442e+06
330 1.59448e+06
331 1.59448e+06
332 1.59451e+06
333 1.59462e+06
334 1.59472e+06
335 1.59479e+06
336 1.59489e+06
337 1.59496e+06
338 1.595e+06
339 1.5951e+06
340 1.59523e+06
341 1.59535e+06
342 1.59537e+06
343 1.59539e+06
344 1.59548e+06
345 1.5955e+06
346 1.59556e+06
347 1.59564e+06
348 1.59564e+06
349 1.59573e+06
350 1.59583e+06
351 1.59596e+06
352 1.59598e+06
353 1.59603e+06
354 1.59611e+06
355 1.59616e+06
356 1.59624e+06
357 1.59635e+06
358 1.59636e+06
359 1.59641e+06
360 1.59647e+06
361 1.59649e+06
362 1.5965e+06
363 1.59662e+06
364 1.5967e+06
365 1.59681e+06
366 1.59683e+06
367 1.59692e+06
368 1.59692e+06
369 1.59695e+06
370 1.59705e+06
371 1.59712e+06
372 1.59715e+06
373 1.59719e+06
374 1.59726e+06
375 1.59735e+06
376 1.59741e+06
377 1.59748e+06
378 1.59756e+06
379 1.59761e+06
380 1.59763e+06
381 1.59775e+06
382 1.59782e+06
383 1.59782e+06
384 1.59782e+06
385 1.59798e+06
386 1.59806e+06
387 1.5981e+06
388 1.59816e+06
389 1.59824e+06
390 1.59827e+06
391 1.59832e+06
392 1.5984e+06
393 1.59842e+06
394 1.59848e+06
395 1.59856e+06
396 1.59866e+06
397 1.5987e+06
398 1.59876e+06
399 1.59881e+06
400 1.5989e+06
401 1.59895e+06
402 1.59897e+06
403 1.59903e+06
404 1.59904e+06
405 1.59909e+06
406 1.59915e+06
407 1.59925e+06
408 1.59928e+06
409 1.59948e+06
410 1.59954e+06
411 1.5996e+06
412 1.59965e+06
413 1.59969e+06
414 1.59976e+06
415 1.59979e+06
416 1.59988e+06
417 1.59996e+06
418 1.6001e+06
419 1.60015e+06
420 1.60021e+06
421 1.60025e+06
422 1.60034e+06
423 1.60044e+06
424 1.60051e+06
425 1.60057e+06
426 1.60062e+06
427 1.60068e+06
428 1.60081e+06
429 1.60092e+06
430 1.60096e+06
431 1.60098e+06
432 1.60102e+06
433 1.60109e+06
434 1.60115e+06
435 1.6012e+06
436 1.60128e+06
437 1.60136e+06
438 1.60144e+06
439 1.60154e+06
440 1.6016e+06
441 1.60172e+06
442 1.60189e+06
443 1.60195e+06
444 1.60197e+06
445 1.60202e+06
446 1.6021e+06
447 1.6022e+06
448 1.60224e+06
449 1.6023e+06
450 1.60234e+06
451 1.6024e+06
452 1.6025e+06
453 1.60258e+06
454 1.60259e+06
455 1.60266e+06
456 1.60268e+06
457 1.60273e+06
458 1.60277e+06
459 1.6029e+06
460 1.60294e+06
461 1.60309e+06
462 1.60314e+06
463 1.60319e+06
464 1.6033e+06
465 1.6033e+06
466 1.60334e+06
467 1.60338e+06
468 1.60348e+06
469 1.60349e+06
470 1.60362e+06
471 1.60365e+06
472 1.60369e+06
473 1.60371e+06
474 1.60374e+06
475 1.60384e+06
476 1.60386e+06
477 1.60395e+06
478 1.60405e+06
479 1.60412e+06
480 1.60418e+06
481 1.60423e+06
482 1.60426e+06
483 1.60433e+06
484 1.60446e+06
485 1.60446e+06
486 1.60459e+06
487 1.60466e+06
488 1.60472e+06
489 1.60475e+06
490 1.60482e+06
491 1.60491e+06
492 1.60497e+06
493 1.60498e+06
494 1.60501e+06
495 1.60505e+06
496 1.6051e+06
497 1.60512e+06
498 1.6052e+06
499 1.60528e+06
500 1.60537e+06
501 1.60559e+06
502 1.60562e+06
503 1.60575e+06
504 1.60576e+06
505 1.60579e+06
506 1.60582e+06
507 1.60591e+06
508 1.60602e+06
509 1.60603e+06
510 1.60608e+06
511 1.60616e+06
512 1.60628e+06
513 1.60632e+06
514 1.60633e+06
515 1.60642e+06
516 1.60651e+06
517 1.6066e+06
518 1.6066e+06
519 1.60662e+06
520 1.60666e+06
521 1.60668e+06
522 1.60672e+06
523 1.60679e+06
524 1.60682e+06
525 1.60684e+06
526 1.60694e+06
527 1.60697e+06
528 1.60708e+06
529 1.60714e+06
530 1.60723e+06
531 1.60734e+06
532 1.60746e+06
533 1.60757e+06
534 1.60764e+06
535 1.60779e+06
536 1.60779e+06
537 1.60786e+06
538 1.60789e+06
539 1.60796e+06
540 1.60804e+06
541 1.60807e+06
542 1.60807e+06
543 1.60815e+06
544 1.60818e+06
545 1.60824e+06
546 1.60829e+06
547 1.60834e+06
548 1.60835e+06
549 1.60845e+06
550 1.60846e+06
551 1.6085e+06
552 1.60858e+06
553 1.60872e+06
554 1.60873e+06
555 1.60879e+06
556 1.60887e+06
557 1.60891e+06
558 1.60891e+06
559 1.60901e+06
560 1.60912e+06
561 1.60917e+06
562 1.60931e+06
563 1.60937e+06
564 1.60937e+06
565 1.60943e+06
566 1.60946e+06
567 1.6095e+06
568 1.60955e+06
569 1.60964e+06
570 1.60964e+06
571 1.6097e+06
572 1.60974e+06
573 1.60977e+06
574 1.60983e+06
575 1.60988e+06
576 1.60994e+06
577 1.60995e+06
578 1.60995e+06
579 1.60998e+06
580 1.61009e+06
581 1.61016e+06
582 1.61019e+06
583 1.61036e+06
584 1.61038e+06
585 1.61043e+06
586 1.61047e+06
587 1.61053e+06
588 1.61056e+06
589 1.61063e+06
590 1.6107e+06
591 1.61073e+06
592 1.61077e+06
593 1.61078e+06
594 1.61089e+06
595 1.61098e+06
596 1.61108e+06
597 1.61111e+06
598 1.61112e+06
599 1.61115e+06
600 1.6112e+06
601 1.61127e+06
602 1.61136e+06
603 1.61143e+06
604 1.61156e+06
605 1.6116e+06
606 1.61164e+06
607 1.61174e+06
608 1.61177e+06
609 1.61184e+06
610 1.6119e+06
611 1.61196e+06
612 1.61196e+06
613 1.61197e+06
614 1.612e+06
615 1.61207e+06
616 1.61212e+06
617 1.61214e+06
618 1.61218e+06
619 1.61221e+06
620 1.6123e+06
621 1.61238e+06
622 1.61241e+06
623 1.61241e+06
624 1.61243e+06
625 1.61246e+06
626 1.61252e+06
627 1.61258e+06
628 1.61258e+06
629 1.6126e+06
630 1.61265e+06
631 1.61267e+06
632 1.61276e+06
633 1.61288e+06
634 1.61292e+06
635 1.61304e+06
636 1.61307e+06
637 1.61314e+06
638 1.61315e+06
639 1.61323e+06
640 1.61325e+06
641 1.61332e+06
642 1.61337e+06
643 1.6134e+06
644 1.61351e+06
645 1.61352e+06
646 1.61358e+06
647 1.61363e+06
648 1.6137e+06
649 1.61376e+06
650 1.61378e+06
651 1.61382e+06
652 1.61387e+06
653 1.61392e+06
654 1.61393e+06
655 1.61404e+06
656 1.61414e+06
657 1.61416e+06
658 1.61424e+06
659 1.61428e+06
660 1.61438e+06
661 1.61439e+06
662 1.61443e+06
663 1.61448e+06
664 1.61458e+06
665 1.61465e+06
666 1.6147e+06
667 1.61474e+06
668 1.61484e+06
669 1.61486e+06
670 1.61495e+06
671 1.61498e+06
672 1.61499e+06
673 1.61506e+06
674 1.61515e+06
675 1.61521e+06
676 1.61523e+06
677 1.61525e+06
678 1.61528e+06
679 1.61533e+06
680 1.6154e+06
681 1.61544e+06
682 1.61549e+06
683 1.6155e+06
684 1.61557e+06
685 1.61559e+06
686 1.61564e+06
687 1.61574e+06
688 1.6158e+06
689 1.61581e+06
690 1.61584e+06
691 1.61595e+06
692 1.61598e+06
693 1.61601e+06
694 1.61608e+06
695 1.61616e+06
696 1.6162e+06
697 1.61626e+06
698 1.61628e+06
699 1.61632e+06
700 1.61636e+06
701 1.61644e+06
702 1.61646e+06
703 1.61652e+06
704 1.61664e+06
705 1.61672e+06
706 1.61683e+06
707 1.61687e+06
708 1.61689e+06
709 1.61698e+06
710 1.617e+06
711 1.61705e+06
712 1.61706e+06
713 1.61708e+06
714 1.6171e+06
715 1.61717e+06
716 1.61722e+06
717 1.61731e+06
718 1.61739e+06
719 1.61741e+06
720 1.61748e+06
721 1.61753e+06
722 1.61755e+06
723 1.61765e+06
724 1.6177e+06
725 1.61781e+06
726 1.61786e+06
727 1.61801e+06
728 1.61805e+06
729 1.61808e+06
730 1.61811e+06
731 1.61816e+06
732 1.6182e+06
733 1.61827e+06
734 1.6183e+06
735 1.61836e+06
736 1.61842e+06
737 1.61843e+06
738 1.61845e+06
739 1.61847e+06
740 1.61855e+06
741 1.61862e+06
742 1.61866e+06
743 1.61869e+06
744 1.61874e+06
745 1.61878e+06
746 1.61878e+06
747 1.61879e+06
748 1.61885e+06
749 1.61893e+06
750 1.61901e+06
751 1.61901e+06
752 1.61907e+06
753 1.61914e+06
754 1.61916e+06
755 1.61923e+06
756 1.61927e+06
757 1.61936e+06
758 1.61944e+06
759 1.61947e+06
760 1.61952e+06
761 1.61958e+06
762 1.6196e+06
763 1.61963e+06
764 1.61975e+06
765 1.61975e+06
766 1.61982e+06
767 1.61982e+06
768 1.61987e+06
769 1.62e+06
770 1.62004e+06
771 1.62013e+06
772 1.62021e+06
773 1.62028e+06
774 1.62029e+06
775 1.62042e+06
776 1.62051e+06
777 1.62057e+06
778 1.62058e+06
779 1.62064e+06
780 1.62075e+06
781 1.62082e+06
782 1.62088e+06
783 1.62089e+06
784 1.62095e+06
785 1.62099e+06
786 1.62102e+06
787 1.62102e+06
788 1.62102e+06
789 1.62111e+06
790 1.62114e+06
791 1.62117e+06
792 1.62121e+06
793 1.62131e+06
794 1.62134e+06
795 1.62141e+06
796 1.62144e+06
797 1.62146e+06
798 1.62146e+06
799 1.62148e+06
800 1.62151e+06
801 1.6215e+06
802 1.62156e+06
803 1.62162e+06
804 1.62169e+06
805 1.62169e+06
806 1.6217e+06
807 1.6217e+06
808 1.62172e+06
809 1.62179e+06
810 1.62178e+06
811 1.62196e+06
812 1.62199e+06
813 1.62206e+06
814 1.62209e+06
815 1.62212e+06
816 1.62212e+06
817 1.62217e+06
818 1.62222e+06
819 1.62223e+06
820 1.62228e+06
821 1.62228e+06
822 1.6223e+06
823 1.62233e+06
824 1.62235e+06
825 1.62237e+06
826 1.62248e+06
827 1.62248e+06
828 1.62255e+06
829 1.62256e+06
830 1.6226e+06
831 1.62272e+06
832 1.62272e+06
833 1.62278e+06
834 1.62281e+06
835 1.62282e+06
836 1.623e+06
837 1.62301e+06
838 1.62304e+06
839 1.62311e+06
840 1.62316e+06
841 1.62324e+06
842 1.62324e+06
843 1.62327e+06
844 1.62328e+06
845 1.62333e+06
846 1.62333e+06
847 1.62337e+06
848 1.6234e+06
849 1.62343e+06
850 1.62345e+06
851 1.62354e+06
852 1.62357e+06
853 1.62361e+06
854 1.62368e+06
855 1.62372e+06
856 1.62374e+06
857 1.62377e+06
858 1.6238e+06
859 1.62388e+06
860 1.62393e+06
861 1.62394e+06
862 1.62402e+06
863 1.62402e+06
864 1.62403e+06
865 1.62417e+06
866 1.62423e+06
867 1.62424e+06
868 1.62425e+06
869 1.62433e+06
870 1.62445e+06
871 1.62456e+06
872 1.62458e+06
873 1.62461e+06
874 1.62468e+06
875 1.62472e+06
876 1.62474e+06
877 1.62478e+06
878 1.62479e+06
879 1.62482e+06
880 1.625e+06
881 1.62505e+06
882 1.62505e+06
883 1.62506e+06
884 1.62521e+06
885 1.62527e+06
886 1.62533e+06
887 1.62538e+06
888 1.62545e+06
889 1.62554e+06
890 1.62555e+06
891 1.62562e+06
892 1.6257e+06
893 1.6257e+06
894 1.62578e+06
895 1.62586e+06
896 1.6259e+06
897 1.62592e+06
898 1.62596e+06
899 1.62599e+06
900 1.6261e+06
901 1.62616e+06
902 1.62622e+06
903 1.62625e+06
904 1.62632e+06
905 1.62638e+06
906 1.62645e+06
907 1.62654e+06
908 1.62655e+06
909 1.62658e+06
910 1.62658e+06
911 1.62662e+06
912 1.62669e+06
913 1.62674e+06
914 1.62675e+06
915 1.62675e+06
916 1.62677e+06
917 1.62684e+06
918 1.62685e+06
919 1.62686e+06
920 1.6269e+06
921 1.62702e+06
922 1.62711e+06
923 1.62711e+06
924 1.62715e+06
925 1.62718e+06
926 1.62728e+06
927 1.62728e+06
928 1.6273e+06
929 1.62737e+06
930 1.62746e+06
931 1.62749e+06
932 1.62752e+06
933 1.62753e+06
934 1.62753e+06
935 1.62757e+06
936 1.62757e+06
937 1.62761e+06
938 1.62765e+06
939 1.62765e+06
940 1.6277e+06
941 1.62775e+06
942 1.62781e+06
943 1.62786e+06
944 1.62792e+06
945 1.62792e+06
946 1.62795e+06
947 1.62798e+06
948 1.62801e+06
949 1.62801e+06
950 1.62808e+06
951 1.62814e+06
952 1.62815e+06
953 1.62818e+06
954 1.62818e+06
955 1.62827e+06
956 1.6283e+06
957 1.62832e+06
958 1.62843e+06
959 1.62843e+06
960 1.62844e+06
961 1.62844e+06
962 1.62852e+06
963 1.62864e+06
964 1.62864e+06
965 1.62866e+06
966 1.62877e+06
967 1.62876e+06
968 1.62877e+06
969 1.62885e+06
970 1.62889e+06
971 1.62894e+06
972 1.62901e+06
973 1.62903e+06
974 1.62907e+06
975 1.62925e+06
976 1.6293e+06
977 1.62936e+06
978 1.62942e+06
979 1.62949e+06
980 1.6295e+06
981 1.62953e+06
982 1.62963e+06
983 1.62966e+06
984 1.62967e+06
985 1.6297e+06
986 1.62982e+06
987 1.62987e+06
988 1.62987e+06
989 1.62989e+06
990 1.62991e+06
991 1.63e+06
992 1.63006e+06
993 1.63007e+06
994 1.63011e+06
995 1.63015e+06
996 1.63023e+06
997 1.63026e+06
998 1.63037e+06
999 1.63047e+06
1000 1.63052e+06
