128 0.3 0.499
0 156776
1 1.56787e+06
2 1.568e+06
3 1.56804e+06
4 1.56806e+06
5 1.56822e+06
6 1.56827e+06
7 1.5684e+06
8 1.56849e+06
9 1.56859e+06
10 1.56862e+06
11 1.56864e+06
12 1.56876e+06
13 1.56887e+06
14 1.56898e+06
15 1.56911e+06
16 1.56915e+06
17 1.56928e+06
18 1.56936e+06
19 1.56942e+06
20 1.56957e+06
21 1.56971e+06
22 1.56987e+06
23 1.56995e+06
24 1.57007e+06
25 1.57017e+06
26 1.57024e+06
27 1.57032e+06
28 1.57043e+06
29 1.5705e+06
30 1.57062e+06
31 1.57088e+06
32 1.57104e+06
33 1.57115e+06
34 1.57123e+06
35 1.57127e+06
36 1.57131e+06
37 1.5714e+06
38 1.57144e+06
39 1.57148e+06
40 1.57161e+06
41 1.57164e+06
42 1.57173e+06
43 1.57185e+06
44 1.57189e+06
45 1.57205e+06
46 1.57213e+06
47 1.57218e+06
48 1.57225e+06
49 1.57232e+06
50 1.57242e+06
51 1.57246e+06
52 1.57253e+06
53 1.57259e+06
54 1.57264e+06
55 1.57277e+06
56 1.5728e+06
57 1.57283e+06
58 1.57289e+06
59 1.57306e+06
60 1.57311e+06
61 1.5732e+06
62 1.57332e+06
63 1.5734e+06
64 1.57352e+06
65 1.57359e+06
66 1.57366e+06
67 1.57372e+06
68 1.57374e+06
69 1.57385e+06
70 1.57392e+06
71 1.57406e+06
72 1.57414e+06
73 1.57429e+06
74 1.57442e+06
75 1.57456e+06
76 1.57469e+06
77 1.57474e+06
78 1.57481e+06
79 1.57489e+06
80 1.57499e+06
81 1.57502e+06
82 1.57517e+06
83 1.57528e+06
84 1.57546e+06
85 1.57563e+06
86 1.5757e+06
87 1.57579e+06
88 1.57589e+06
89 1.57597e+06
90 1.57617e+06
91 1.57618e+06
92 1.57624e+06
93 1.57632e+06
94 1.5764e+06
95 1.57649e+06
96 1.57655e+06
97 1.57662e+06
98 1.57669e+06
99 1.57672e+06
100 1.57683e+06
101 1.57696e+06
102 1.57703e+06
103 1.57714e+06
104 1.57721e+06
105 1.57726e+06
106 1.57739e+06
107 1.57756e+06
108 1.57763e+06
109 1.57772e+06
110 1.57783e+06
111 1.57793e+06
112 1.57799e+06
113 1.57801e+06
114 1.57812e+06
115 1.57831e+06
116 1.5784e+06
117 1.57846e+06
118 1.57863e+06
119 1.57876e+06
120 1.57884e+06
121 1.57887e+06
122 1.57904e+06
123 1.57908e+06
124 1.57919e+06
125 1.5793e+06
126 1.57942e+06
127 1.57949e+06
128 1.57962e+06
129 1.5797e+06
130 1.57984e+06
131 1.57988e+06
132 1.58002e+06
133 1.5801e+06
134 1.5802e+06
135 1.58026e+06
136 1.58032e+06
137 1.5805e+06
138 1.58056e+06
139 1.58062e+06
140 1.58071e+06
141 1.58076e+06
142 1.58095e+06
143 1.58106e+06
144 1.58119e+06
145 1.58128e+06
146 1.5814e+06
147 1.58145e+06
148 1.58154e+06
149 1.58158e+06
150 1.58167e+06
151 1.58179e+06
152 1.58186e+06
153 1.5819e+06
154 1.58194e+06
155 1.58206e+06
156 1.58208e+06
157 1.58216e+06
158 1.58224e+06
159 1.5823e+06
160 1.58238e+06
161 1.58254e+06
162 1.58261e+06
163 1.58271e+06
164 1.58273e+06
165 1.58277e+06
166 1.58281e+06
167 1.58288e+06
168 1.58293e+06
169 1.58301e+06
170 1.58309e+06
171 1.58313e+06
172 1.58317e+06
173 1.58333e+06
174 1.58338e+06
175 1.58347e+06
176 1.58351e+06
177 1.5836e+06
178 1.58364e+06
179 1.58377e+06
180 1.58379e+06
181 1.58387e+06
182 1.58397e+06
183 1.58407e+06
184 1.58419e+06
185 1.58426e+06
186 1.5843e+06
187 1.58439e+06
188 1.5845e+06
189 1.58459e+06
190 1.58466e+06
191 1.58488e+06
192 1.5849e+06
193 1.58494e+06
194 1.58502e+06
195 1.58503e+06
196 1.58511e+06
197 1.58521e+06
198 1.58526e+06
199 1.58534e+06
200 1.58543e+06
201 1.58548e+06
202 1.58551e+06
203 1.5856e+06
204 1.58562e+06
205 1.58575e+06
206 1.58588e+06
207 1.58599e+06
208 1.58606e+06
209 1.58608e+06
210 1.58618e+06
211 1.58628e+06
212 1.58642e+06
213 1.58646e+06
214 1.58654e+06
215 1.58655e+06
216 1.58662e+06
217 1.58675e+06
218 1.58691e+06
219 1.58699e+06
220 1.58702e+06
221 1.58704e+06
222 1.58707e+06
223 1.58717e+06
224 1.58726e+06
225 1.58727e+06
226 1.58733e+06
227 1.5874e+06
228 1.58752e+06
229 1.58759e+06
230 1.58765e+06
231 1.58774e+06
232 1.58781e+06
233 1.58785e+06
234 1.58806e+06
235 1.58808e+06
236 1.5882e+06
237 1.58821e+06
238 1.5883e+06
239 1.58835e+06
240 1.58855e+06
241 1.58864e+06
242 1.58875e+06
243 1.58893e+06
244 1.58901e+06
245 1.58919e+06
246 1.58927e+06
247 1.58931e+06
248 1.58936e+06
249 1.58943e+06
250 1.58948e+06
251 1.58953e+06
252 1.58965e+06
253 1.58971e+06
254 1.58978e+06
255 1.58979e+06
256 1.58984e+06
257 1.58987e+06
258 1.58993e+06
259 1.59008e+06
260 1.59012e+06
261 1.59017e+06
262 1.59026e+06
263 1.59028e+06
264 1.5903e+06
265 1.59035e+06
266 1.59056e+06
267 1.59062e+06
268 1.59067e+06
269 1.59081e+06
270 1.59082e+06
271 1.59085e+06
272 1.59086e+06
273 1.59087e+06
274 1.59102e+06
275 1.59102e+06
276 1.59112e+06
277 1.59125e+06
278 1.59138e+06
279 1.59139e+06
280 1.59154e+06
281 1.59163e+06
282 1.59166e+06
283 1.59171e+06
284 1.59176e+06
285 1.59186e+06
286 1.59192e+06
287 1.59203e+06
288 1.5921e+06
289 1.59215e+06
290 1.59216e+06
291 1.59228e+06
292 1.59238e+06
293 1.5925e+06
294 1.59254e+06
295 1.59263e+06
296 1.59265e+06
297 1.59268e+06
298 1.59275e+06
299 1.59284e+06
300 1.59288e+06
301 1.59291e+06
302 1.59292e+06
303 1.59301e+06
304 1.59309e+06
305 1.59317e+06
306 1.59323e+06
307 1.59333e+06
308 1.59341e+06
309 1.59349e+06
310 1.59355e+06
311 1.59359e+06
312 1.59366e+06
313 1.59375e+06
314 1.59383e+06
315 1.59386e+06
316 1.594e+06
317 1.59407e+06
318 1.59407e+06
319 1.5941e+06
320 1.59418e+06
321 1.59421e+06
322 1.59439e+06
323 1.59458e+06
324 1.59462e+06
325 1.59476e+06
326 1.5948e+06
327 1.59493e+06
328 1.59498e+06
329 1.59509e+06
330 1.5952e+06
331 1.59536e+06
332 1.59541e+06
333 1.59543e+06
334 1.59546e+06
335 1.59553e+06
336 1.5956e+06
337 1.5957e+06
338 1.59579e+06
339 1.59586e+06
340 1.59592e+06
341 1.59596e+06
342 1.59606e+06
343 1.59614e+06
344 1.59624e+06
345 1.59634e+06
346 1.59638e+06
347 1.59639e+06
348 1.59653e+06
349 1.59656e+06
350 1.59662e+06
351 1.59668e+06
352 1.59676e+06
353 1.59685e+06
354 1.59698e+06
355 1.59706e+06
356 1.59709e+06
357 1.5972e+06
358 1.59724e+06
359 1.59729e+06
360 1.59732e+06
361 1.59738e+06
362 1.59748e+06
363 1.59752e+06
364 1.59764e+06
365 1.59771e+06
366 1.59772e+06
367 1.59776e+06
368 1.59792e+06
369 1.59796e+06
370 1.59798e+06
371 1.59806e+06
372 1.59812e+06
373 1.59818e+06
374 1.59827e+06
375 1.59828e+06
376 1.5983e+06
377 1.59835e+06
378 1.59838e+06
379 1.59852e+06
380 1.59858e+06
381 1.59862e+06
382 1.59866e+06
383 1.5987e+06
384 1.59884e+06
385 1.5989e+06
386 1.59892e+06
387 1.59894e+06
388 1.599e+06
389 1.59911e+06
390 1.59913e+06
391 1.59919e+06
392 1.59929e+06
393 1.59933e+06
394 1.59935e+06
395 1.59944e+06
396 1.59959e+06
397 1.5996e+06
398 1.59967e+06
399 1.59988e+06
400 1.59992e+06
401 1.59999e+06
402 1.60007e+06
403 1.60018e+06
404 1.60028e+06
405 1.60034e+06
406 1.60047e+06
407 1.60059e+06
408 1.60064e+06
409 1.60071e+06
410 1.60073e+06
411 1.6008e+06
412 1.60094e+06
413 1.601e+06
414 1.60107e+06
415 1.60118e+06
416 1.60121e+06
417 1.60121e+06
418 1.60131e+06
419 1.60133e+06
420 1.60139e+06
421 1.6015e+06
422 1.60157e+06
423 1.60161e+06
424 1.60162e+06
425 1.60166e+06
426 1.60176e+06
427 1.60188e+06
428 1.60196e+06
429 1.60203e+06
430 1.60204e+06
431 1.6021e+06
432 1.60215e+06
433 1.60221e+06
434 1.60226e+06
435 1.60238e+06
436 1.60242e+06
437 1.60246e+06
438 1.60246e+06
439 1.60248e+06
440 1.6026e+06
441 1.60262e+06
442 1.60262e+06
443 1.60266e+06
444 1.60283e+06
445 1.60295e+06
446 1.60299e+06
447 1.60305e+06
448 1.60308e+06
449 1.60311e+06
450 1.60315e+06
451 1.60318e+06
452 1.60326e+06
453 1.60333e+06
454 1.60341e+06
455 1.60352e+06
456 1.60358e+06
457 1.60364e+06
458 1.60368e+06
459 1.60376e+06
460 1.6038e+06
461 1.60389e+06
462 1.6039e+06
463 1.60392e+06
464 1.60397e+06
465 1.604e+06
466 1.6041e+06
467 1.60411e+06
468 1.60417e+06
469 1.60419e+06
470 1.60428e+06
471 1.60444e+06
472 1.6045e+06
473 1.60453e+06
474 1.60464e+06
475 1.60469e+06
476 1.60475e+06
477 1.60487e+06
478 1.60487e+06
479 1.60491e+06
480 1.60494e+06
481 1.60497e+06
482 1.60502e+06
483 1.60509e+06
484 1.6052e+06
485 1.60531e+06
486 1.60536e+06
487 1.60542e+06
488 1.60543e+06
489 1.6055e+06
490 1.60554e+06
491 1.6056e+06
492 1.60562e+06
493 1.60567e+06
494 1.60576e+06
495 1.60577e+06
496 1.60579e+06
497 1.60589e+06
498 1.60592e+06
499 1.60593e+06
500 1.60596e+06
501 1.606e+06
502 1.60615e+06
503 1.60616e+06
504 1.60616e+06
505 1.60617e+06
506 1.60625e+06
507 1.60634e+06
508 1.60638e+06
509 1.60648e+06
510 1.60648e+06
511 1.60652e+06
512 1.60656e+06
513 1.60658e+06
514 1.60667e+06
515 1.60674e+06
516 1.60683e+06
517 1.60691e+06
518 1.60692e+06
519 1.60695e+06
520 1.607e+06
521 1.60705e+06
522 1.60715e+06
523 1.6072e+06
524 1.60721e+06
525 1.60722e+06
526 1.60728e+06
527 1.60731e+06
528 1.60736e+06
529 1.60737e+06
530 1.60749e+06
531 1.60766e+06
532 1.60768e+06
533 1.60771e+06
534 1.60771e+06
535 1.60779e+06
536 1.60786e+06
537 1.6079e+06
538 1.60796e+06
539 1.60805e+06
540 1.6081e+06
541 1.60813e+06
542 1.60814e+06
543 1.60816e+06
544 1.60819e+06
545 1.60827e+06
546 1.60831e+06
547 1.60835e+06
548 1.60841e+06
549 1.60844e+06
550 1.60849e+06
551 1.60856e+06
552 1.60864e+06
553 1.6087e+06
554 1.60876e+06
555 1.60878e+06
556 1.60889e+06
557 1.60899e+06
558 1.60905e+06
559 1.60912e+06
560 1.60915e+06
561 1.60926e+06
562 1.6093e+06
563 1.60936e+06
564 1.60936e+06
565 1.60943e+06
566 1.60947e+06
567 1.6095e+06
568 1.60957e+06
569 1.60957e+06
570 1.60961e+06
571 1.60963e+06
572 1.60969e+06
573 1.60974e+06
574 1.60979e+06
575 1.60979e+06
576 1.60981e+06
577 1.60987e+06
578 1.60992e+06
579 1.61005e+06
580 1.61007e+06
581 1.61011e+06
582 1.61014e+06
583 1.61016e+06
584 1.61025e+06
585 1.61029e+06
586 1.61032e+06
587 1.61038e+06
588 1.61043e+06
589 1.61043e+06
590 1.61049e+06
591 1.61052e+06
592 1.61062e+06
593 1.61064e+06
594 1.61067e+06
595 1.6109e+06
596 1.61096e+06
597 1.61104e+06
598 1.61114e+06
599 1.61117e+06
600 1.61124e+06
601 1.61126e+06
602 1.6113e+06
603 1.61134e+06
604 1.61137e+06
605 1.61141e+06
606 1.61149e+06
607 1.61157e+06
608 1.61162e+06
609 1.61165e+06
610 1.6117e+06
611 1.61174e+06
612 1.61176e+06
613 1.61178e+06
614 1.61186e+06
615 1.61192e+06
616 1.61201e+06
617 1.61201e+06
618 1.61202e+06
619 1.61208e+06
620 1.61208e+06
621 1.61216e+06
622 1.61218e+06
623 1.61231e+06
624 1.6124e+06
625 1.61244e+06
626 1.61248e+06
627 1.61257e+06
628 1.61268e+06
629 1.6127e+06
630 1.61279e+06
631 1.61289e+06
632 1.61292e+06
633 1.613e+06
634 1.61305e+06
635 1.61317e+06
636 1.61323e+06
637 1.61326e+06
638 1.61329e+06
639 1.6133e+06
640 1.61334e+06
641 1.61343e+06
642 1.6135e+06
643 1.61352e+06
644 1.61357e+06
645 1.61363e+06
646 1.61367e+06
647 1.61375e+06
648 1.61383e+06
649 1.61384e+06
650 1.6139e+06
651 1.61398e+06
652 1.61404e+06
653 1.61411e+06
654 1.61412e+06
655 1.61413e+06
656 1.61416e+06
657 1.6142e+06
658 1.6143e+06
659 1.61439e+06
660 1.61443e+06
661 1.6145e+06
662 1.61455e+06
663 1.6147e+06
664 1.61483e+06
665 1.61483e+06
666 1.61484e+06
667 1.61487e+06
668 1.61489e+06
669 1.61489e+06
670 1.61497e+06
671 1.61502e+06
672 1.61509e+06
673 1.61517e+06
674 1.61523e+06
675 1.61531e+06
676 1.6154e+06
677 1.61547e+06
678 1.61552e+06
679 1.61554e+06
680 1.61561e+06
681 1.61575e+06
682 1.61582e+06
683 1.61583e+06
684 1.61595e+06
685 1.61604e+06
686 1.61611e+06
687 1.61619e+06
688 1.6163e+06
689 1.61636e+06
690 1.61648e+06
691 1.61648e+06
692 1.61656e+06
693 1.61657e+06
694 1.61659e+06
695 1.61665e+06
696 1.61668e+06
697 1.6167e+06
698 1.6168e+06
699 1.61682e+06
700 1.61686e+06
701 1.617e+06
702 1.61707e+06
703 1.61714e+06
704 1.61725e+06
705 1.61735e+06
706 1.61739e+06
707 1.61746e+06
708 1.61754e+06
709 1.61755e+06
710 1.61757e+06
711 1.61766e+06
712 1.61772e+06
713 1.61773e+06
714 1.61777e+06
715 1.61785e+06
716 1.61785e+06
717 1.61789e+06
718 1.61791e+06
719 1.61795e+06
720 1.61799e+06
721 1.6181e+06
722 1.61811e+06
723 1.61819e+06
724 1.61825e+06
725 1.61832e+06
726 1.61835e+06
727 1.61838e+06
728 1.61841e+06
729 1.61847e+06
730 1.61848e+06
731 1.61858e+06
732 1.6186e+06
733 1.61862e+06
734 1.61873e+06
735 1.61881e+06
736 1.61892e+06
737 1.61897e+06
738 1.61909e+06
739 1.61909e+06
740 1.61921e+06
741 1.61929e+06
742 1.6193e+06
743 1.61937e+06
744 1.61941e+06
745 1.61944e+06
746 1.61951e+06
747 1.61958e+06
748 1.61967e+06
749 1.61968e+06
750 1.61972e+06
751 1.61979e+06
752 1.61986e+06
753 1.6199e+06
754 1.61991e+06
755 1.61993e+06
756 1.61996e+06
757 1.62004e+06
758 1.62014e+06
759 1.62027e+06
760 1.62027e+06
761 1.62032e+06
762 1.62032e+06
763 1.62037e+06
764 1.62038e+06
765 1.62043e+06
766 1.62047e+06
767 1.6205e+06
768 1.62056e+06
769 1.62061e+06
770 1.62061e+06
771 1.62061e+06
772 1.62066e+06
773 1.62078e+06
774 1.62083e+06
775 1.62091e+06
776 1.62094e+06
777 1.621e+06
778 1.62109e+06
779 1.62115e+06
780 1.62123e+06
781 1.62129e+06
782 1.62134e+06
783 1.6214e+06
784 1.62149e+06
785 1.62156e+06
786 1.62156e+06
787 1.62158e+06
788 1.62162e+06
789 1.62167e+06
790 1.62173e+06
791 1.62173e+06
792 1.62181e+06
793 1.62181e+06
794 1.62187e+06
795 1.6219e+06
796 1.6219e+06
797 1.6219e+06
798 1.62195e+06
799 1.62198e+06
800 1.62202e+06
801 1.62204e+06
802 1.62211e+06
803 1.62212e+06
804 1.62219e+06
805 1.6222e+06
806 1.62223e+06
807 1.62234e+06
808 1.62247e+06
809 1.6225e+06
810 1.62256e+06
811 1.62261e+06
812 1.62264e+06
813 1.62267e+06
814 1.62271e+06
815 1.62278e+06
816 1.62283e+06
817 1.62288e+06
818 1.62295e+06
819 1.62298e+06
820 1.62306e+06
821 1.62306e+06
822 1.62311e+06
823 1.62317e+06
824 1.62321e+06
825 1.62326e+06
826 1.62326e+06
827 1.62327e+06
828 1.62335e+06
829 1.62353e+06
830 1.62357e+06
831 1.62362e+06
832 1.62369e+06
833 1.62384e+06
834 1.62399e+06
835 1.62412e+06
836 1.6243e+06
837 1.62437e+06
838 1.62447e+06
839 1.62453e+06
840 1.62467e+06
841 1.62473e+06
842 1.62478e+06
843 1.62479e+06
844 1.62484e+06
845 1.62496e+06
846 1.625e+06
847 1.62509e+06
848 1.62512e+06
849 1.62513e+06
850 1.62515e+06
851 1.62524e+06
852 1.62527e+06
853 1.62533e+06
854 1.62537e+06
855 1.62541e+06
856 1.62542e+06
857 1.62558e+06
858 1.62562e+06
859 1.62564e+06
860 1.62571e+06
861 1.62577e+06
862 1.62585e+06
863 1.62591e+06
864 1.62594e+06
865 1.62599e+06
866 1.62612e+06
867 1.62617e+06
868 1.62625e+06
869 1.62631e+06
870 1.62643e+06
871 1.62644e+06
872 1.62646e+06
873 1.62649e+06
874 1.62655e+06
875 1.62659e+06
876 1.62665e+06
877 1.62674e+06
878 1.62674e+06
879 1.62679e+06
880 1.62691e+06
881 1.62698e+06
882 1.62699e+06
883 1.62711e+06
884 1.62716e+06
885 1.62718e+06
886 1.62718e+06
887 1.62718e+06
888 1.62725e+06
889 1.62732e+06
890 1.62735e+06
891 1.62735e+06
892 1.62739e+06
893 1.62744e+06
894 1.62747e+06
895 1.6276e+06
896 1.62763e+06
897 1.62776e+06
898 1.62786e+06
899 1.62795e+06
900 1.62799e+06
901 1.62804e+06
902 1.62806e+06
903 1.62809e+06
904 1.6281e+06
905 1.62812e+06
906 1.62816e+06
907 1.62822e+06
908 1.62823e+06
909 1.62827e+06
910 1.62829e+06
911 1.62832e+06
912 1.62838e+06
913 1.62841e+06
914 1.62846e+06
915 1.62849e+06
916 1.62851e+06
917 1.62851e+06
918 1.62856e+06
919 1.6286e+06
920 1.62862e+06
921 1.62863e+06
922 1.62869e+06
923 1.62872e+06
924 1.62876e+06
925 1.62877e+06
926 1.62882e+06
927 1.62883e+06
928 1.62888e+06
929 1.62894e+06
930 1.62897e+06
931 1.62902e+06
932 1.6291e+06
933 1.62914e+06
934 1.62915e+06
935 1.6292e+06
936 1.62928e+06
937 1.62943e+06
938 1.62946e+06
939 1.6295e+06
940 1.62957e+06
941 1.62968e+06
942 1.62968e+06
943 1.62979e+06
944 1.6298e+06
945 1.62988e+06
946 1.62993e+06
947 1.62998e+06
948 1.63e+06
949 1.63011e+06
950 1.63016e+06
951 1.63019e+06
952 1.63023e+06
953 1.63023e+06
954 1.6304e+06
955 1.63047e+06
956 1.63047e+06
957 1.63048e+06
958 1.63069e+06
959 1.63077e+06
960 1.63081e+06
961 1.63086e+06
962 1.63088e+06
963 1.63093e+06
964 1.63093e+06
965 1.63097e+06
966 1.63113e+06
967 1.6312e+06
968 1.6312e+06
969 1.63125e+06
970 1.6313e+06
971 1.63132e+06
972 1.63138e+06
973 1.63144e+06
974 1.63153e+06
975 1.63155e+06
976 1.63163e+06
977 1.63172e+06
978 1.63174e+06
979 1.63175e+06
980 1.63189e+06
981 1.63195e+06
982 1.63202e+06
983 1.6321e+06
984 1.63216e+06
985 1.6322e+06
986 1.63225e+06
987 1.63228e+06
988 1.63237e+06
989 1.6324e+06
990 1.6325e+06
991 1.6325e+06
992 1.63258e+06
993 1.63264e+06
994 1.63266e+06
995 1.6327e+06
996 1.63272e+06
997 1.63274e+06
998 1.6328e+06
999 1.6328e+06
1000 1.63282e+06
