128 0.3 0.251
0 156776
1 1.56809e+06
2 1.56822e+06
3 1.56825e+06
4 1.5683e+06
5 1.56835e+06
6 1.56836e+06
7 1.56854e+06
8 1.56868e+06
9 1.56868e+06
10 1.56887e+06
11 1.56897e+06
12 1.56907e+06
13 1.56913e+06
14 1.5692e+06
15 1.56944e+06
16 1.5696e+06
17 1.56964e+06
18 1.56977e+06
19 1.56995e+06
20 1.56999e+06
21 1.57015e+06
22 1.57017e+06
23 1.57027e+06
24 1.57031e+06
25 1.57044e+06
26 1.57053e+06
27 1.57066e+06
28 1.57069e+06
29 1.57078e+06
30 1.57094e+06
31 1.57101e+06
32 1.57102e+06
33 1.57106e+06
34 1.57107e+06
35 1.57114e+06
36 1.57119e+06
37 1.57125e+06
38 1.57138e+06
39 1.57156e+06
40 1.57161e+06
41 1.5718e+06
42 1.57195e+06
43 1.57201e+06
44 1.57206e+06
45 1.57218e+06
46 1.57227e+06
47 1.57237e+06
48 1.57246e+06
49 1.57253e+06
50 1.57259e+06
51 1.5726e+06
52 1.57285e+06
53 1.57297e+06
54 1.57309e+06
55 1.57324e+06
56 1.57339e+06
57 1.57348e+06
58 1.57349e+06
59 1.57362e+06
60 1.57372e+06
61 1.57378e+06
62 1.57382e+06
63 1.57392e+06
64 1.57398e+06
65 1.57412e+06
66 1.57422e+06
67 1.57427e+06
68 1.57434e+06
69 1.5744e+06
70 1.57446e+06
71 1.57461e+06
72 1.57477e+06
73 1.57481e+06
74 1.57484e+06
75 1.5749e+06
76 1.57495e+06
77 1.57506e+06
78 1.57511e+06
79 1.57513e+06
80 1.57528e+06
81 1.57534e+06
82 1.57548e+06
83 1.57554e+06
84 1.5756e+06
85 1.57572e+06
86 1.57581e+06
87 1.57599e+06
88 1.57608e+06
89 1.57626e+06
90 1.57635e+06
91 1.57645e+06
92 1.5765e+06
93 1.57664e+06
94 1.57679e+06
95 1.5768e+06
96 1.57691e+06
97 1.57697e+06
98 1.57701e+06
99 1.57713e+06
100 1.57718e+06
101 1.57726e+06
102 1.57738e+06
103 1.5774e+06
104 1.57753e+06
105 1.57761e+06
106 1.57768e+06
107 1.57781e+06
108 1.57792e+06
109 1.57802e+06
110 1.57804e+06
111 1.57819e+06
112 1.57832e+06
113 1.57841e+06
114 1.57847e+06
115 1.57857e+06
116 1.57861e+06
117 1.57866e+06
118 1.57875e+06
119 1.57883e+06
120 1.57885e+06
121 1.57894e+06
122 1.57901e+06
123 1.57912e+06
124 1.57919e+06
125 1.57936e+06
126 1.57943e+06
127 1.57951e+06
128 1.57959e+06
129 1.57965e+06
130 1.57972e+06
131 1.57989e+06
132 1.57995e+06
133 1.58009e+06
134 1.58011e+06
135 1.5802e+06
136 1.58034e+06
137 1.5804e+06
138 1.5806e+06
139 1.58061e+06
140 1.58067e+06
141 1.58088e+06
142 1.58096e+06
143 1.58106e+06
144 1.58119e+06
145 1.5813e+06
146 1.58141e+06
147 1.58156e+06
148 1.58161e+06
149 1.58164e+06
150 1.58171e+06
151 1.58186e+06
152 1.58205e+06
153 1.58212e+06
154 1.58218e+06
155 1.58225e+06
156 1.58231e+06
157 1.58241e+06
158 1.58248e+06
159 1.58257e+06
160 1.58266e+06
161 1.58283e+06
162 1.58289e+06
163 1.58298e+06
164 1.58308e+06
165 1.5832e+06
166 1.58328e+06
167 1.58332e+06
168 1.58337e+06
169 1.58351e+06
170 1.58351e+06
171 1.58369e+06
172 1.58392e+06
173 1.58405e+06
174 1.58418e+06
175 1.58422e+06
176 1.58433e+06
177 1.58436e+06
178 1.5845e+06
179 1.58461e+06
180 1.58469e+06
181 1.58476e+06
182 1.58484e+06
183 1.58491e+06
184 1.58505e+06
185 1.58512e+06
186 1.58528e+06
187 1.58532e+06
188 1.58544e+06
189 1.58553e+06
190 1.58564e+06
191 1.5858e+06
192 1.58589e+06
193 1.58594e+06
194 1.58603e+06
195 1.5861e+06
196 1.58617e+06
197 1.58625e+06
198 1.58633e+06
199 1.58637e+06
200 1.5865e+06
201 1.58654e+06
202 1.58669e+06
203 1.58688e+06
204 1.58694e+06
205 1.58699e+06
206 1.58706e+06
207 1.58712e+06
208 1.5872e+06
209 1.58725e+06
210 1.58731e+06
211 1.58738e+06
212 1.58747e+06
213 1.58757e+06
214 1.58756e+06
215 1.58768e+06
216 1.58775e+06
217 1.58781e+06
218 1.58787e+06
219 1.58796e+06
220 1.58796e+06
221 1.58797e+06
222 1.58806e+06
223 1.58813e+06
224 1.58812e+06
225 1.58819e+06
226 1.58825e+06
227 1.58834e+06
228 1.58849e+06
229 1.58849e+06
230 1.58859e+06
231 1.58867e+06
232 1.58873e+06
233 1.5888e+06
234 1.58888e+06
235 1.58897e+06
236 1.58909e+06
237 1.58915e+06
238 1.58923e+06
239 1.58928e+06
240 1.58931e+06
241 1.5894e+06
242 1.58942e+06
243 1.58947e+06
244 1.58964e+06
245 1.58973e+06
246 1.58976e+06
247 1.58993e+06
248 1.58998e+06
249 1.58999e+06
250 1.59006e+06
251 1.59015e+06
252 1.59022e+06
253 1.59022e+06
254 1.59027e+06
255 1.59033e+06
256 1.59041e+06
257 1.59047e+06
258 1.59051e+06
259 1.5907e+06
260 1.59076e+06
261 1.59075e+06
262 1.5908e+06
263 1.59093e+06
264 1.59103e+06
265 1.59106e+06
266 1.59115e+06
267 1.5913e+06
268 1.59135e+06
269 1.5914e+06
270 1.59147e+06
271 1.59152e+06
272 1.59164e+06
273 1.59167e+06
274 1.59173e+06
275 1.59183e+06
276 1.59191e+06
277 1.59201e+06
278 1.59207e+06
279 1.5921e+06
280 1.59215e+06
281 1.59233e+06
282 1.59238e+06
283 1.59239e+06
284 1.59242e+06
285 1.59252e+06
286 1.59255e+06
287 1.59268e+06
288 1.59274e+06
289 1.59282e+06
290 1.59299e+06
291 1.59304e+06
292 1.59305e+06
293 1.59308e+06
294 1.59318e+06
295 1.59327e+06
296 1.59333e+06
297 1.59339e+06
298 1.59343e+06
299 1.59351e+06
300 1.59356e+06
301 1.59363e+06
302 1.5937e+06
303 1.59375e+06
304 1.59384e+06
305 1.59388e+06
306 1.594e+06
307 1.59404e+06
308 1.59404e+06
309 1.59412e+06
310 1.59418e+06
311 1.59437e+06
312 1.59444e+06
313 1.59453e+06
314 1.59464e+06
315 1.59492e+06
316 1.59498e+06
317 1.59504e+06
318 1.59517e+06
319 1.5952e+06
320 1.59528e+06
321 1.59533e+06
322 1.59538e+06
323 1.59548e+06
324 1.59551e+06
325 1.59554e+06
326 1.59561e+06
327 1.59566e+06
328 1.59569e+06
329 1.59569e+06
330 1.5957e+06
331 1.59574e+06
332 1.59578e+06
333 1.59584e+06
334 1.59593e+06
335 1.59596e+06
336 1.59598e+06
337 1.596e+06
338 1.59607e+06
339 1.59612e+06
340 1.59614e+06
341 1.59627e+06
342 1.59634e+06
343 1.59634e+06
344 1.5966e+06
345 1.59664e+06
346 1.59666e+06
347 1.59677e+06
348 1.59686e+06
349 1.59697e+06
350 1.59705e+06
351 1.59708e+06
352 1.59709e+06
353 1.59723e+06
354 1.59724e+06
355 1.59727e+06
356 1.59731e+06
357 1.59744e+06
358 1.59755e+06
359 1.59766e+06
360 1.59772e+06
361 1.59785e+06
362 1.5979e+06
363 1.59801e+06
364 1.59815e+06
365 1.59827e+06
366 1.59839e+06
367 1.59851e+06
368 1.59856e+06
369 1.59873e+06
370 1.59884e+06
371 1.59886e+06
372 1.59887e+06
373 1.59896e+06
374 1.59908e+06
375 1.59913e+06
376 1.59924e+06
377 1.59932e+06
378 1.59935e+06
379 1.5994e+06
380 1.5995e+06
381 1.59954e+06
382 1.59965e+06
383 1.59967e+06
384 1.59974e+06
385 1.59977e+06
386 1.59981e+06
387 1.59984e+06
388 1.59995e+06
389 1.59998e+06
390 1.60003e+06
391 1.60003e+06
392 1.6001e+06
393 1.60013e+06
394 1.6002e+06
395 1.60022e+06
396 1.60028e+06
397 1.60034e+06
398 1.60034e+06
399 1.60035e+06
400 1.60042e+06
401 1.60047e+06
402 1.60047e+06
403 1.60055e+06
404 1.60056e+06
405 1.60064e+06
406 1.60071e+06
407 1.60083e+06
408 1.60086e+06
409 1.6009e+06
410 1.60094e+06
411 1.60103e+06
412 1.60108e+06
413 1.60113e+06
414 1.6012e+06
415 1.60128e+06
416 1.60135e+06
417 1.60142e+06
418 1.60143e+06
419 1.60149e+06
420 1.60155e+06
421 1.6017e+06
422 1.6017e+06
423 1.6018e+06
424 1.60185e+06
425 1.60189e+06
426 1.60196e+06
427 1.60202e+06
428 1.60208e+06
429 1.60209e+06
430 1.60212e+06
431 1.60216e+06
432 1.6022e+06
433 1.60227e+06
434 1.6023e+06
435 1.60238e+06
436 1.60254e+06
437 1.60257e+06
438 1.60273e+06
439 1.60279e+06
440 1.60285e+06
441 1.60298e+06
442 1.603e+06
443 1.60308e+06
444 1.60319e+06
445 1.60327e+06
446 1.60332e+06
447 1.60345e+06
448 1.60349e+06
449 1.60354e+06
450 1.60355e+06
451 1.60373e+06
452 1.6038e+06
453 1.6039e+06
454 1.6039e+06
455 1.604e+06
456 1.60402e+06
457 1.60408e+06
458 1.6041e+06
459 1.60423e+06
460 1.60429e+06
461 1.60436e+06
462 1.60445e+06
463 1.60458e+06
464 1.60462e+06
465 1.60467e+06
466 1.60474e+06
467 1.60475e+06
468 1.60478e+06
469 1.60483e+06
470 1.60488e+06
471 1.60492e+06
472 1.60497e+06
473 1.60508e+06
474 1.60511e+06
475 1.60527e+06
476 1.6053e+06
477 1.6054e+06
478 1.60546e+06
479 1.60555e+06
480 1.60556e+06
481 1.60565e+06
482 1.6057e+06
483 1.60584e+06
484 1.60587e+06
485 1.60591e+06
486 1.60597e+06
487 1.60604e+06
488 1.6061e+06
489 1.60613e+06
490 1.60625e+06
491 1.60633e+06
492 1.60634e+06
493 1.60639e+06
494 1.6064e+06
495 1.60646e+06
496 1.60651e+06
497 1.60658e+06
498 1.60669e+06
499 1.60669e+06
500 1.60672e+06
501 1.60679e+06
502 1.60686e+06
503 1.60696e+06
504 1.60702e+06
505 1.60734e+06
506 1.6074e+06
507 1.60746e+06
508 1.60752e+06
509 1.60762e+06
510 1.60766e+06
511 1.60768e+06
512 1.60769e+06
513 1.60776e+06
514 1.6078e+06
515 1.60782e+06
516 1.60792e+06
517 1.60797e+06
518 1.60798e+06
519 1.60802e+06
520 1.60807e+06
521 1.60812e+06
522 1.60815e+06
523 1.60821e+06
524 1.60824e+06
525 1.60827e+06
526 1.60836e+06
527 1.60851e+06
528 1.60856e+06
529 1.60861e+06
530 1.60862e+06
531 1.60867e+06
532 1.60883e+06
533 1.60889e+06
534 1.60902e+06
535 1.60903e+06
536 1.6091e+06
537 1.60915e+06
538 1.60918e+06
539 1.60921e+06
540 1.60926e+06
541 1.60929e+06
542 1.60936e+06
543 1.6094e+06
544 1.60943e+06
545 1.60948e+06
546 1.60953e+06
547 1.6096e+06
548 1.60962e+06
549 1.60962e+06
550 1.60967e+06
551 1.60972e+06
552 1.60981e+06
553 1.60989e+06
554 1.60995e+06
555 1.61004e+06
556 1.61006e+06
557 1.61012e+06
558 1.61016e+06
559 1.61023e+06
560 1.61029e+06
561 1.61032e+06
562 1.61038e+06
563 1.61044e+06
564 1.61046e+06
565 1.61051e+06
566 1.61066e+06
567 1.6107e+06
568 1.6108e+06
569 1.61084e+06
570 1.61092e+06
571 1.61102e+06
572 1.6111e+06
573 1.61124e+06
574 1.61126e+06
575 1.61134e+06
576 1.6114e+06
577 1.61143e+06
578 1.61148e+06
579 1.6115e+06
580 1.61157e+06
581 1.61163e+06
582 1.61164e+06
583 1.61167e+06
584 1.61169e+06
585 1.61171e+06
586 1.61176e+06
587 1.61178e+06
588 1.61188e+06
589 1.61193e+06
590 1.612e+06
591 1.61202e+06
592 1.61208e+06
593 1.61214e+06
594 1.6122e+06
595 1.61221e+06
596 1.61221e+06
597 1.61226e+06
598 1.6123e+06
599 1.61237e+06
600 1.61245e+06
601 1.61249e+06
602 1.6125e+06
603 1.61256e+06
604 1.61261e+06
605 1.61266e+06
606 1.61267e+06
607 1.61273e+06
608 1.6128e+06
609 1.61284e+06
610 1.61285e+06
611 1.6129e+06
612 1.61297e+06
613 1.61305e+06
614 1.61312e+06
615 1.61313e+06
616 1.61314e+06
617 1.61319e+06
618 1.61324e+06
619 1.61331e+06
620 1.61337e+06
621 1.61346e+06
622 1.6135e+06
623 1.61356e+06
624 1.61359e+06
625 1.61359e+06
626 1.61367e+06
627 1.61372e+06
628 1.61372e+06
629 1.61375e+06
630 1.61378e+06
631 1.61381e+06
632 1.61385e+06
633 1.61398e+06
634 1.61403e+06
635 1.61408e+06
636 1.61419e+06
637 1.61427e+06
638 1.61431e+06
639 1.61434e+06
640 1.6144e+06
641 1.61442e+06
642 1.61444e+06
643 1.6145e+06
644 1.61454e+06
645 1.61458e+06
646 1.61461e+06
647 1.61471e+06
648 1.61478e+06
649 1.61484e+06
650 1.61486e+06
651 1.6149e+06
652 1.615e+06
653 1.6151e+06
654 1.6151e+06
655 1.61512e+06
656 1.61514e+06
657 1.61516e+06
658 1.61518e+06
659 1.61522e+06
660 1.61522e+06
661 1.61523e+06
662 1.61527e+06
663 1.61529e+06
664 1.6153e+06
665 1.61533e+06
666 1.61537e+06
667 1.6154e+06
668 1.61553e+06
669 1.61556e+06
670 1.61557e+06
671 1.61561e+06
672 1.61561e+06
673 1.61572e+06
674 1.61574e+06
675 1.61578e+06
676 1.61593e+06
677 1.61598e+06
678 1.61602e+06
679 1.61611e+06
680 1.61622e+06
681 1.61631e+06
682 1.61633e+06
683 1.61641e+06
684 1.61645e+06
685 1.61648e+06
686 1.61661e+06
687 1.61666e+06
688 1.61679e+06
689 1.61682e+06
690 1.61684e+06
691 1.61685e+06
692 1.61692e+06
693 1.61701e+06
694 1.61713e+06
695 1.61718e+06
696 1.61718e+06
697 1.61718e+06
698 1.61718e+06
699 1.61719e+06
700 1.61721e+06
701 1.61726e+06
702 1.61738e+06
703 1.61747e+06
704 1.61747e+06
705 1.61748e+06
706 1.6176e+06
707 1.61768e+06
708 1.61775e+06
709 1.6179e+06
710 1.61806e+06
711 1.61807e+06
712 1.6181e+06
713 1.61818e+06
714 1.61829e+06
715 1.61838e+06
716 1.61844e+06
717 1.61846e+06
718 1.6186e+06
719 1.61865e+06
720 1.61874e+06
721 1.61874e+06
722 1.61876e+06
723 1.61876e+06
724 1.61897e+06
725 1.61905e+06
726 1.61908e+06
727 1.61911e+06
728 1.61925e+06
729 1.61935e+06
730 1.61935e+06
731 1.61939e+06
732 1.61943e+06
733 1.6195e+06
734 1.6195e+06
735 1.61957e+06
736 1.61961e+06
737 1.61976e+06
738 1.6198e+06
739 1.61985e+06
740 1.61987e+06
741 1.61995e+06
742 1.62e+06
743 1.62012e+06
744 1.62021e+06
745 1.62023e+06
746 1.62026e+06
747 1.62039e+06
748 1.6204e+06
749 1.62047e+06
750 1.6205e+06
751 1.62058e+06
752 1.62063e+06
753 1.62066e+06
754 1.6207e+06
755 1.6207e+06
756 1.6207e+06
757 1.62079e+06
758 1.62088e+06
759 1.6209e+06
760 1.62098e+06
761 1.62099e+06
762 1.62104e+06
763 1.6211e+06
764 1.62112e+06
765 1.62115e+06
766 1.62117e+06
767 1.62118e+06
768 1.62127e+06
769 1.6213e+06
770 1.62137e+06
771 1.6214e+06
772 1.62143e+06
773 1.62148e+06
774 1.62155e+06
775 1.62155e+06
776 1.62161e+06
777 1.6217e+06
778 1.62175e+06
779 1.62175e+06
780 1.62183e+06
781 1.62184e+06
782 1.62187e+06
783 1.6219e+06
784 1.62193e+06
785 1.62196e+06
786 1.62196e+06
787 1.62207e+06
788 1.62215e+06
789 1.62224e+06
790 1.62224e+06
791 1.62228e+06
792 1.62235e+06
793 1.62243e+06
794 1.62253e+06
795 1.62253e+06
796 1.62256e+06
797 1.62257e+06
798 1.62263e+06
799 1.62264e+06
800 1.62266e+06
801 1.62273e+06
802 1.62276e+06
803 1.62279e+06
804 1.62284e+06
805 1.62288e+06
806 1.62296e+06
807 1.62304e+06
808 1.62307e+06
809 1.6231e+06
810 1.62316e+06
811 1.62324e+06
812 1.6233e+06
813 1.62334e+06
814 1.62336e+06
815 1.62338e+06
816 1.62342e+06
817 1.6235e+06
818 1.62352e+06
819 1.62354e+06
820 1.6236e+06
821 1.62367e+06
822 1.62367e+06
823 1.62377e+06
824 1.62377e+06
825 1.62382e+06
826 1.62396e+06
827 1.62408e+06
828 1.62414e+06
829 1.62416e+06
830 1.62418e+06
831 1.62418e+06
832 1.62434e+06
833 1.62445e+06
834 1.62456e+06
835 1.62466e+06
836 1.62482e+06
837 1.62482e+06
838 1.62482e+06
839 1.62485e+06
840 1.62495e+06
841 1.62502e+06
842 1.62503e+06
843 1.62503e+06
844 1.62514e+06
845 1.62517e+06
846 1.62527e+06
847 1.62533e+06
848 1.62536e+06
849 1.62536e+06
850 1.62542e+06
851 1.62544e+06
852 1.62553e+06
853 1.62558e+06
854 1.62568e+06
855 1.62575e+06
856 1.62579e+06
857 1.62584e+06
858 1.62592e+06
859 1.62599e+06
860 1.62601e+06
861 1.62603e+06
862 1.62605e+06
863 1.62606e+06
864 1.62611e+06
865 1.62619e+06
866 1.62619e+06
867 1.62625e+06
868 1.6263e+06
869 1.62646e+06
870 1.62654e+06
871 1.62657e+06
872 1.62657e+06
873 1.62662e+06
874 1.62665e+06
875 1.62677e+06
876 1.62681e+06
877 1.62704e+06
878 1.62708e+06
879 1.62714e+06
880 1.62722e+06
881 1.62725e+06
882 1.62725e+06
883 1.62726e+06
884 1.62734e+06
885 1.6274e+06
886 1.62743e+06
887 1.62757e+06
888 1.62766e+06
889 1.62776e+06
890 1.62778e+06
891 1.62781e+06
892 1.62787e+06
893 1.62791e+06
894 1.62808e+06
895 1.62809e+06
896 1.62809e+06
897 1.62814e+06
898 1.62819e+06
899 1.62822e+06
900 1.62825e+06
901 1.62841e+06
902 1.62841e+06
903 1.62843e+06
904 1.62844e+06
905 1.6285e+06
906 1.62855e+06
907 1.62856e+06
908 1.62864e+06
909 1.62873e+06
910 1.62882e+06
911 1.62883e+06
912 1.62883e+06
913 1.62895e+06
914 1.62901e+06
915 1.62908e+06
916 1.6291e+06
917 1.62916e+06
918 1.6292e+06
919 1.62923e+06
920 1.62927e+06
921 1.62931e+06
922 1.6294e+06
923 1.62941e+06
924 1.62948e+06
925 1.62953e+06
926 1.62958e+06
927 1.62961e+06
928 1.62968e+06
929 1.62977e+06
930 1.62979e+06
931 1.62985e+06
932 1.62985e+06
933 1.62985e+06
934 1.62987e+06
935 1.62989e+06
936 1.62989e+06
937 1.62997e+06
938 1.63e+06
939 1.63001e+06
940 1.63003e+06
941 1.63015e+06
942 1.63015e+06
943 1.6302e+06
944 1.63022e+06
945 1.63026e+06
946 1.63031e+06
947 1.63032e+06
948 1.63036e+06
949 1.63046e+06
950 1.63052e+06
951 1.63053e+06
952 1.6306e+06
953 1.6306e+06
954 1.63061e+06
955 1.63071e+06
956 1.63077e+06
957 1.63077e+06
958 1.63082e+06
959 1.63088e+06
960 1.63092e+06
961 1.63096e+06
962 1.631e+06
963 1.63104e+06
964 1.63114e+06
965 1.63117e+06
966 1.63118e+06
967 1.63126e+06
968 1.63133e+06
969 1.6315e+06
970 1.63157e+06
971 1.6316e+06
972 1.63163e+06
973 1.63168e+06
974 1.63171e+06
975 1.63178e+06
976 1.63183e+06
977 1.63189e+06
978 1.63194e+06
979 1.63197e+06
980 1.63202e+06
981 1.63202e+06
982 1.63205e+06
983 1.63218e+06
984 1.63225e+06
985 1.63233e+06
986 1.63233e+06
987 1.63236e+06
988 1.63245e+06
989 1.63249e+06
990 1.63256e+06
991 1.63258e+06
992 1.63261e+06
993 1.63263e+06
994 1.6327e+06
995 1.63275e+06
996 1.6328e+06
997 1.63282e+06
998 1.63284e+06
999 1.63291e+06
1000 1.63299e+06
