128 0.3 0.333
0 156776
1 1.5678e+06
2 1.56806e+06
3 1.56817e+06
4 1.56817e+06
5 1.56826e+06
6 1.56832e+06
7 1.56844e+06
8 1.56852e+06
9 1.56863e+06
10 1.56869e+06
11 1.56886e+06
12 1.56887e+06
13 1.56899e+06
14 1.56909e+06
15 1.56926e+06
16 1.56933e+06
17 1.56947e+06
18 1.56953e+06
19 1.56966e+06
20 1.56974e+06
21 1.56989e+06
22 1.56999e+06
23 1.57005e+06
24 1.57012e+06
25 1.57018e+06
26 1.5702e+06
27 1.5704e+06
28 1.57055e+06
29 1.57068e+06
30 1.57072e+06
31 1.57076e+06
32 1.57085e+06
33 1.57091e+06
34 1.57111e+06
35 1.57124e+06
36 1.57128e+06
37 1.57142e+06
38 1.57158e+06
39 1.57164e+06
40 1.57172e+06
41 1.5718e+06
42 1.57182e+06
43 1.57193e+06
44 1.57202e+06
45 1.57213e+06
46 1.57215e+06
47 1.57224e+06
48 1.57236e+06
49 1.57233e+06
50 1.57237e+06
51 1.57239e+06
52 1.57242e+06
53 1.57248e+06
54 1.57257e+06
55 1.57264e+06
56 1.57272e+06
57 1.57281e+06
58 1.57294e+06
59 1.57299e+06
60 1.57309e+06
61 1.57315e+06
62 1.57318e+06
63 1.57326e+06
64 1.57341e+06
65 1.57354e+06
66 1.5736e+06
67 1.57379e+06
68 1.57398e+06
69 1.5741e+06
70 1.57423e+06
71 1.57425e+06
72 1.57428e+06
73 1.57429e+06
74 1.5743e+06
75 1.5745e+06
76 1.57456e+06
77 1.57466e+06
78 1.57473e+06
79 1.57483e+06
80 1.5749e+06
81 1.57498e+06
82 1.57505e+06
83 1.57517e+06
84 1.57517e+06
85 1.57527e+06
86 1.5753e+06
87 1.57532e+06
88 1.5754e+06
89 1.57556e+06
90 1.57565e+06
91 1.57566e+06
92 1.57581e+06
93 1.57591e+06
94 1.57598e+06
95 1.576e+06
96 1.57617e+06
97 1.57624e+06
98 1.57624e+06
99 1.57629e+06
100 1.57633e+06
101 1.57643e+06
102 1.5765e+06
103 1.57662e+06
104 1.57684e+06
105 1.57693e+06
106 1.57705e+06
107 1.57721e+06
108 1.57728e+06
109 1.57732e+06
110 1.57749e+06
111 1.57752e+06
112 1.57757e+06
113 1.57766e+06
114 1.57776e+06
115 1.57783e+06
116 1.57792e+06
117 1.57811e+06
118 1.57826e+06
119 1.5783e+06
120 1.57831e+06
121 1.57836e+06
122 1.57837e+06
123 1.57854e+06
124 1.57866e+06
125 1.57873e+06
126 1.57874e+06
127 1.57884e+06
128 1.5789e+06
129 1.579e+06
130 1.57909e+06
131 1.57915e+06
132 1.5792e+06
133 1.57925e+06
134 1.57935e+06
135 1.57938e+06
136 1.57964e+06
137 1.57973e+06
138 1.5799e+06
139 1.57994e+06
140 1.58001e+06
141 1.58008e+06
142 1.58013e+06
143 1.5803e+06
144 1.58037e+06
145 1.58046e+06
146 1.58051e+06
147 1.58065e+06
148 1.58074e+06
149 1.58076e+06
150 1.58078e+06
151 1.5808e+06
152 1.58089e+06
153 1.58102e+06
154 1.58104e+06
155 1.5812e+06
156 1.58131e+06
157 1.5814e+06
158 1.58146e+06
159 1.58152e+06
160 1.58163e+06
161 1.58171e+06
162 1.5818e+06
163 1.58185e+06
164 1.58189e+06
165 1.58196e+06
166 1.582e+06
167 1.58211e+06
168 1.58224e+06
169 1.5823e+06
170 1.58244e+06
171 1.58249e+06
172 1.58251e+06
173 1.58254e+06
174 1.58255e+06
175 1.58265e+06
176 1.58273e+06
177 1.5828e+06
178 1.5829e+06
179 1.58301e+06
180 1.58312e+06
181 1.58318e+06
182 1.58326e+06
183 1.58332e+06
184 1.58344e+06
185 1.58351e+06
186 1.58356e+06
187 1.58362e+06
188 1.58367e+06
189 1.58369e+06
190 1.5838e+06
191 1.58388e+06
192 1.58397e+06
193 1.58405e+06
194 1.58407e+06
195 1.58411e+06
196 1.58419e+06
197 1.5843e+06
198 1.58435e+06
199 1.58438e+06
200 1.58443e+06
201 1.58453e+06
202 1.58459e+06
203 1.58464e+06
204 1.58473e+06
205 1.58479e+06
206 1.58489e+06
207 1.58495e+06
208 1.58508e+06
209 1.58526e+06
210 1.5853e+06
211 1.5854e+06
212 1.58546e+06
213 1.58549e+06
214 1.58554e+06
215 1.58569e+06
216 1.58581e+06
217 1.58588e+06
218 1.58595e+06
219 1.58598e+06
220 1.58602e+06
221 1.58604e+06
222 1.58607e+06
223 1.5862e+06
224 1.58635e+06
225 1.58644e+06
226 1.58644e+06
227 1.58658e+06
228 1.58659e+06
229 1.58659e+06
230 1.58664e+06
231 1.58668e+06
232 1.58671e+06
233 1.58682e+06
234 1.58691e+06
235 1.587e+06
236 1.58719e+06
237 1.58728e+06
238 1.58734e+06
239 1.58738e+06
240 1.58749e+06
241 1.58754e+06
242 1.58763e+06
243 1.58766e+06
244 1.58768e+06
245 1.58773e+06
246 1.58784e+06
247 1.58791e+06
248 1.58798e+06
249 1.58804e+06
250 1.58818e+06
251 1.58822e+06
252 1.58825e+06
253 1.58828e+06
254 1.58832e+06
255 1.58843e+06
256 1.58847e+06
257 1.5886e+06
258 1.58862e+06
259 1.58862e+06
260 1.58867e+06
261 1.58886e+06
262 1.58892e+06
263 1.58908e+06
264 1.58913e+06
265 1.58913e+06
266 1.58926e+06
267 1.58938e+06
268 1.58942e+06
269 1.58948e+06
270 1.58952e+06
271 1.58959e+06
272 1.5896e+06
273 1.58967e+06
274 1.58972e+06
275 1.58979e+06
276 1.5898e+06
277 1.58993e+06
278 1.59005e+06
279 1.59014e+06
280 1.59013e+06
281 1.59017e+06
282 1.59021e+06
283 1.59025e+06
284 1.59031e+06
285 1.59043e+06
286 1.59046e+06
287 1.59049e+06
288 1.59058e+06
289 1.59061e+06
290 1.59072e+06
291 1.59084e+06
292 1.5909e+06
293 1.59095e+06
294 1.59094e+06
295 1.5911e+06
296 1.59111e+06
297 1.5912e+06
298 1.59126e+06
299 1.5913e+06
300 1.59129e+06
301 1.59136e+06
302 1.5915e+06
303 1.59157e+06
304 1.5916e+06
305 1.59162e+06
306 1.59171e+06
307 1.59176e+06
308 1.59186e+06
309 1.59193e+06
310 1.59195e+06
311 1.59197e+06
312 1.59201e+06
313 1.59204e+06
314 1.59207e+06
315 1.59234e+06
316 1.59243e+06
317 1.59249e+06
318 1.59256e+06
319 1.59258e+06
320 1.59266e+06
321 1.59268e+06
322 1.59269e+06
323 1.59273e+06
324 1.59278e+06
325 1.59292e+06
326 1.59293e+06
327 1.59298e+06
328 1.593e+06
329 1.59307e+06
330 1.5931e+06
331 1.59315e+06
332 1.59323e+06
333 1.59328e+06
334 1.59336e+06
335 1.59338e+06
336 1.59342e+06
337 1.59352e+06
338 1.59359e+06
339 1.59358e+06
340 1.59358e+06
341 1.5936e+06
342 1.59371e+06
343 1.59378e+06
344 1.59387e+06
345 1.59391e+06
346 1.59398e+06
347 1.59403e+06
348 1.59408e+06
349 1.59412e+06
350 1.59416e+06
351 1.59421e+06
352 1.5943e+06
353 1.59434e+06
354 1.59446e+06
355 1.59462e+06
356 1.59471e+06
357 1.59478e+06
358 1.59482e+06
359 1.5949e+06
360 1.59497e+06
361 1.59503e+06
362 1.59516e+06
363 1.59515e+06
364 1.59523e+06
365 1.5953e+06
366 1.59537e+06
367 1.59541e+06
368 1.5955e+06
369 1.59561e+06
370 1.59574e+06
371 1.59582e+06
372 1.59592e+06
373 1.59596e+06
374 1.59601e+06
375 1.59602e+06
376 1.59611e+06
377 1.59617e+06
378 1.59621e+06
379 1.59628e+06
380 1.59629e+06
381 1.59635e+06
382 1.59647e+06
383 1.59649e+06
384 1.59659e+06
385 1.5967e+06
386 1.59672e+06
387 1.59676e+06
388 1.5968e+06
389 1.59684e+06
390 1.59694e+06
391 1.59704e+06
392 1.59713e+06
393 1.59718e+06
394 1.59729e+06
395 1.59733e+06
396 1.5974e+06
397 1.59739e+06
398 1.59747e+06
399 1.59752e+06
400 1.59755e+06
401 1.5976e+06
402 1.59764e+06
403 1.5977e+06
404 1.59771e+06
405 1.59773e+06
406 1.59778e+06
407 1.5978e+06
408 1.59783e+06
409 1.5979e+06
410 1.59794e+06
411 1.598e+06
412 1.59809e+06
413 1.59811e+06
414 1.59818e+06
415 1.59818e+06
416 1.59821e+06
417 1.59824e+06
418 1.59827e+06
419 1.59834e+06
420 1.59837e+06
421 1.59839e+06
422 1.59841e+06
423 1.59849e+06
424 1.59865e+06
425 1.59866e+06
426 1.59866e+06
427 1.5987e+06
428 1.59876e+06
429 1.59883e+06
430 1.59887e+06
431 1.59902e+06
432 1.59908e+06
433 1.59908e+06
434 1.59911e+06
435 1.59917e+06
436 1.59923e+06
437 1.59929e+06
438 1.59933e+06
439 1.59942e+06
440 1.59946e+06
441 1.59951e+06
442 1.59957e+06
443 1.59957e+06
444 1.59958e+06
445 1.59963e+06
446 1.5997e+06
447 1.59973e+06
448 1.59982e+06
449 1.59987e+06
450 1.5999e+06
451 1.59996e+06
452 1.60003e+06
453 1.60005e+06
454 1.60012e+06
455 1.60023e+06
456 1.60032e+06
457 1.60039e+06
458 1.60054e+06
459 1.60057e+06
460 1.60068e+06
461 1.6007e+06
462 1.60074e+06
463 1.60076e+06
464 1.60085e+06
465 1.6009e+06
466 1.60102e+06
467 1.60112e+06
468 1.60111e+06
469 1.60121e+06
470 1.60124e+06
471 1.60129e+06
472 1.60134e+06
473 1.6015e+06
474 1.60153e+06
475 1.60157e+06
476 1.60165e+06
477 1.60172e+06
478 1.60176e+06
479 1.60176e+06
480 1.60179e+06
481 1.60183e+06
482 1.60194e+06
483 1.60194e+06
484 1.60199e+06
485 1.60216e+06
486 1.60223e+06
487 1.60226e+06
488 1.60237e+06
489 1.60242e+06
490 1.6025e+06
491 1.60258e+06
492 1.60262e+06
493 1.60266e+06
494 1.60278e+06
495 1.60279e+06
496 1.60286e+06
497 1.60292e+06
498 1.60295e+06
499 1.60299e+06
500 1.603e+06
501 1.60303e+06
502 1.60303e+06
503 1.60312e+06
504 1.60321e+06
505 1.60329e+06
506 1.60335e+06
507 1.60351e+06
508 1.60352e+06
509 1.60364e+06
510 1.60368e+06
511 1.60368e+06
512 1.60373e+06
513 1.60389e+06
514 1.60393e+06
515 1.60402e+06
516 1.60414e+06
517 1.60426e+06
518 1.60434e+06
519 1.60439e+06
520 1.60456e+06
521 1.60463e+06
522 1.60465e+06
523 1.60474e+06
524 1.60477e+06
525 1.60484e+06
526 1.60487e+06
527 1.60492e+06
528 1.60494e+06
529 1.60496e+06
530 1.60503e+06
531 1.60514e+06
532 1.60515e+06
533 1.60521e+06
534 1.60528e+06
535 1.60538e+06
536 1.60542e+06
537 1.60542e+06
538 1.60549e+06
539 1.6056e+06
540 1.60567e+06
541 1.60574e+06
542 1.6058e+06
543 1.60586e+06
544 1.60589e+06
545 1.60591e+06
546 1.60591e+06
547 1.60596e+06
548 1.606e+06
549 1.60608e+06
550 1.60607e+06
551 1.60612e+06
552 1.60625e+06
553 1.60628e+06
554 1.60634e+06
555 1.6064e+06
556 1.60647e+06
557 1.60648e+06
558 1.60652e+06
559 1.60657e+06
560 1.60663e+06
561 1.60668e+06
562 1.60688e+06
563 1.60695e+06
564 1.607e+06
565 1.60704e+06
566 1.6071e+06
567 1.60715e+06
568 1.60714e+06
569 1.60719e+06
570 1.60722e+06
571 1.60725e+06
572 1.60728e+06
573 1.60731e+06
574 1.60737e+06
575 1.60737e+06
576 1.60744e+06
577 1.60748e+06
578 1.60749e+06
579 1.60759e+06
580 1.60764e+06
581 1.60772e+06
582 1.60783e+06
583 1.60785e+06
584 1.60788e+06
585 1.60792e+06
586 1.60805e+06
587 1.60815e+06
588 1.60818e+06
589 1.60823e+06
590 1.60825e+06
591 1.60828e+06
592 1.60837e+06
593 1.60838e+06
594 1.60846e+06
595 1.60855e+06
596 1.60858e+06
597 1.60863e+06
598 1.60868e+06
599 1.60874e+06
600 1.60878e+06
601 1.60893e+06
602 1.60902e+06
603 1.60907e+06
604 1.60912e+06
605 1.60913e+06
606 1.60916e+06
607 1.60927e+06
608 1.60928e+06
609 1.60931e+06
610 1.60936e+06
611 1.60939e+06
612 1.60943e+06
613 1.60945e+06
614 1.60946e+06
615 1.60956e+06
616 1.60966e+06
617 1.60975e+06
618 1.60992e+06
619 1.60995e+06
620 1.61003e+06
621 1.61002e+06
622 1.61008e+06
623 1.61014e+06
624 1.61019e+06
625 1.61026e+06
626 1.6103e+06
627 1.61031e+06
628 1.61039e+06
629 1.61047e+06
630 1.61055e+06
631 1.61065e+06
632 1.61065e+06
633 1.61081e+06
634 1.61084e+06
635 1.61084e+06
636 1.61086e+06
637 1.61088e+06
638 1.61091e+06
639 1.61103e+06
640 1.61108e+06
641 1.61109e+06
642 1.61118e+06
643 1.61124e+06
644 1.61125e+06
645 1.61135e+06
646 1.61148e+06
647 1.61151e+06
648 1.61156e+06
649 1.61158e+06
650 1.6117e+06
651 1.6117e+06
652 1.61174e+06
653 1.6118e+06
654 1.6118e+06
655 1.61191e+06
656 1.61196e+06
657 1.61198e+06
658 1.61199e+06
659 1.61204e+06
660 1.61212e+06
661 1.61217e+06
662 1.61226e+06
663 1.61231e+06
664 1.61235e+06
665 1.6124e+06
666 1.61244e+06
667 1.6125e+06
668 1.61255e+06
669 1.61258e+06
670 1.61262e+06
671 1.61269e+06
672 1.61272e+06
673 1.61276e+06
674 1.61277e+06
675 1.61278e+06
676 1.61288e+06
677 1.61303e+06
678 1.61308e+06
679 1.61305e+06
680 1.61307e+06
681 1.6132e+06
682 1.61325e+06
683 1.61329e+06
684 1.61331e+06
685 1.61334e+06
686 1.61341e+06
687 1.61346e+06
688 1.61359e+06
689 1.61361e+06
690 1.61365e+06
691 1.61372e+06
692 1.61373e+06
693 1.61376e+06
694 1.61376e+06
695 1.61379e+06
696 1.61387e+06
697 1.61393e+06
698 1.61395e+06
699 1.61395e+06
700 1.614e+06
701 1.61412e+06
702 1.61419e+06
703 1.61425e+06
704 1.61435e+06
705 1.61441e+06
706 1.61444e+06
707 1.61446e+06
708 1.61448e+06
709 1.61457e+06
710 1.61469e+06
711 1.61472e+06
712 1.61477e+06
713 1.61481e+06
714 1.61491e+06
715 1.61501e+06
716 1.61504e+06
717 1.61511e+06
718 1.61515e+06
719 1.61515e+06
720 1.61518e+06
721 1.61523e+06
722 1.61528e+06
723 1.61534e+06
724 1.6154e+06
725 1.61545e+06
726 1.61546e+06
727 1.61546e+06
728 1.61555e+06
729 1.61558e+06
730 1.61558e+06
731 1.61561e+06
732 1.61563e+06
733 1.61567e+06
734 1.61566e+06
735 1.6157e+06
736 1.61571e+06
737 1.6158e+06
738 1.61582e+06
739 1.61589e+06
740 1.61593e+06
741 1.61598e+06
742 1.61608e+06
743 1.61612e+06
744 1.61618e+06
745 1.61639e+06
746 1.61645e+06
747 1.61646e+06
748 1.61647e+06
749 1.6165e+06
750 1.61662e+06
751 1.61666e+06
752 1.61666e+06
753 1.61674e+06
754 1.61674e+06
755 1.61676e+06
756 1.61677e+06
757 1.61676e+06
758 1.6168e+06
759 1.61679e+06
760 1.61682e+06
761 1.61682e+06
762 1.61687e+06
763 1.61686e+06
764 1.61686e+06
765 1.61686e+06
766 1.6169e+06
767 1.61692e+06
768 1.61697e+06
769 1.61705e+06
770 1.61707e+06
771 1.6171e+06
772 1.61715e+06
773 1.61716e+06
774 1.61722e+06
775 1.61727e+06
776 1.61731e+06
777 1.61738e+06
778 1.61739e+06
779 1.61742e+06
780 1.61747e+06
781 1.61757e+06
782 1.6176e+06
783 1.61772e+06
784 1.61776e+06
785 1.61783e+06
786 1.6179e+06
787 1.61804e+06
788 1.61813e+06
789 1.61813e+06
790 1.61815e+06
791 1.61818e+06
792 1.61824e+06
793 1.61829e+06
794 1.61843e+06
795 1.61855e+06
796 1.61857e+06
797 1.6187e+06
798 1.61877e+06
799 1.61879e+06
800 1.61885e+06
801 1.6189e+06
802 1.61893e+06
803 1.61895e+06
804 1.61905e+06
805 1.61906e+06
806 1.61914e+06
807 1.61919e+06
808 1.61922e+06
809 1.61923e+06
810 1.61936e+06
811 1.61946e+06
812 1.61953e+06
813 1.61957e+06
814 1.61959e+06
815 1.61958e+06
816 1.61971e+06
817 1.61976e+06
818 1.61984e+06
819 1.6199e+06
820 1.61989e+06
821 1.61994e+06
822 1.61996e+06
823 1.62011e+06
824 1.62016e+06
825 1.62021e+06
826 1.6203e+06
827 1.62041e+06
828 1.62047e+06
829 1.62052e+06
830 1.62054e+06
831 1.62064e+06
832 1.62071e+06
833 1.62078e+06
834 1.62081e+06
835 1.62094e+06
836 1.62098e+06
837 1.62106e+06
838 1.62109e+06
839 1.62116e+06
840 1.62118e+06
841 1.62124e+06
842 1.62123e+06
843 1.62136e+06
844 1.62149e+06
845 1.62154e+06
846 1.62153e+06
847 1.62154e+06
848 1.62157e+06
849 1.62163e+06
850 1.62168e+06
851 1.62172e+06
852 1.62176e+06
853 1.62184e+06
854 1.62186e+06
855 1.62188e+06
856 1.62191e+06
857 1.62193e+06
858 1.62197e+06
859 1.62198e+06
860 1.6221e+06
861 1.62217e+06
862 1.62224e+06
863 1.62224e+06
864 1.62228e+06
865 1.6223e+06
866 1.62231e+06
867 1.6224e+06
868 1.62241e+06
869 1.62241e+06
870 1.62245e+06
871 1.62268e+06
872 1.62287e+06
873 1.6229e+06
874 1.62292e+06
875 1.62293e+06
876 1.62294e+06
877 1.62302e+06
878 1.62307e+06
879 1.6231e+06
880 1.62316e+06
881 1.62322e+06
882 1.62323e+06
883 1.62326e+06
884 1.62328e+06
885 1.6233e+06
886 1.62335e+06
887 1.62355e+06
888 1.62362e+06
889 1.62366e+06
890 1.62368e+06
891 1.62374e+06
892 1.62375e+06
893 1.62378e+06
894 1.62378e+06
895 1.62379e+06
896 1.62378e+06
897 1.62386e+06
898 1.62395e+06
899 1.62405e+06
900 1.62406e+06
901 1.62411e+06
902 1.62417e+06
903 1.62421e+06
904 1.62425e+06
905 1.62432e+06
906 1.62438e+06
907 1.62438e+06
908 1.62442e+06
909 1.62445e+06
910 1.62447e+06
911 1.6246e+06
912 1.62467e+06
913 1.62469e+06
914 1.62471e+06
915 1.62474e+06
916 1.6248e+06
917 1.62482e+06
918 1.625e+06
919 1.62507e+06
920 1.62513e+06
921 1.62513e+06
922 1.62521e+06
923 1.62524e+06
924 1.62525e+06
925 1.62525e+06
926 1.62532e+06
927 1.62532e+06
928 1.62539e+06
929 1.62545e+06
930 1.6255e+06
931 1.62556e+06
932 1.62561e+06
933 1.62561e+06
934 1.62567e+06
935 1.62571e+06
936 1.62585e+06
937 1.62589e+06
938 1.62594e+06
939 1.62598e+06
940 1.62627e+06
941 1.62637e+06
942 1.6265e+06
943 1.62654e+06
944 1.62662e+06
945 1.6267e+06
946 1.62681e+06
947 1.6269e+06
948 1.6269e+06
949 1.62697e+06
950 1.62701e+06
951 1.62705e+06
952 1.62708e+06
953 1.62713e+06
954 1.62718e+06
955 1.62729e+06
956 1.62731e+06
957 1.6273e+06
958 1.62741e+06
959 1.62749e+06
960 1.62759e+06
961 1.62764e+06
962 1.62767e+06
963 1.62767e+06
964 1.62771e+06
965 1.62773e+06
966 1.62777e+06
967 1.62782e+06
968 1.62788e+06
969 1.62793e+06
970 1.62796e+06
971 1.62802e+06
972 1.62806e+06
973 1.62806e+06
974 1.6282e+06
975 1.62823e+06
976 1.62836e+06
977 1.62838e+06
978 1.62848e+06
979 1.62852e+06
980 1.62856e+06
981 1.62861e+06
982 1.62873e+06
983 1.62874e+06
984 1.62873e+06
985 1.6288e+06
986 1.62888e+06
987 1.62893e+06
988 1.62897e+06
989 1.62898e+06
990 1.62908e+06
991 1.62915e+06
992 1.6292e+06
993 1.62921e+06
994 1.62922e+06
995 1.6294e+06
996 1.62953e+06
997 1.62955e+06
998 1.62957e+06
999 1.62958e+06
1000 1.62964e+06
