128 0.3 0.499
0 156776
1 1.56778e+06
2 1.56789e+06
3 1.56798e+06
4 1.56805e+06
5 1.56811e+06
6 1.56822e+06
7 1.56836e+06
8 1.56844e+06
9 1.56852e+06
10 1.56865e+06
11 1.56877e+06
12 1.569e+06
13 1.56921e+06
14 1.56929e+06
15 1.56943e+06
16 1.56948e+06
17 1.56953e+06
18 1.5696e+06
19 1.5696e+06
20 1.56983e+06
21 1.56987e+06
22 1.56993e+06
23 1.56998e+06
24 1.57009e+06
25 1.57013e+06
26 1.57018e+06
27 1.57042e+06
28 1.5705e+06
29 1.57062e+06
30 1.57087e+06
31 1.57087e+06
32 1.57121e+06
33 1.57123e+06
34 1.57126e+06
35 1.57133e+06
36 1.57156e+06
37 1.57161e+06
38 1.57186e+06
39 1.57202e+06
40 1.57202e+06
41 1.5722e+06
42 1.57227e+06
43 1.57233e+06
44 1.57245e+06
45 1.57248e+06
46 1.57254e+06
47 1.57266e+06
48 1.57288e+06
49 1.57292e+06
50 1.57308e+06
51 1.57316e+06
52 1.57325e+06
53 1.57331e+06
54 1.5734e+06
55 1.57346e+06
56 1.57348e+06
57 1.57356e+06
58 1.57368e+06
59 1.57385e+06
60 1.57392e+06
61 1.57404e+06
62 1.57405e+06
63 1.57415e+06
64 1.57425e+06
65 1.57435e+06
66 1.57447e+06
67 1.57458e+06
68 1.57461e+06
69 1.57465e+06
70 1.57468e+06
71 1.57475e+06
72 1.57483e+06
73 1.575e+06
74 1.57512e+06
75 1.57513e+06
76 1.57519e+06
77 1.57522e+06
78 1.57524e+06
79 1.5753e+06
80 1.57546e+06
81 1.57558e+06
82 1.57568e+06
83 1.57572e+06
84 1.57573e+06
85 1.5758e+06
86 1.57587e+06
87 1.576e+06
88 1.57604e+06
89 1.57617e+06
90 1.57625e+06
91 1.57634e+06
92 1.57636e+06
93 1.57644e+06
94 1.57658e+06
95 1.57668e+06
96 1.57676e+06
97 1.57685e+06
98 1.57692e+06
99 1.577e+06
100 1.57726e+06
101 1.5774e+06
102 1.57744e+06
103 1.57762e+06
104 1.5777e+06
105 1.57776e+06
106 1.57781e+06
107 1.57798e+06
108 1.578e+06
109 1.57814e+06
110 1.57825e+06
111 1.5784e+06
112 1.57846e+06
113 1.57862e+06
114 1.57872e+06
115 1.57877e+06
116 1.57881e+06
117 1.57887e+06
118 1.57892e+06
119 1.57905e+06
120 1.57916e+06
121 1.57923e+06
122 1.57929e+06
123 1.57931e+06
124 1.57944e+06
125 1.57952e+06
126 1.57956e+06
127 1.57964e+06
128 1.57966e+06
129 1.57975e+06
130 1.57978e+06
131 1.5798e+06
132 1.57985e+06
133 1.57999e+06
134 1.58002e+06
135 1.58012e+06
136 1.58024e+06
137 1.58033e+06
138 1.5804e+06
139 1.58049e+06
140 1.58058e+06
141 1.58068e+06
142 1.58072e+06
143 1.58075e+06
144 1.58082e+06
145 1.5809e+06
146 1.58098e+06
147 1.58106e+06
148 1.58112e+06
149 1.5812e+06
150 1.58122e+06
151 1.58141e+06
152 1.5815e+06
153 1.58176e+06
154 1.58178e+06
155 1.58191e+06
156 1.58194e+06
157 1.58203e+06
158 1.58206e+06
159 1.58214e+06
160 1.58214e+06
161 1.5822e+06
162 1.58223e+06
163 1.58223e+06
164 1.5823e+06
165 1.58231e+06
166 1.58242e+06
167 1.58254e+06
168 1.58261e+06
169 1.58274e+06
170 1.58284e+06
171 1.58297e+06
172 1.58305e+06
173 1.58317e+06
174 1.58321e+06
175 1.58326e+06
176 1.58332e+06
177 1.58336e+06
178 1.58337e+06
179 1.58344e+06
180 1.58349e+06
181 1.58364e+06
182 1.58366e+06
183 1.58367e+06
184 1.58373e+06
185 1.58378e+06
186 1.58396e+06
187 1.58402e+06
188 1.58404e+06
189 1.58415e+06
190 1.5842e+06
191 1.58424e+06
192 1.58443e+06
193 1.58449e+06
194 1.58464e+06
195 1.58485e+06
196 1.58501e+06
197 1.58501e+06
198 1.58504e+06
199 1.58509e+06
200 1.58511e+06
201 1.58516e+06
202 1.58519e+06
203 1.58534e+06
204 1.58535e+06
205 1.58543e+06
206 1.5855e+06
207 1.58555e+06
208 1.58559e+06
209 1.58565e+06
210 1.58579e+06
211 1.58588e+06
212 1.58606e+06
213 1.58617e+06
214 1.58622e+06
215 1.58634e+06
216 1.58648e+06
217 1.58655e+06
218 1.58662e+06
219 1.58677e+06
220 1.58682e+06
221 1.58695e+06
222 1.58709e+06
223 1.5871e+06
224 1.58712e+06
225 1.58715e+06
226 1.58728e+06
227 1.58731e+06
228 1.58739e+06
229 1.58751e+06
230 1.58771e+06
231 1.58776e+06
232 1.58786e+06
233 1.58788e+06
234 1.58793e+06
235 1.58798e+06
236 1.588e+06
237 1.58807e+06
238 1.58812e+06
239 1.58816e+06
240 1.58824e+06
241 1.58828e+06
242 1.58834e+06
243 1.58846e+06
244 1.58848e+06
245 1.58858e+06
246 1.58866e+06
247 1.58874e+06
248 1.58875e+06
249 1.58879e+06
250 1.58895e+06
251 1.58898e+06
252 1.58906e+06
253 1.58916e+06
254 1.58922e+06
255 1.58927e+06
256 1.58928e+06
257 1.58934e+06
258 1.58948e+06
259 1.58953e+06
260 1.58953e+06
261 1.58969e+06
262 1.58986e+06
263 1.5899e+06
264 1.58994e+06
265 1.58998e+06
266 1.59006e+06
267 1.59014e+06
268 1.59015e+06
269 1.5902e+06
270 1.59025e+06
271 1.59032e+06
272 1.5904e+06
273 1.59045e+06
274 1.59048e+06
275 1.59058e+06
276 1.5906e+06
277 1.5906e+06
278 1.59067e+06
279 1.59067e+06
280 1.59072e+06
281 1.59076e+06
282 1.59077e+06
283 1.5908e+06
284 1.59084e+06
285 1.59095e+06
286 1.59104e+06
287 1.5911e+06
288 1.59118e+06
289 1.59125e+06
290 1.59136e+06
291 1.59148e+06
292 1.59166e+06
293 1.5917e+06
294 1.59182e+06
295 1.59187e+06
296 1.59197e+06
297 1.59201e+06
298 1.5921e+06
299 1.59214e+06
300 1.59218e+06
301 1.59242e+06
302 1.5925e+06
303 1.59273e+06
304 1.59274e+06
305 1.5928e+06
306 1.5928e+06
307 1.59291e+06
308 1.5929e+06
309 1.59299e+06
310 1.59304e+06
311 1.59321e+06
312 1.59326e+06
313 1.59339e+06
314 1.59345e+06
315 1.59348e+06
316 1.59354e+06
317 1.59362e+06
318 1.59365e+06
319 1.59374e+06
320 1.59376e+06
321 1.59384e+06
322 1.5939e+06
323 1.59396e+06
324 1.59402e+06
325 1.59405e+06
326 1.59413e+06
327 1.5943e+06
328 1.59435e+06
329 1.59447e+06
330 1.59462e+06
331 1.59468e+06
332 1.59469e+06
333 1.59485e+06
334 1.59492e+06
335 1.59497e+06
336 1.59502e+06
337 1.59511e+06
338 1.59515e+06
339 1.5952e+06
340 1.59528e+06
341 1.59537e+06
342 1.59538e+06
343 1.59544e+06
344 1.5956e+06
345 1.5956e+06
346 1.59563e+06
347 1.59564e+06
348 1.59573e+06
349 1.59593e+06
350 1.59601e+06
351 1.59607e+06
352 1.59618e+06
353 1.59622e+06
354 1.59627e+06
355 1.59629e+06
356 1.59635e+06
357 1.59636e+06
358 1.59642e+06
359 1.59644e+06
360 1.59649e+06
361 1.59657e+06
362 1.5966e+06
363 1.59662e+06
364 1.59664e+06
365 1.59677e+06
366 1.59681e+06
367 1.59684e+06
368 1.59695e+06
369 1.59695e+06
370 1.59712e+06
371 1.59717e+06
372 1.59717e+06
373 1.59719e+06
374 1.59725e+06
375 1.59729e+06
376 1.59736e+06
377 1.59742e+06
378 1.59754e+06
379 1.59758e+06
380 1.59765e+06
381 1.59765e+06
382 1.59787e+06
383 1.59793e+06
384 1.59794e+06
385 1.59802e+06
386 1.59809e+06
387 1.59813e+06
388 1.59815e+06
389 1.59815e+06
390 1.5982e+06
391 1.59824e+06
392 1.59829e+06
393 1.59831e+06
394 1.59836e+06
395 1.59853e+06
396 1.59853e+06
397 1.59866e+06
398 1.59868e+06
399 1.59879e+06
400 1.59885e+06
401 1.59895e+06
402 1.59896e+06
403 1.59897e+06
404 1.59905e+06
405 1.5991e+06
406 1.59913e+06
407 1.59928e+06
408 1.5993e+06
409 1.59931e+06
410 1.59932e+06
411 1.59942e+06
412 1.59945e+06
413 1.59955e+06
414 1.59966e+06
415 1.59969e+06
416 1.5997e+06
417 1.59977e+06
418 1.59986e+06
419 1.59993e+06
420 1.60003e+06
421 1.60008e+06
422 1.60015e+06
423 1.60023e+06
424 1.60033e+06
425 1.60033e+06
426 1.60039e+06
427 1.60052e+06
428 1.60055e+06
429 1.60056e+06
430 1.60064e+06
431 1.60077e+06
432 1.60084e+06
433 1.60087e+06
434 1.60091e+06
435 1.60094e+06
436 1.60105e+06
437 1.60108e+06
438 1.60113e+06
439 1.6012e+06
440 1.60124e+06
441 1.60146e+06
442 1.60149e+06
443 1.60159e+06
444 1.60166e+06
445 1.60174e+06
446 1.60178e+06
447 1.60195e+06
448 1.60197e+06
449 1.60211e+06
450 1.60213e+06
451 1.60218e+06
452 1.60224e+06
453 1.60228e+06
454 1.60231e+06
455 1.60234e+06
456 1.60239e+06
457 1.60242e+06
458 1.60249e+06
459 1.6025e+06
460 1.60259e+06
461 1.60261e+06
462 1.60263e+06
463 1.60269e+06
464 1.60274e+06
465 1.60277e+06
466 1.60282e+06
467 1.60285e+06
468 1.60286e+06
469 1.60289e+06
470 1.60296e+06
471 1.6032e+06
472 1.60326e+06
473 1.60331e+06
474 1.60338e+06
475 1.60352e+06
476 1.60365e+06
477 1.6037e+06
478 1.60376e+06
479 1.60384e+06
480 1.60393e+06
481 1.60399e+06
482 1.6041e+06
483 1.60418e+06
484 1.60428e+06
485 1.60439e+06
486 1.6045e+06
487 1.60462e+06
488 1.60471e+06
489 1.60472e+06
490 1.60476e+06
491 1.60483e+06
492 1.60489e+06
493 1.60507e+06
494 1.60507e+06
495 1.60513e+06
496 1.60518e+06
497 1.6053e+06
498 1.60542e+06
499 1.60547e+06
500 1.60553e+06
501 1.60557e+06
502 1.60557e+06
503 1.60582e+06
504 1.60582e+06
505 1.6059e+06
506 1.60598e+06
507 1.606e+06
508 1.60602e+06
509 1.60603e+06
510 1.60608e+06
511 1.60612e+06
512 1.6062e+06
513 1.60636e+06
514 1.6064e+06
515 1.60647e+06
516 1.60654e+06
517 1.60656e+06
518 1.60657e+06
519 1.60666e+06
520 1.6068e+06
521 1.60688e+06
522 1.60688e+06
523 1.60698e+06
524 1.60705e+06
525 1.60712e+06
526 1.60714e+06
527 1.60724e+06
528 1.60734e+06
529 1.6075e+06
530 1.60753e+06
531 1.60761e+06
532 1.60765e+06
533 1.60766e+06
534 1.6077e+06
535 1.60774e+06
536 1.60781e+06
537 1.6079e+06
538 1.60795e+06
539 1.60798e+06
540 1.60798e+06
541 1.60802e+06
542 1.60807e+06
543 1.60813e+06
544 1.60814e+06
545 1.6082e+06
546 1.60825e+06
547 1.60834e+06
548 1.60839e+06
549 1.60858e+06
550 1.60868e+06
551 1.60876e+06
552 1.60882e+06
553 1.609e+06
554 1.6091e+06
555 1.60926e+06
556 1.60941e+06
557 1.60944e+06
558 1.60945e+06
559 1.60947e+06
560 1.60957e+06
561 1.6096e+06
562 1.60963e+06
563 1.60978e+06
564 1.6098e+06
565 1.6098e+06
566 1.60982e+06
567 1.60984e+06
568 1.60994e+06
569 1.60998e+06
570 1.61001e+06
571 1.61006e+06
572 1.61008e+06
573 1.61014e+06
574 1.61026e+06
575 1.61034e+06
576 1.61039e+06
577 1.61048e+06
578 1.61055e+06
579 1.61058e+06
580 1.61062e+06
581 1.61075e+06
582 1.61078e+06
583 1.61082e+06
584 1.61095e+06
585 1.61099e+06
586 1.61106e+06
587 1.61113e+06
588 1.6112e+06
589 1.61123e+06
590 1.61129e+06
591 1.61134e+06
592 1.61148e+06
593 1.61155e+06
594 1.61161e+06
595 1.61165e+06
596 1.6117e+06
597 1.61171e+06
598 1.61186e+06
599 1.61192e+06
600 1.61205e+06
601 1.61205e+06
602 1.6122e+06
603 1.61226e+06
604 1.61226e+06
605 1.61226e+06
606 1.61232e+06
607 1.61236e+06
608 1.61239e+06
609 1.61242e+06
610 1.61252e+06
611 1.61258e+06
612 1.61263e+06
613 1.61266e+06
614 1.61274e+06
615 1.61278e+06
616 1.61281e+06
617 1.61283e+06
618 1.61286e+06
619 1.61298e+06
620 1.61303e+06
621 1.61304e+06
622 1.6131e+06
623 1.61314e+06
624 1.61324e+06
625 1.61329e+06
626 1.6133e+06
627 1.61335e+06
628 1.61336e+06
629 1.6135e+06
630 1.61356e+06
631 1.61367e+06
632 1.61375e+06
633 1.61376e+06
634 1.61378e+06
635 1.61382e+06
636 1.61382e+06
637 1.61385e+06
638 1.6139e+06
639 1.61404e+06
640 1.61408e+06
641 1.6141e+06
642 1.61411e+06
643 1.61412e+06
644 1.61414e+06
645 1.6142e+06
646 1.6143e+06
647 1.61436e+06
648 1.6144e+06
649 1.61441e+06
650 1.61446e+06
651 1.6145e+06
652 1.61451e+06
653 1.61466e+06
654 1.61467e+06
655 1.6147e+06
656 1.61474e+06
657 1.61481e+06
658 1.6149e+06
659 1.61498e+06
660 1.61498e+06
661 1.61514e+06
662 1.61519e+06
663 1.61532e+06
664 1.61544e+06
665 1.61547e+06
666 1.6155e+06
667 1.61554e+06
668 1.61562e+06
669 1.61569e+06
670 1.61577e+06
671 1.61578e+06
672 1.61581e+06
673 1.61584e+06
674 1.61593e+06
675 1.61611e+06
676 1.61621e+06
677 1.61628e+06
678 1.6164e+06
679 1.61645e+06
680 1.61645e+06
681 1.61654e+06
682 1.61661e+06
683 1.61666e+06
684 1.61671e+06
685 1.61681e+06
686 1.61682e+06
687 1.61684e+06
688 1.61688e+06
689 1.61692e+06
690 1.61707e+06
691 1.61708e+06
692 1.61711e+06
693 1.61716e+06
694 1.61718e+06
695 1.6172e+06
696 1.61727e+06
697 1.6173e+06
698 1.61738e+06
699 1.61744e+06
700 1.61752e+06
701 1.61755e+06
702 1.61758e+06
703 1.6176e+06
704 1.61764e+06
705 1.61771e+06
706 1.61775e+06
707 1.61776e+06
708 1.61778e+06
709 1.61785e+06
710 1.61787e+06
711 1.61794e+06
712 1.61805e+06
713 1.61807e+06
714 1.61809e+06
715 1.61822e+06
716 1.61831e+06
717 1.61836e+06
718 1.6184e+06
719 1.61845e+06
720 1.6185e+06
721 1.61854e+06
722 1.61857e+06
723 1.61863e+06
724 1.61866e+06
725 1.6187e+06
726 1.61899e+06
727 1.61905e+06
728 1.61906e+06
729 1.61906e+06
730 1.61906e+06
731 1.6191e+06
732 1.61916e+06
733 1.61922e+06
734 1.61928e+06
735 1.6193e+06
736 1.6193e+06
737 1.61933e+06
738 1.61933e+06
739 1.6194e+06
740 1.61947e+06
741 1.61952e+06
742 1.61956e+06
743 1.6196e+06
744 1.6196e+06
745 1.61967e+06
746 1.61975e+06
747 1.61982e+06
748 1.61994e+06
749 1.62e+06
750 1.62003e+06
751 1.62009e+06
752 1.62012e+06
753 1.62029e+06
754 1.62035e+06
755 1.62043e+06
756 1.62046e+06
757 1.62048e+06
758 1.62055e+06
759 1.62072e+06
760 1.62079e+06
761 1.6209e+06
762 1.6209e+06
763 1.62093e+06
764 1.62095e+06
765 1.62095e+06
766 1.6211e+06
767 1.62113e+06
768 1.62119e+06
769 1.62124e+06
770 1.62132e+06
771 1.62133e+06
772 1.62142e+06
773 1.62148e+06
774 1.62149e+06
775 1.62151e+06
776 1.62159e+06
777 1.6216e+06
778 1.62169e+06
779 1.62174e+06
780 1.6219e+06
781 1.62196e+06
782 1.622e+06
783 1.6221e+06
784 1.62216e+06
785 1.62233e+06
786 1.62241e+06
787 1.62249e+06
788 1.62251e+06
789 1.62262e+06
790 1.6227e+06
791 1.62278e+06
792 1.62284e+06
793 1.6229e+06
794 1.62298e+06
795 1.62302e+06
796 1.62321e+06
797 1.62325e+06
798 1.62326e+06
799 1.62327e+06
800 1.62329e+06
801 1.62332e+06
802 1.62338e+06
803 1.62348e+06
804 1.6235e+06
805 1.6235e+06
806 1.62354e+06
807 1.62365e+06
808 1.62377e+06
809 1.62379e+06
810 1.62379e+06
811 1.62379e+06
812 1.62384e+06
813 1.62385e+06
814 1.62395e+06
815 1.62401e+06
816 1.62401e+06
817 1.62404e+06
818 1.62409e+06
819 1.62424e+06
820 1.62432e+06
821 1.62437e+06
822 1.62443e+06
823 1.62449e+06
824 1.6245e+06
825 1.6245e+06
826 1.62453e+06
827 1.62453e+06
828 1.6246e+06
829 1.62465e+06
830 1.62473e+06
831 1.62483e+06
832 1.62482e+06
833 1.62486e+06
834 1.62486e+06
835 1.62495e+06
836 1.62495e+06
837 1.62513e+06
838 1.62514e+06
839 1.62521e+06
840 1.62532e+06
841 1.62538e+06
842 1.62546e+06
843 1.62546e+06
844 1.62556e+06
845 1.62568e+06
846 1.62578e+06
847 1.62584e+06
848 1.62587e+06
849 1.62597e+06
850 1.62602e+06
851 1.62602e+06
852 1.62606e+06
853 1.62606e+06
854 1.62616e+06
855 1.62621e+06
856 1.62627e+06
857 1.62632e+06
858 1.62633e+06
859 1.62642e+06
860 1.62645e+06
861 1.62645e+06
862 1.62648e+06
863 1.6265e+06
864 1.62653e+06
865 1.62657e+06
866 1.62657e+06
867 1.62662e+06
868 1.62668e+06
869 1.62675e+06
870 1.62687e+06
871 1.62687e+06
872 1.62688e+06
873 1.6269e+06
874 1.627e+06
875 1.627e+06
876 1.62703e+06
877 1.62704e+06
878 1.62704e+06
879 1.62711e+06
880 1.62712e+06
881 1.62715e+06
882 1.62724e+06
883 1.62729e+06
884 1.62731e+06
885 1.62742e+06
886 1.62749e+06
887 1.62749e+06
888 1.62755e+06
889 1.62757e+06
890 1.6276e+06
891 1.62764e+06
892 1.62764e+06
893 1.62772e+06
894 1.62774e+06
895 1.62774e+06
896 1.62776e+06
897 1.62777e+06
898 1.62793e+06
899 1.62796e+06
900 1.62803e+06
901 1.62812e+06
902 1.62819e+06
903 1.62826e+06
904 1.62832e+06
905 1.62839e+06
906 1.62841e+06
907 1.62842e+06
908 1.62848e+06
909 1.62852e+06
910 1.62856e+06
911 1.62864e+06
912 1.62866e+06
913 1.62867e+06
914 1.62874e+06
915 1.62876e+06
916 1.62878e+06
917 1.62881e+06
918 1.62882e+06
919 1.62882e+06
920 1.62884e+06
921 1.62888e+06
922 1.62901e+06
923 1.62902e+06
924 1.62902e+06
925 1.62905e+06
926 1.62911e+06
927 1.62917e+06
928 1.62924e+06
929 1.6293e+06
930 1.62935e+06
931 1.62943e+06
932 1.62947e+06
933 1.62948e+06
934 1.62951e+06
935 1.62957e+06
936 1.62966e+06
937 1.62972e+06
938 1.62973e+06
939 1.62978e+06
940 1.62982e+06
941 1.62987e+06
942 1.62988e+06
943 1.62988e+06
944 1.62988e+06
945 1.62991e+06
946 1.62992e+06
947 1.62995e+06
948 1.63007e+06
949 1.6301e+06
950 1.6301e+06
951 1.63016e+06
952 1.6302e+06
953 1.63022e+06
954 1.63026e+06
955 1.63029e+06
956 1.63032e+06
957 1.63039e+06
958 1.6304e+06
959 1.63042e+06
960 1.63052e+06
961 1.63063e+06
962 1.6307e+06
963 1.63074e+06
964 1.63075e+06
965 1.63085e+06
966 1.63087e+06
967 1.6309e+06
968 1.63091e+06
969 1.63094e+06
970 1.63096e+06
971 1.63104e+06
972 1.63106e+06
973 1.63107e+06
974 1.6311e+06
975 1.63115e+06
976 1.63122e+06
977 1.63127e+06
978 1.63137e+06
979 1.63145e+06
980 1.6315e+06
981 1.6316e+06
982 1.63168e+06
983 1.6317e+06
984 1.63171e+06
985 1.63171e+06
986 1.63184e+06
987 1.63188e+06
988 1.63191e+06
989 1.63193e+06
990 1.63199e+06
991 1.63216e+06
992 1.63218e+06
993 1.63228e+06
994 1.63244e+06
995 1.63247e+06
996 1.63252e+06
997 1.63254e+06
998 1.6326e+06
999 1.63263e+06
1000 1.63265e+06
