128 0.3 0.222
0 156776
1 1.56781e+06
2 1.56794e+06
3 1.56802e+06
4 1.56819e+06
5 1.56827e+06
6 1.56833e+06
7 1.56842e+06
8 1.56852e+06
9 1.56859e+06
10 1.56876e+06
11 1.56882e+06
12 1.5689e+06
13 1.56908e+06
14 1.56929e+06
15 1.56939e+06
16 1.56948e+06
17 1.56966e+06
18 1.5698e+06
19 1.56989e+06
20 1.56992e+06
21 1.56994e+06
22 1.57009e+06
23 1.57014e+06
24 1.57017e+06
25 1.57026e+06
26 1.57029e+06
27 1.57045e+06
28 1.57056e+06
29 1.57073e+06
30 1.57077e+06
31 1.57095e+06
32 1.57104e+06
33 1.5711e+06
34 1.57121e+06
35 1.5713e+06
36 1.57136e+06
37 1.57152e+06
38 1.5716e+06
39 1.57168e+06
40 1.5717e+06
41 1.57186e+06
42 1.5719e+06
43 1.57199e+06
44 1.57214e+06
45 1.57226e+06
46 1.57234e+06
47 1.57246e+06
48 1.5726e+06
49 1.57272e+06
50 1.57282e+06
51 1.57295e+06
52 1.57301e+06
53 1.57308e+06
54 1.57319e+06
55 1.57328e+06
56 1.57338e+06
57 1.57342e+06
58 1.57344e+06
59 1.5736e+06
60 1.57363e+06
61 1.5737e+06
62 1.57384e+06
63 1.57397e+06
64 1.57402e+06
65 1.57405e+06
66 1.57427e+06
67 1.57429e+06
68 1.57441e+06
69 1.57457e+06
70 1.57466e+06
71 1.5747e+06
72 1.57485e+06
73 1.57486e+06
74 1.5749e+06
75 1.57498e+06
76 1.57503e+06
77 1.57505e+06
78 1.57513e+06
79 1.57522e+06
80 1.57546e+06
81 1.57554e+06
82 1.57566e+06
83 1.57581e+06
84 1.57586e+06
85 1.57591e+06
86 1.57606e+06
87 1.57612e+06
88 1.57649e+06
89 1.57658e+06
90 1.57659e+06
91 1.57667e+06
92 1.57695e+06
93 1.57699e+06
94 1.57701e+06
95 1.57705e+06
96 1.57716e+06
97 1.57719e+06
98 1.57719e+06
99 1.57719e+06
100 1.57724e+06
101 1.57731e+06
102 1.57747e+06
103 1.57764e+06
104 1.57777e+06
105 1.5779e+06
106 1.57803e+06
107 1.57808e+06
108 1.57825e+06
109 1.5783e+06
110 1.5784e+06
111 1.57842e+06
112 1.57848e+06
113 1.57859e+06
114 1.57872e+06
115 1.57878e+06
116 1.57885e+06
117 1.57892e+06
118 1.57895e+06
119 1.57902e+06
120 1.57903e+06
121 1.57913e+06
122 1.57926e+06
123 1.5794e+06
124 1.57943e+06
125 1.57957e+06
126 1.57962e+06
127 1.57974e+06
128 1.5798e+06
129 1.58008e+06
130 1.58017e+06
131 1.58028e+06
132 1.58035e+06
133 1.58044e+06
134 1.58054e+06
135 1.58058e+06
136 1.58068e+06
137 1.58099e+06
138 1.58104e+06
139 1.58125e+06
140 1.58128e+06
141 1.58135e+06
142 1.58143e+06
143 1.58157e+06
144 1.58164e+06
145 1.58174e+06
146 1.5819e+06
147 1.58202e+06
148 1.58209e+06
149 1.58218e+06
150 1.58223e+06
151 1.58237e+06
152 1.58245e+06
153 1.58254e+06
154 1.5826e+06
155 1.58268e+06
156 1.5827e+06
157 1.58278e+06
158 1.58286e+06
159 1.58291e+06
160 1.58304e+06
161 1.58316e+06
162 1.5833e+06
163 1.58346e+06
164 1.58347e+06
165 1.58348e+06
166 1.58354e+06
167 1.58362e+06
168 1.58365e+06
169 1.58382e+06
170 1.58386e+06
171 1.58396e+06
172 1.58406e+06
173 1.58416e+06
174 1.5843e+06
175 1.58439e+06
176 1.58441e+06
177 1.5845e+06
178 1.58455e+06
179 1.58461e+06
180 1.58469e+06
181 1.58474e+06
182 1.58484e+06
183 1.58487e+06
184 1.58489e+06
185 1.58498e+06
186 1.58502e+06
187 1.58507e+06
188 1.58522e+06
189 1.58525e+06
190 1.58534e+06
191 1.58547e+06
192 1.58554e+06
193 1.58554e+06
194 1.5856e+06
195 1.58566e+06
196 1.5858e+06
197 1.58584e+06
198 1.58599e+06
199 1.58603e+06
200 1.58612e+06
201 1.58626e+06
202 1.58633e+06
203 1.58636e+06
204 1.58636e+06
205 1.58649e+06
206 1.58656e+06
207 1.58662e+06
208 1.58666e+06
209 1.58666e+06
210 1.58674e+06
211 1.58689e+06
212 1.58699e+06
213 1.58701e+06
214 1.58702e+06
215 1.58709e+06
216 1.58717e+06
217 1.58726e+06
218 1.58741e+06
219 1.58741e+06
220 1.58745e+06
221 1.58747e+06
222 1.5875e+06
223 1.5875e+06
224 1.58754e+06
225 1.58765e+06
226 1.58772e+06
227 1.58772e+06
228 1.58781e+06
229 1.58781e+06
230 1.58781e+06
231 1.58792e+06
232 1.58798e+06
233 1.58802e+06
234 1.58807e+06
235 1.58814e+06
236 1.5882e+06
237 1.58826e+06
238 1.5883e+06
239 1.58838e+06
240 1.58839e+06
241 1.58851e+06
242 1.58866e+06
243 1.58876e+06
244 1.58882e+06
245 1.5889e+06
246 1.58899e+06
247 1.58899e+06
248 1.58904e+06
249 1.58918e+06
250 1.58927e+06
251 1.58942e+06
252 1.58952e+06
253 1.58957e+06
254 1.58965e+06
255 1.58969e+06
256 1.58977e+06
257 1.58984e+06
258 1.59004e+06
259 1.59011e+06
260 1.59011e+06
261 1.59024e+06
262 1.59038e+06
263 1.59049e+06
264 1.59061e+06
265 1.5907e+06
266 1.59079e+06
267 1.59087e+06
268 1.59087e+06
269 1.59088e+06
270 1.59095e+06
271 1.591e+06
272 1.59101e+06
273 1.59107e+06
274 1.59124e+06
275 1.59126e+06
276 1.59131e+06
277 1.59142e+06
278 1.59162e+06
279 1.59165e+06
280 1.59168e+06
281 1.59173e+06
282 1.59174e+06
283 1.59187e+06
284 1.59196e+06
285 1.59202e+06
286 1.59213e+06
287 1.59219e+06
288 1.59221e+06
289 1.59226e+06
290 1.59231e+06
291 1.59232e+06
292 1.59233e+06
293 1.59235e+06
294 1.59247e+06
295 1.59253e+06
296 1.59257e+06
297 1.59263e+06
298 1.59266e+06
299 1.59272e+06
300 1.59275e+06
301 1.59279e+06
302 1.59285e+06
303 1.59287e+06
304 1.59291e+06
305 1.59299e+06
306 1.5931e+06
307 1.59316e+06
308 1.59325e+06
309 1.59332e+06
310 1.59337e+06
311 1.59339e+06
312 1.59364e+06
313 1.5937e+06
314 1.59376e+06
315 1.59392e+06
316 1.59401e+06
317 1.59406e+06
318 1.59413e+06
319 1.59421e+06
320 1.59425e+06
321 1.59434e+06
322 1.59444e+06
323 1.5946e+06
324 1.59465e+06
325 1.59476e+06
326 1.59477e+06
327 1.59487e+06
328 1.5949e+06
329 1.59497e+06
330 1.59503e+06
331 1.59503e+06
332 1.59514e+06
333 1.59522e+06
334 1.59527e+06
335 1.59534e+06
336 1.59546e+06
337 1.59558e+06
338 1.59559e+06
339 1.59566e+06
340 1.59566e+06
341 1.59572e+06
342 1.59579e+06
343 1.5959e+06
344 1.59594e+06
345 1.59596e+06
346 1.59604e+06
347 1.59616e+06
348 1.59622e+06
349 1.59625e+06
350 1.59628e+06
351 1.59634e+06
352 1.59641e+06
353 1.59643e+06
354 1.59658e+06
355 1.59677e+06
356 1.59684e+06
357 1.59692e+06
358 1.59694e+06
359 1.59709e+06
360 1.59721e+06
361 1.59731e+06
362 1.5974e+06
363 1.59741e+06
364 1.59741e+06
365 1.59747e+06
366 1.59749e+06
367 1.59756e+06
368 1.59757e+06
369 1.59768e+06
370 1.59768e+06
371 1.59771e+06
372 1.59774e+06
373 1.59778e+06
374 1.59789e+06
375 1.59791e+06
376 1.59804e+06
377 1.59805e+06
378 1.59817e+06
379 1.59817e+06
380 1.59829e+06
381 1.5984e+06
382 1.59844e+06
383 1.59853e+06
384 1.59861e+06
385 1.59871e+06
386 1.59876e+06
387 1.59882e+06
388 1.59884e+06
389 1.59884e+06
390 1.59892e+06
391 1.59899e+06
392 1.59904e+06
393 1.59904e+06
394 1.59913e+06
395 1.59915e+06
396 1.59918e+06
397 1.59924e+06
398 1.59931e+06
399 1.59933e+06
400 1.59943e+06
401 1.59952e+06
402 1.59961e+06
403 1.59965e+06
404 1.59971e+06
405 1.59972e+06
406 1.59976e+06
407 1.59993e+06
408 1.60003e+06
409 1.60007e+06
410 1.60012e+06
411 1.60022e+06
412 1.60023e+06
413 1.60028e+06
414 1.60036e+06
415 1.60038e+06
416 1.60039e+06
417 1.60041e+06
418 1.60046e+06
419 1.60063e+06
420 1.60068e+06
421 1.60075e+06
422 1.60082e+06
423 1.6009e+06
424 1.60096e+06
425 1.6011e+06
426 1.60115e+06
427 1.60125e+06
428 1.6013e+06
429 1.60134e+06
430 1.60145e+06
431 1.60148e+06
432 1.60154e+06
433 1.60158e+06
434 1.60163e+06
435 1.60177e+06
436 1.60191e+06
437 1.60194e+06
438 1.60197e+06
439 1.60202e+06
440 1.60204e+06
441 1.60211e+06
442 1.60218e+06
443 1.60225e+06
444 1.60234e+06
445 1.60242e+06
446 1.60243e+06
447 1.6025e+06
448 1.60257e+06
449 1.60259e+06
450 1.60267e+06
451 1.6027e+06
452 1.60271e+06
453 1.60274e+06
454 1.60284e+06
455 1.60297e+06
456 1.60302e+06
457 1.60302e+06
458 1.60302e+06
459 1.60309e+06
460 1.60311e+06
461 1.60314e+06
462 1.60318e+06
463 1.60327e+06
464 1.60333e+06
465 1.60336e+06
466 1.60344e+06
467 1.60347e+06
468 1.60356e+06
469 1.60356e+06
470 1.60367e+06
471 1.60369e+06
472 1.60374e+06
473 1.60381e+06
474 1.6039e+06
475 1.60391e+06
476 1.60399e+06
477 1.60411e+06
478 1.60418e+06
479 1.60424e+06
480 1.60428e+06
481 1.60442e+06
482 1.60449e+06
483 1.6045e+06
484 1.60458e+06
485 1.6046e+06
486 1.60469e+06
487 1.60476e+06
488 1.605e+06
489 1.605e+06
490 1.60524e+06
491 1.6053e+06
492 1.60533e+06
493 1.60541e+06
494 1.60543e+06
495 1.60548e+06
496 1.60553e+06
497 1.60553e+06
498 1.60561e+06
499 1.60568e+06
500 1.60574e+06
501 1.60578e+06
502 1.60577e+06
503 1.60577e+06
504 1.60587e+06
505 1.6059e+06
506 1.60596e+06
507 1.60599e+06
508 1.60603e+06
509 1.60608e+06
510 1.60608e+06
511 1.6061e+06
512 1.60614e+06
513 1.60617e+06
514 1.60623e+06
515 1.60623e+06
516 1.6063e+06
517 1.60636e+06
518 1.60637e+06
519 1.6064e+06
520 1.60647e+06
521 1.60655e+06
522 1.60672e+06
523 1.60675e+06
524 1.60682e+06
525 1.60691e+06
526 1.60692e+06
527 1.60692e+06
528 1.60693e+06
529 1.60702e+06
530 1.60706e+06
531 1.60714e+06
532 1.60721e+06
533 1.60725e+06
534 1.6073e+06
535 1.60737e+06
536 1.6074e+06
537 1.60744e+06
538 1.60754e+06
539 1.60761e+06
540 1.60768e+06
541 1.60771e+06
542 1.60779e+06
543 1.60792e+06
544 1.608e+06
545 1.60811e+06
546 1.60815e+06
547 1.60819e+06
548 1.60819e+06
549 1.60831e+06
550 1.60837e+06
551 1.60841e+06
552 1.6085e+06
553 1.60857e+06
554 1.60866e+06
555 1.60881e+06
556 1.60889e+06
557 1.60896e+06
558 1.60899e+06
559 1.60904e+06
560 1.60916e+06
561 1.60922e+06
562 1.60924e+06
563 1.60927e+06
564 1.6093e+06
565 1.60941e+06
566 1.60946e+06
567 1.60957e+06
568 1.60957e+06
569 1.60962e+06
570 1.60962e+06
571 1.60966e+06
572 1.60978e+06
573 1.60986e+06
574 1.61004e+06
575 1.61013e+06
576 1.61017e+06
577 1.61022e+06
578 1.61024e+06
579 1.61026e+06
580 1.6103e+06
581 1.61031e+06
582 1.61033e+06
583 1.61037e+06
584 1.61045e+06
585 1.61056e+06
586 1.61058e+06
587 1.61062e+06
588 1.61065e+06
589 1.61069e+06
590 1.6107e+06
591 1.61078e+06
592 1.61088e+06
593 1.6109e+06
594 1.61094e+06
595 1.61098e+06
596 1.61102e+06
597 1.61105e+06
598 1.61107e+06
599 1.6112e+06
600 1.61127e+06
601 1.61128e+06
602 1.61141e+06
603 1.61156e+06
604 1.61175e+06
605 1.61178e+06
606 1.61189e+06
607 1.61195e+06
608 1.61206e+06
609 1.61211e+06
610 1.61213e+06
611 1.61223e+06
612 1.61229e+06
613 1.61231e+06
614 1.61236e+06
615 1.61238e+06
616 1.61238e+06
617 1.61242e+06
618 1.61246e+06
619 1.61248e+06
620 1.61253e+06
621 1.61258e+06
622 1.61262e+06
623 1.61266e+06
624 1.61275e+06
625 1.61285e+06
626 1.61291e+06
627 1.61296e+06
628 1.61301e+06
629 1.61303e+06
630 1.61305e+06
631 1.61311e+06
632 1.61316e+06
633 1.61319e+06
634 1.61328e+06
635 1.61329e+06
636 1.61334e+06
637 1.61344e+06
638 1.61348e+06
639 1.61355e+06
640 1.61362e+06
641 1.61368e+06
642 1.61372e+06
643 1.61378e+06
644 1.6138e+06
645 1.61386e+06
646 1.61395e+06
647 1.614e+06
648 1.61407e+06
649 1.61412e+06
650 1.61421e+06
651 1.61426e+06
652 1.61427e+06
653 1.61428e+06
654 1.6143e+06
655 1.61435e+06
656 1.61439e+06
657 1.61438e+06
658 1.6145e+06
659 1.61456e+06
660 1.6147e+06
661 1.6148e+06
662 1.61488e+06
663 1.61508e+06
664 1.61511e+06
665 1.61518e+06
666 1.61521e+06
667 1.61526e+06
668 1.61527e+06
669 1.6153e+06
670 1.61537e+06
671 1.6154e+06
672 1.61545e+06
673 1.61554e+06
674 1.61562e+06
675 1.61567e+06
676 1.6158e+06
677 1.61589e+06
678 1.61596e+06
679 1.61598e+06
680 1.61602e+06
681 1.61602e+06
682 1.61603e+06
683 1.6161e+06
684 1.6161e+06
685 1.61624e+06
686 1.61626e+06
687 1.61648e+06
688 1.61651e+06
689 1.6166e+06
690 1.61664e+06
691 1.61675e+06
692 1.61683e+06
693 1.61688e+06
694 1.61698e+06
695 1.61704e+06
696 1.61714e+06
697 1.61723e+06
698 1.61734e+06
699 1.61734e+06
700 1.61738e+06
701 1.61749e+06
702 1.6176e+06
703 1.6176e+06
704 1.61769e+06
705 1.61777e+06
706 1.61791e+06
707 1.61796e+06
708 1.618e+06
709 1.61802e+06
710 1.61801e+06
711 1.61802e+06
712 1.61812e+06
713 1.61813e+06
714 1.61816e+06
715 1.61819e+06
716 1.61823e+06
717 1.61826e+06
718 1.61836e+06
719 1.61852e+06
720 1.61859e+06
721 1.61862e+06
722 1.61862e+06
723 1.61868e+06
724 1.61874e+06
725 1.61878e+06
726 1.61884e+06
727 1.6189e+06
728 1.61891e+06
729 1.61896e+06
730 1.61897e+06
731 1.61899e+06
732 1.61905e+06
733 1.61907e+06
734 1.61916e+06
735 1.61925e+06
736 1.61937e+06
737 1.61945e+06
738 1.61947e+06
739 1.6195e+06
740 1.61954e+06
741 1.61958e+06
742 1.61964e+06
743 1.6197e+06
744 1.61976e+06
745 1.61985e+06
746 1.61991e+06
747 1.61991e+06
748 1.61994e+06
749 1.61996e+06
750 1.61997e+06
751 1.62002e+06
752 1.62009e+06
753 1.62011e+06
754 1.62014e+06
755 1.62024e+06
756 1.62028e+06
757 1.62028e+06
758 1.62032e+06
759 1.62036e+06
760 1.62042e+06
761 1.62042e+06
762 1.62042e+06
763 1.62054e+06
764 1.62054e+06
765 1.6206e+06
766 1.62067e+06
767 1.62071e+06
768 1.62075e+06
769 1.62082e+06
770 1.62085e+06
771 1.62094e+06
772 1.621e+06
773 1.62101e+06
774 1.62104e+06
775 1.6211e+06
776 1.62112e+06
777 1.6212e+06
778 1.6212e+06
779 1.62122e+06
780 1.62127e+06
781 1.62135e+06
782 1.62146e+06
783 1.62147e+06
784 1.62151e+06
785 1.62158e+06
786 1.62168e+06
787 1.62168e+06
788 1.62172e+06
789 1.62172e+06
790 1.6218e+06
791 1.62185e+06
792 1.6219e+06
793 1.62195e+06
794 1.62197e+06
795 1.62206e+06
796 1.62215e+06
797 1.62222e+06
798 1.62225e+06
799 1.6223e+06
800 1.62239e+06
801 1.62239e+06
802 1.62239e+06
803 1.62254e+06
804 1.62258e+06
805 1.62262e+06
806 1.6227e+06
807 1.6227e+06
808 1.62277e+06
809 1.62291e+06
810 1.62291e+06
811 1.62296e+06
812 1.62306e+06
813 1.62308e+06
814 1.62309e+06
815 1.62314e+06
816 1.62324e+06
817 1.62333e+06
818 1.62338e+06
819 1.62342e+06
820 1.62344e+06
821 1.62346e+06
822 1.62346e+06
823 1.62356e+06
824 1.62364e+06
825 1.62366e+06
826 1.62368e+06
827 1.62368e+06
828 1.62371e+06
829 1.62372e+06
830 1.62373e+06
831 1.62381e+06
832 1.62387e+06
833 1.62398e+06
834 1.62406e+06
835 1.62426e+06
836 1.62435e+06
837 1.6244e+06
838 1.62449e+06
839 1.62449e+06
840 1.62449e+06
841 1.62454e+06
842 1.62456e+06
843 1.6246e+06
844 1.62466e+06
845 1.62467e+06
846 1.62472e+06
847 1.62478e+06
848 1.62482e+06
849 1.62483e+06
850 1.62491e+06
851 1.62494e+06
852 1.62499e+06
853 1.62501e+06
854 1.62512e+06
855 1.62518e+06
856 1.62519e+06
857 1.62525e+06
858 1.62542e+06
859 1.62546e+06
860 1.6255e+06
861 1.62552e+06
862 1.62553e+06
863 1.62556e+06
864 1.62563e+06
865 1.62573e+06
866 1.62582e+06
867 1.62585e+06
868 1.6259e+06
869 1.62594e+06
870 1.62604e+06
871 1.62609e+06
872 1.62617e+06
873 1.62622e+06
874 1.62622e+06
875 1.62623e+06
876 1.62623e+06
877 1.62627e+06
878 1.62633e+06
879 1.62638e+06
880 1.62641e+06
881 1.62646e+06
882 1.62646e+06
883 1.62656e+06
884 1.62656e+06
885 1.62656e+06
886 1.62657e+06
887 1.62673e+06
888 1.62674e+06
889 1.62678e+06
890 1.62685e+06
891 1.62691e+06
892 1.62696e+06
893 1.62701e+06
894 1.62702e+06
895 1.62715e+06
896 1.62718e+06
897 1.62729e+06
898 1.62733e+06
899 1.62736e+06
900 1.6274e+06
901 1.62743e+06
902 1.6275e+06
903 1.6275e+06
904 1.62752e+06
905 1.62756e+06
906 1.62758e+06
907 1.62761e+06
908 1.62769e+06
909 1.62769e+06
910 1.62771e+06
911 1.62775e+06
912 1.62782e+06
913 1.62786e+06
914 1.62795e+06
915 1.62796e+06
916 1.62802e+06
917 1.62805e+06
918 1.62812e+06
919 1.62819e+06
920 1.62828e+06
921 1.62836e+06
922 1.62836e+06
923 1.62839e+06
924 1.62842e+06
925 1.62848e+06
926 1.62851e+06
927 1.62856e+06
928 1.6286e+06
929 1.62873e+06
930 1.62874e+06
931 1.6288e+06
932 1.62889e+06
933 1.62889e+06
934 1.62889e+06
935 1.62896e+06
936 1.62907e+06
937 1.62912e+06
938 1.62913e+06
939 1.62923e+06
940 1.62932e+06
941 1.62934e+06
942 1.62939e+06
943 1.62942e+06
944 1.62944e+06
945 1.62951e+06
946 1.62961e+06
947 1.62967e+06
948 1.62974e+06
949 1.62976e+06
950 1.62981e+06
951 1.62981e+06
952 1.62985e+06
953 1.62989e+06
954 1.62996e+06
955 1.62999e+06
956 1.63e+06
957 1.63003e+06
958 1.63006e+06
959 1.6301e+06
960 1.63012e+06
961 1.63022e+06
962 1.63024e+06
963 1.63029e+06
964 1.63032e+06
965 1.63033e+06
966 1.6304e+06
967 1.63043e+06
968 1.63044e+06
969 1.63044e+06
970 1.63048e+06
971 1.63057e+06
972 1.63074e+06
973 1.63077e+06
974 1.6308e+06
975 1.63085e+06
976 1.63104e+06
977 1.63108e+06
978 1.63114e+06
979 1.63116e+06
980 1.63116e+06
981 1.63117e+06
982 1.63121e+06
983 1.63121e+06
984 1.63126e+06
985 1.63131e+06
986 1.63136e+06
987 1.63141e+06
988 1.63145e+06
989 1.63151e+06
990 1.63161e+06
991 1.63173e+06
992 1.63178e+06
993 1.63183e+06
994 1.63187e+06
995 1.63188e+06
996 1.63189e+06
997 1.63196e+06
998 1.63212e+06
999 1.63213e+06
1000 1.63213e+06
