128 0.3 0.444
0 156776
1 1.56778e+06
2 1.56788e+06
3 1.56794e+06
4 1.56802e+06
5 1.56808e+06
6 1.56816e+06
7 1.56831e+06
8 1.56838e+06
9 1.56846e+06
10 1.56856e+06
11 1.56868e+06
12 1.56887e+06
13 1.56911e+06
14 1.56922e+06
15 1.56933e+06
16 1.56938e+06
17 1.56941e+06
18 1.56943e+06
19 1.56943e+06
20 1.56966e+06
21 1.56968e+06
22 1.56972e+06
23 1.56977e+06
24 1.56986e+06
25 1.5699e+06
26 1.56992e+06
27 1.57013e+06
28 1.57018e+06
29 1.57031e+06
30 1.57058e+06
31 1.57058e+06
32 1.57101e+06
33 1.57102e+06
34 1.57105e+06
35 1.57112e+06
36 1.57134e+06
37 1.5714e+06
38 1.57161e+06
39 1.57184e+06
40 1.57184e+06
41 1.57201e+06
42 1.57207e+06
43 1.57216e+06
44 1.57229e+06
45 1.57231e+06
46 1.57239e+06
47 1.57249e+06
48 1.57264e+06
49 1.5727e+06
50 1.57284e+06
51 1.57292e+06
52 1.57298e+06
53 1.57305e+06
54 1.57311e+06
55 1.57319e+06
56 1.57321e+06
57 1.57327e+06
58 1.57339e+06
59 1.57356e+06
60 1.57363e+06
61 1.57368e+06
62 1.57369e+06
63 1.5738e+06
64 1.57394e+06
65 1.57405e+06
66 1.57416e+06
67 1.57428e+06
68 1.57432e+06
69 1.57434e+06
70 1.57436e+06
71 1.5744e+06
72 1.57447e+06
73 1.57464e+06
74 1.57478e+06
75 1.57478e+06
76 1.57491e+06
77 1.57494e+06
78 1.57497e+06
79 1.57503e+06
80 1.57516e+06
81 1.57527e+06
82 1.57537e+06
83 1.57541e+06
84 1.57543e+06
85 1.5755e+06
86 1.57552e+06
87 1.5757e+06
88 1.57576e+06
89 1.57583e+06
90 1.57592e+06
91 1.57605e+06
92 1.57606e+06
93 1.57615e+06
94 1.5763e+06
95 1.5764e+06
96 1.57649e+06
97 1.57656e+06
98 1.57664e+06
99 1.57675e+06
100 1.57704e+06
101 1.57719e+06
102 1.57722e+06
103 1.57742e+06
104 1.57747e+06
105 1.5775e+06
106 1.57756e+06
107 1.57773e+06
108 1.57776e+06
109 1.57783e+06
110 1.57799e+06
111 1.57817e+06
112 1.5782e+06
113 1.57836e+06
114 1.57845e+06
115 1.57852e+06
116 1.57853e+06
117 1.57859e+06
118 1.57864e+06
119 1.57878e+06
120 1.57889e+06
121 1.57896e+06
122 1.57897e+06
123 1.57898e+06
124 1.57908e+06
125 1.57918e+06
126 1.57919e+06
127 1.57922e+06
128 1.57924e+06
129 1.57929e+06
130 1.57932e+06
131 1.57933e+06
132 1.57938e+06
133 1.57955e+06
134 1.5796e+06
135 1.57965e+06
136 1.57984e+06
137 1.57993e+06
138 1.58e+06
139 1.58009e+06
140 1.58021e+06
141 1.58036e+06
142 1.58049e+06
143 1.58052e+06
144 1.58059e+06
145 1.58064e+06
146 1.58074e+06
147 1.58089e+06
148 1.58099e+06
149 1.58106e+06
150 1.58112e+06
151 1.58127e+06
152 1.58142e+06
153 1.58169e+06
154 1.58173e+06
155 1.58179e+06
156 1.58179e+06
157 1.58191e+06
158 1.58191e+06
159 1.58198e+06
160 1.58203e+06
161 1.58209e+06
162 1.58209e+06
163 1.5821e+06
164 1.58215e+06
165 1.58215e+06
166 1.58225e+06
167 1.58236e+06
168 1.58249e+06
169 1.5826e+06
170 1.58268e+06
171 1.58277e+06
172 1.58284e+06
173 1.58297e+06
174 1.58303e+06
175 1.58307e+06
176 1.58311e+06
177 1.58322e+06
178 1.58322e+06
179 1.58336e+06
180 1.58344e+06
181 1.58358e+06
182 1.58366e+06
183 1.58366e+06
184 1.58374e+06
185 1.58379e+06
186 1.58386e+06
187 1.58391e+06
188 1.58396e+06
189 1.58404e+06
190 1.58409e+06
191 1.58414e+06
192 1.58427e+06
193 1.58434e+06
194 1.58444e+06
195 1.58464e+06
196 1.58479e+06
197 1.58479e+06
198 1.58483e+06
199 1.58495e+06
200 1.5851e+06
201 1.58511e+06
202 1.58516e+06
203 1.58539e+06
204 1.58544e+06
205 1.58565e+06
206 1.58577e+06
207 1.58579e+06
208 1.58582e+06
209 1.58593e+06
210 1.58605e+06
211 1.58612e+06
212 1.58628e+06
213 1.58644e+06
214 1.58645e+06
215 1.58654e+06
216 1.58663e+06
217 1.58672e+06
218 1.58681e+06
219 1.5869e+06
220 1.58693e+06
221 1.58706e+06
222 1.5872e+06
223 1.5872e+06
224 1.58722e+06
225 1.58726e+06
226 1.58735e+06
227 1.58736e+06
228 1.58743e+06
229 1.58756e+06
230 1.58776e+06
231 1.58781e+06
232 1.58806e+06
233 1.58805e+06
234 1.58808e+06
235 1.58813e+06
236 1.58814e+06
237 1.58816e+06
238 1.58823e+06
239 1.58826e+06
240 1.58833e+06
241 1.58834e+06
242 1.58838e+06
243 1.58847e+06
244 1.58848e+06
245 1.58856e+06
246 1.58869e+06
247 1.58874e+06
248 1.5888e+06
249 1.58889e+06
250 1.58906e+06
251 1.58906e+06
252 1.58918e+06
253 1.58933e+06
254 1.58934e+06
255 1.58941e+06
256 1.58948e+06
257 1.58955e+06
258 1.58962e+06
259 1.58973e+06
260 1.58982e+06
261 1.58997e+06
262 1.59007e+06
263 1.59015e+06
264 1.59025e+06
265 1.59029e+06
266 1.5905e+06
267 1.59066e+06
268 1.59067e+06
269 1.59071e+06
270 1.59078e+06
271 1.5908e+06
272 1.59083e+06
273 1.59094e+06
274 1.59094e+06
275 1.59109e+06
276 1.59113e+06
277 1.59114e+06
278 1.59122e+06
279 1.59123e+06
280 1.59126e+06
281 1.59132e+06
282 1.59143e+06
283 1.59157e+06
284 1.59164e+06
285 1.59172e+06
286 1.5919e+06
287 1.59204e+06
288 1.59208e+06
289 1.59215e+06
290 1.5922e+06
291 1.59231e+06
292 1.59246e+06
293 1.59253e+06
294 1.59276e+06
295 1.59279e+06
296 1.59285e+06
297 1.59301e+06
298 1.59303e+06
299 1.59307e+06
300 1.59308e+06
301 1.59326e+06
302 1.59326e+06
303 1.5934e+06
304 1.5934e+06
305 1.59347e+06
306 1.59354e+06
307 1.59369e+06
308 1.59369e+06
309 1.5938e+06
310 1.59383e+06
311 1.59404e+06
312 1.59406e+06
313 1.59422e+06
314 1.59423e+06
315 1.5943e+06
316 1.59435e+06
317 1.59447e+06
318 1.5945e+06
319 1.59452e+06
320 1.59453e+06
321 1.59455e+06
322 1.59464e+06
323 1.5947e+06
324 1.59479e+06
325 1.59485e+06
326 1.59498e+06
327 1.59507e+06
328 1.59511e+06
329 1.5952e+06
330 1.5953e+06
331 1.59541e+06
332 1.59558e+06
333 1.59566e+06
334 1.59573e+06
335 1.59576e+06
336 1.59583e+06
337 1.59586e+06
338 1.59595e+06
339 1.59598e+06
340 1.59605e+06
341 1.59611e+06
342 1.59612e+06
343 1.59616e+06
344 1.59627e+06
345 1.59639e+06
346 1.59643e+06
347 1.59651e+06
348 1.5966e+06
349 1.5966e+06
350 1.59662e+06
351 1.59674e+06
352 1.59677e+06
353 1.5968e+06
354 1.59681e+06
355 1.59694e+06
356 1.59701e+06
357 1.59715e+06
358 1.59724e+06
359 1.5973e+06
360 1.59736e+06
361 1.59742e+06
362 1.5975e+06
363 1.59754e+06
364 1.59761e+06
365 1.59772e+06
366 1.59795e+06
367 1.59795e+06
368 1.598e+06
369 1.59806e+06
370 1.59819e+06
371 1.5983e+06
372 1.59835e+06
373 1.5984e+06
374 1.59846e+06
375 1.59847e+06
376 1.59864e+06
377 1.59868e+06
378 1.59875e+06
379 1.59876e+06
380 1.59883e+06
381 1.59888e+06
382 1.59889e+06
383 1.59889e+06
384 1.59893e+06
385 1.59906e+06
386 1.59911e+06
387 1.59917e+06
388 1.59928e+06
389 1.59935e+06
390 1.59938e+06
391 1.59944e+06
392 1.5995e+06
393 1.59952e+06
394 1.59955e+06
395 1.59965e+06
396 1.59981e+06
397 1.59992e+06
398 1.59995e+06
399 1.59999e+06
400 1.60008e+06
401 1.60011e+06
402 1.60021e+06
403 1.60028e+06
404 1.60034e+06
405 1.60044e+06
406 1.60047e+06
407 1.60052e+06
408 1.60057e+06
409 1.60057e+06
410 1.60068e+06
411 1.60076e+06
412 1.6008e+06
413 1.6009e+06
414 1.60097e+06
415 1.60106e+06
416 1.60108e+06
417 1.60113e+06
418 1.60122e+06
419 1.60127e+06
420 1.6013e+06
421 1.60136e+06
422 1.6014e+06
423 1.60147e+06
424 1.60147e+06
425 1.60155e+06
426 1.60172e+06
427 1.6018e+06
428 1.60187e+06
429 1.6019e+06
430 1.60206e+06
431 1.60208e+06
432 1.6022e+06
433 1.60226e+06
434 1.60244e+06
435 1.60245e+06
436 1.60254e+06
437 1.60259e+06
438 1.60271e+06
439 1.60277e+06
440 1.60288e+06
441 1.60297e+06
442 1.60297e+06
443 1.60316e+06
444 1.60325e+06
445 1.60328e+06
446 1.60332e+06
447 1.60338e+06
448 1.60347e+06
449 1.60351e+06
450 1.60357e+06
451 1.60361e+06
452 1.60363e+06
453 1.60376e+06
454 1.60384e+06
455 1.60388e+06
456 1.60394e+06
457 1.60402e+06
458 1.60409e+06
459 1.60416e+06
460 1.60423e+06
461 1.60431e+06
462 1.60438e+06
463 1.60447e+06
464 1.60452e+06
465 1.60456e+06
466 1.60458e+06
467 1.60461e+06
468 1.60464e+06
469 1.60466e+06
470 1.60473e+06
471 1.60484e+06
472 1.60493e+06
473 1.60504e+06
474 1.60514e+06
475 1.60517e+06
476 1.6053e+06
477 1.60533e+06
478 1.60537e+06
479 1.60549e+06
480 1.60552e+06
481 1.60569e+06
482 1.60577e+06
483 1.60584e+06
484 1.60598e+06
485 1.60603e+06
486 1.60612e+06
487 1.60628e+06
488 1.60633e+06
489 1.60635e+06
490 1.60641e+06
491 1.60658e+06
492 1.60663e+06
493 1.60663e+06
494 1.60663e+06
495 1.6067e+06
496 1.60685e+06
497 1.6069e+06
498 1.60693e+06
499 1.60695e+06
500 1.60705e+06
501 1.60705e+06
502 1.60713e+06
503 1.60729e+06
504 1.60734e+06
505 1.60737e+06
506 1.60738e+06
507 1.60742e+06
508 1.60744e+06
509 1.60748e+06
510 1.60762e+06
511 1.60766e+06
512 1.60774e+06
513 1.60781e+06
514 1.60792e+06
515 1.608e+06
516 1.60803e+06
517 1.60804e+06
518 1.60812e+06
519 1.60816e+06
520 1.60829e+06
521 1.60836e+06
522 1.60836e+06
523 1.60844e+06
524 1.60848e+06
525 1.60854e+06
526 1.60854e+06
527 1.60859e+06
528 1.60862e+06
529 1.60867e+06
530 1.60872e+06
531 1.60877e+06
532 1.60891e+06
533 1.60898e+06
534 1.60902e+06
535 1.60903e+06
536 1.60903e+06
537 1.60907e+06
538 1.60915e+06
539 1.60919e+06
540 1.60921e+06
541 1.6093e+06
542 1.60934e+06
543 1.60938e+06
544 1.6094e+06
545 1.60941e+06
546 1.60948e+06
547 1.60955e+06
548 1.60962e+06
549 1.6097e+06
550 1.60979e+06
551 1.60984e+06
552 1.60989e+06
553 1.60992e+06
554 1.61008e+06
555 1.61018e+06
556 1.61023e+06
557 1.61031e+06
558 1.61038e+06
559 1.61042e+06
560 1.61045e+06
561 1.61047e+06
562 1.61051e+06
563 1.61061e+06
564 1.61063e+06
565 1.61064e+06
566 1.6108e+06
567 1.61084e+06
568 1.61089e+06
569 1.61099e+06
570 1.61104e+06
571 1.61115e+06
572 1.61126e+06
573 1.6113e+06
574 1.6113e+06
575 1.61132e+06
576 1.61135e+06
577 1.61142e+06
578 1.61151e+06
579 1.61156e+06
580 1.61157e+06
581 1.61173e+06
582 1.61179e+06
583 1.61181e+06
584 1.61191e+06
585 1.61196e+06
586 1.61207e+06
587 1.61212e+06
588 1.61217e+06
589 1.61217e+06
590 1.61222e+06
591 1.61225e+06
592 1.61225e+06
593 1.61228e+06
594 1.61242e+06
595 1.61246e+06
596 1.61249e+06
597 1.6125e+06
598 1.61254e+06
599 1.6126e+06
600 1.61264e+06
601 1.61268e+06
602 1.61278e+06
603 1.6128e+06
604 1.61281e+06
605 1.61281e+06
606 1.61296e+06
607 1.61298e+06
608 1.61297e+06
609 1.61307e+06
610 1.61316e+06
611 1.61323e+06
612 1.61329e+06
613 1.61329e+06
614 1.6133e+06
615 1.61335e+06
616 1.61339e+06
617 1.61341e+06
618 1.61342e+06
619 1.61349e+06
620 1.61352e+06
621 1.61352e+06
622 1.6136e+06
623 1.61364e+06
624 1.61375e+06
625 1.61388e+06
626 1.6139e+06
627 1.61398e+06
628 1.61399e+06
629 1.61405e+06
630 1.61405e+06
631 1.6141e+06
632 1.61422e+06
633 1.61429e+06
634 1.61429e+06
635 1.61432e+06
636 1.61433e+06
637 1.61452e+06
638 1.61455e+06
639 1.61462e+06
640 1.61462e+06
641 1.61471e+06
642 1.61472e+06
643 1.61475e+06
644 1.61477e+06
645 1.61478e+06
646 1.61484e+06
647 1.61496e+06
648 1.61497e+06
649 1.61499e+06
650 1.61507e+06
651 1.61507e+06
652 1.61508e+06
653 1.61519e+06
654 1.61524e+06
655 1.61531e+06
656 1.61534e+06
657 1.61538e+06
658 1.6155e+06
659 1.6155e+06
660 1.61556e+06
661 1.6156e+06
662 1.61562e+06
663 1.61571e+06
664 1.61579e+06
665 1.61586e+06
666 1.6159e+06
667 1.61595e+06
668 1.61597e+06
669 1.61611e+06
670 1.61615e+06
671 1.61622e+06
672 1.61625e+06
673 1.61628e+06
674 1.61636e+06
675 1.61642e+06
676 1.61654e+06
677 1.61674e+06
678 1.61674e+06
679 1.61681e+06
680 1.61688e+06
681 1.61701e+06
682 1.61716e+06
683 1.61718e+06
684 1.61726e+06
685 1.6174e+06
686 1.61742e+06
687 1.61754e+06
688 1.6176e+06
689 1.61761e+06
690 1.61766e+06
691 1.61769e+06
692 1.61769e+06
693 1.61775e+06
694 1.61775e+06
695 1.61783e+06
696 1.61793e+06
697 1.61794e+06
698 1.61804e+06
699 1.61809e+06
700 1.61819e+06
701 1.61822e+06
702 1.61829e+06
703 1.61837e+06
704 1.61838e+06
705 1.61843e+06
706 1.61847e+06
707 1.61851e+06
708 1.61852e+06
709 1.61858e+06
710 1.61858e+06
711 1.61865e+06
712 1.61874e+06
713 1.61878e+06
714 1.61881e+06
715 1.61882e+06
716 1.61897e+06
717 1.61902e+06
718 1.61905e+06
719 1.6191e+06
720 1.61913e+06
721 1.61913e+06
722 1.61921e+06
723 1.6193e+06
724 1.61932e+06
725 1.61933e+06
726 1.61941e+06
727 1.61941e+06
728 1.61943e+06
729 1.61948e+06
730 1.61949e+06
731 1.61958e+06
732 1.61967e+06
733 1.61973e+06
734 1.61973e+06
735 1.61986e+06
736 1.61991e+06
737 1.62e+06
738 1.62e+06
739 1.62008e+06
740 1.62017e+06
741 1.62021e+06
742 1.62025e+06
743 1.62035e+06
744 1.62039e+06
745 1.62047e+06
746 1.62056e+06
747 1.62078e+06
748 1.62079e+06
749 1.6208e+06
750 1.62089e+06
751 1.62097e+06
752 1.62099e+06
753 1.62108e+06
754 1.62114e+06
755 1.62118e+06
756 1.62125e+06
757 1.62135e+06
758 1.6214e+06
759 1.62146e+06
760 1.62154e+06
761 1.62157e+06
762 1.62157e+06
763 1.62162e+06
764 1.62164e+06
765 1.62166e+06
766 1.62167e+06
767 1.62168e+06
768 1.6217e+06
769 1.62171e+06
770 1.62179e+06
771 1.62181e+06
772 1.62193e+06
773 1.62202e+06
774 1.62205e+06
775 1.62208e+06
776 1.62211e+06
777 1.62211e+06
778 1.62217e+06
779 1.62217e+06
780 1.62228e+06
781 1.62237e+06
782 1.62243e+06
783 1.6226e+06
784 1.62267e+06
785 1.62273e+06
786 1.62274e+06
787 1.62281e+06
788 1.62282e+06
789 1.62295e+06
790 1.62296e+06
791 1.62303e+06
792 1.62313e+06
793 1.62321e+06
794 1.62329e+06
795 1.62346e+06
796 1.62354e+06
797 1.62364e+06
798 1.62369e+06
799 1.62371e+06
800 1.62378e+06
801 1.62379e+06
802 1.62382e+06
803 1.62395e+06
804 1.62399e+06
805 1.624e+06
806 1.62404e+06
807 1.62407e+06
808 1.62418e+06
809 1.62422e+06
810 1.62426e+06
811 1.6243e+06
812 1.6244e+06
813 1.62442e+06
814 1.6245e+06
815 1.62454e+06
816 1.62461e+06
817 1.62465e+06
818 1.62466e+06
819 1.62478e+06
820 1.62487e+06
821 1.6249e+06
822 1.62495e+06
823 1.62499e+06
824 1.625e+06
825 1.62504e+06
826 1.62505e+06
827 1.62506e+06
828 1.62508e+06
829 1.62512e+06
830 1.62517e+06
831 1.6252e+06
832 1.62524e+06
833 1.62525e+06
834 1.62526e+06
835 1.62533e+06
836 1.62534e+06
837 1.62538e+06
838 1.62538e+06
839 1.62541e+06
840 1.62549e+06
841 1.62553e+06
842 1.6256e+06
843 1.6256e+06
844 1.62572e+06
845 1.62575e+06
846 1.62578e+06
847 1.62578e+06
848 1.62581e+06
849 1.62582e+06
850 1.62589e+06
851 1.62591e+06
852 1.62595e+06
853 1.62598e+06
854 1.62601e+06
855 1.62601e+06
856 1.62602e+06
857 1.62604e+06
858 1.6261e+06
859 1.6261e+06
860 1.62613e+06
861 1.62614e+06
862 1.62617e+06
863 1.62619e+06
864 1.62619e+06
865 1.62628e+06
866 1.62634e+06
867 1.62634e+06
868 1.62638e+06
869 1.62648e+06
870 1.62655e+06
871 1.62654e+06
872 1.62657e+06
873 1.62658e+06
874 1.62661e+06
875 1.62664e+06
876 1.62672e+06
877 1.62685e+06
878 1.62689e+06
879 1.62696e+06
880 1.62697e+06
881 1.627e+06
882 1.62702e+06
883 1.62713e+06
884 1.62713e+06
885 1.62716e+06
886 1.62721e+06
887 1.62727e+06
888 1.62733e+06
889 1.62736e+06
890 1.62743e+06
891 1.62743e+06
892 1.62747e+06
893 1.62748e+06
894 1.62758e+06
895 1.62764e+06
896 1.62764e+06
897 1.62764e+06
898 1.6277e+06
899 1.62775e+06
900 1.62776e+06
901 1.62787e+06
902 1.62795e+06
903 1.62796e+06
904 1.62798e+06
905 1.62802e+06
906 1.62808e+06
907 1.62809e+06
908 1.6282e+06
909 1.62823e+06
910 1.62834e+06
911 1.62836e+06
912 1.62842e+06
913 1.62848e+06
914 1.6285e+06
915 1.6285e+06
916 1.62853e+06
917 1.62857e+06
918 1.62861e+06
919 1.62866e+06
920 1.6287e+06
921 1.62875e+06
922 1.62889e+06
923 1.62898e+06
924 1.62898e+06
925 1.62902e+06
926 1.62908e+06
927 1.62919e+06
928 1.62923e+06
929 1.62932e+06
930 1.62946e+06
931 1.62949e+06
932 1.62951e+06
933 1.62951e+06
934 1.62951e+06
935 1.62954e+06
936 1.62957e+06
937 1.62961e+06
938 1.62962e+06
939 1.62966e+06
940 1.62971e+06
941 1.62977e+06
942 1.62982e+06
943 1.62986e+06
944 1.62998e+06
945 1.63e+06
946 1.63009e+06
947 1.6301e+06
948 1.63014e+06
949 1.63015e+06
950 1.63022e+06
951 1.63031e+06
952 1.63038e+06
953 1.63042e+06
954 1.63051e+06
955 1.6306e+06
956 1.63064e+06
957 1.63072e+06
958 1.63075e+06
959 1.63081e+06
960 1.63085e+06
961 1.63094e+06
962 1.63096e+06
963 1.63102e+06
964 1.63105e+06
965 1.63109e+06
966 1.63115e+06
967 1.63116e+06
968 1.63125e+06
969 1.63132e+06
970 1.63132e+06
971 1.63134e+06
972 1.63138e+06
973 1.63147e+06
974 1.63149e+06
975 1.63151e+06
976 1.63155e+06
977 1.63162e+06
978 1.63171e+06
979 1.63171e+06
980 1.6318e+06
981 1.63187e+06
982 1.63195e+06
983 1.63197e+06
984 1.63199e+06
985 1.63204e+06
986 1.63212e+06
987 1.63218e+06
988 1.63219e+06
989 1.63223e+06
990 1.63227e+06
991 1.63231e+06
992 1.63232e+06
993 1.6324e+06
994 1.63246e+06
995 1.63247e+06
996 1.6325e+06
997 1.63258e+06
998 1.63261e+06
999 1.63261e+06
1000 1.63264e+06
