128 0.3 0.213
0 156776
1 1.56778e+06
2 1.56787e+06
3 1.56795e+06
4 1.56801e+06
5 1.56805e+06
6 1.56813e+06
7 1.56827e+06
8 1.56835e+06
9 1.5684e+06
10 1.56853e+06
11 1.56862e+06
12 1.5688e+06
13 1.569e+06
14 1.56911e+06
15 1.56922e+06
16 1.56926e+06
17 1.56931e+06
18 1.56938e+06
19 1.56938e+06
20 1.56956e+06
21 1.5696e+06
22 1.56965e+06
23 1.5697e+06
24 1.56978e+06
25 1.56983e+06
26 1.56985e+06
27 1.57004e+06
28 1.57009e+06
29 1.57023e+06
30 1.57055e+06
31 1.57055e+06
32 1.57093e+06
33 1.57097e+06
34 1.57101e+06
35 1.57109e+06
36 1.5713e+06
37 1.57141e+06
38 1.57169e+06
39 1.57183e+06
40 1.57186e+06
41 1.57196e+06
42 1.57204e+06
43 1.57213e+06
44 1.57226e+06
45 1.5723e+06
46 1.57235e+06
47 1.57241e+06
48 1.5726e+06
49 1.57268e+06
50 1.57275e+06
51 1.57285e+06
52 1.57296e+06
53 1.57305e+06
54 1.57309e+06
55 1.57319e+06
56 1.57324e+06
57 1.57332e+06
58 1.57345e+06
59 1.57356e+06
60 1.57364e+06
61 1.57372e+06
62 1.57373e+06
63 1.57383e+06
64 1.57397e+06
65 1.57414e+06
66 1.57428e+06
67 1.57437e+06
68 1.57443e+06
69 1.57447e+06
70 1.5745e+06
71 1.57456e+06
72 1.57464e+06
73 1.57477e+06
74 1.57487e+06
75 1.57496e+06
76 1.57505e+06
77 1.57508e+06
78 1.57509e+06
79 1.57512e+06
80 1.57523e+06
81 1.57536e+06
82 1.57554e+06
83 1.57558e+06
84 1.57561e+06
85 1.57567e+06
86 1.57566e+06
87 1.57582e+06
88 1.5759e+06
89 1.57591e+06
90 1.57603e+06
91 1.5761e+06
92 1.57616e+06
93 1.57628e+06
94 1.57629e+06
95 1.57652e+06
96 1.57659e+06
97 1.5767e+06
98 1.57675e+06
99 1.57682e+06
100 1.57694e+06
101 1.57707e+06
102 1.5771e+06
103 1.57736e+06
104 1.57737e+06
105 1.57743e+06
106 1.57744e+06
107 1.57764e+06
108 1.57771e+06
109 1.57785e+06
110 1.57798e+06
111 1.57819e+06
112 1.57819e+06
113 1.57832e+06
114 1.57834e+06
115 1.5784e+06
116 1.57846e+06
117 1.57855e+06
118 1.57858e+06
119 1.57858e+06
120 1.57865e+06
121 1.57867e+06
122 1.57874e+06
123 1.57881e+06
124 1.57894e+06
125 1.57908e+06
126 1.57916e+06
127 1.57926e+06
128 1.57926e+06
129 1.57952e+06
130 1.57963e+06
131 1.57973e+06
132 1.57981e+06
133 1.57998e+06
134 1.58012e+06
135 1.58019e+06
136 1.58032e+06
137 1.58038e+06
138 1.58056e+06
139 1.58075e+06
140 1.58082e+06
141 1.58088e+06
142 1.58094e+06
143 1.58102e+06
144 1.58108e+06
145 1.58123e+06
146 1.5813e+06
147 1.58132e+06
148 1.58135e+06
149 1.58153e+06
150 1.58162e+06
151 1.58176e+06
152 1.58198e+06
153 1.58204e+06
154 1.58208e+06
155 1.58214e+06
156 1.58214e+06
157 1.58225e+06
158 1.5823e+06
159 1.58234e+06
160 1.58239e+06
161 1.58249e+06
162 1.58249e+06
163 1.58257e+06
164 1.58264e+06
165 1.58267e+06
166 1.58274e+06
167 1.58292e+06
168 1.5831e+06
169 1.58321e+06
170 1.58329e+06
171 1.58337e+06
172 1.58343e+06
173 1.58354e+06
174 1.58356e+06
175 1.58368e+06
176 1.58376e+06
177 1.58387e+06
178 1.58389e+06
179 1.58393e+06
180 1.58402e+06
181 1.58407e+06
182 1.58415e+06
183 1.58417e+06
184 1.58423e+06
185 1.58424e+06
186 1.58447e+06
187 1.58456e+06
188 1.58467e+06
189 1.58478e+06
190 1.5848e+06
191 1.58483e+06
192 1.58494e+06
193 1.58496e+06
194 1.58503e+06
195 1.58518e+06
196 1.58532e+06
197 1.58543e+06
198 1.58551e+06
199 1.58562e+06
200 1.58563e+06
201 1.58568e+06
202 1.58581e+06
203 1.58588e+06
204 1.58592e+06
205 1.58595e+06
206 1.58603e+06
207 1.58609e+06
208 1.58628e+06
209 1.58633e+06
210 1.58641e+06
211 1.58643e+06
212 1.58643e+06
213 1.58644e+06
214 1.5865e+06
215 1.58664e+06
216 1.58667e+06
217 1.58675e+06
218 1.58685e+06
219 1.58706e+06
220 1.58709e+06
221 1.58714e+06
222 1.58721e+06
223 1.58726e+06
224 1.58727e+06
225 1.5874e+06
226 1.58746e+06
227 1.58748e+06
228 1.58749e+06
229 1.58749e+06
230 1.58753e+06
231 1.58753e+06
232 1.58757e+06
233 1.58765e+06
234 1.58775e+06
235 1.58786e+06
236 1.58797e+06
237 1.58808e+06
238 1.58813e+06
239 1.58815e+06
240 1.5882e+06
241 1.58821e+06
242 1.58826e+06
243 1.58831e+06
244 1.58833e+06
245 1.5884e+06
246 1.58844e+06
247 1.5885e+06
248 1.58865e+06
249 1.58877e+06
250 1.58878e+06
251 1.58891e+06
252 1.5889e+06
253 1.58905e+06
254 1.58911e+06
255 1.58915e+06
256 1.58928e+06
257 1.58937e+06
258 1.58943e+06
259 1.58951e+06
260 1.58952e+06
261 1.58959e+06
262 1.58965e+06
263 1.58968e+06
264 1.58969e+06
265 1.58979e+06
266 1.58992e+06
267 1.58993e+06
268 1.59007e+06
269 1.59013e+06
270 1.5902e+06
271 1.5903e+06
272 1.59042e+06
273 1.59044e+06
274 1.59052e+06
275 1.59055e+06
276 1.59059e+06
277 1.59064e+06
278 1.59067e+06
279 1.59068e+06
280 1.5907e+06
281 1.59071e+06
282 1.5907e+06
283 1.59078e+06
284 1.59084e+06
285 1.59088e+06
286 1.59094e+06
287 1.59102e+06
288 1.59108e+06
289 1.59127e+06
290 1.59133e+06
291 1.59144e+06
292 1.59147e+06
293 1.59162e+06
294 1.59165e+06
295 1.59168e+06
296 1.59181e+06
297 1.59185e+06
298 1.59205e+06
299 1.59212e+06
300 1.59218e+06
301 1.59219e+06
302 1.59234e+06
303 1.59242e+06
304 1.59249e+06
305 1.59252e+06
306 1.59262e+06
307 1.59271e+06
308 1.59278e+06
309 1.59279e+06
310 1.5929e+06
311 1.59294e+06
312 1.59294e+06
313 1.59302e+06
314 1.59307e+06
315 1.59314e+06
316 1.59323e+06
317 1.59331e+06
318 1.59347e+06
319 1.59348e+06
320 1.59354e+06
321 1.59376e+06
322 1.5939e+06
323 1.59398e+06
324 1.59406e+06
325 1.59413e+06
326 1.59424e+06
327 1.59437e+06
328 1.59441e+06
329 1.59445e+06
330 1.59452e+06
331 1.5946e+06
332 1.59466e+06
333 1.59478e+06
334 1.59484e+06
335 1.59488e+06
336 1.59492e+06
337 1.59502e+06
338 1.59505e+06
339 1.59518e+06
340 1.59522e+06
341 1.59539e+06
342 1.59539e+06
343 1.59548e+06
344 1.59557e+06
345 1.59564e+06
346 1.59572e+06
347 1.59578e+06
348 1.59586e+06
349 1.59598e+06
350 1.596e+06
351 1.59604e+06
352 1.59605e+06
353 1.59609e+06
354 1.59616e+06
355 1.59626e+06
356 1.59635e+06
357 1.59642e+06
358 1.59645e+06
359 1.59649e+06
360 1.59652e+06
361 1.59672e+06
362 1.59679e+06
363 1.59686e+06
364 1.59698e+06
365 1.597e+06
366 1.59702e+06
367 1.59706e+06
368 1.59723e+06
369 1.5974e+06
370 1.59746e+06
371 1.59752e+06
372 1.59759e+06
373 1.59763e+06
374 1.59766e+06
375 1.59779e+06
376 1.5978e+06
377 1.59782e+06
378 1.59784e+06
379 1.5979e+06
380 1.59801e+06
381 1.59807e+06
382 1.59813e+06
383 1.59829e+06
384 1.59835e+06
385 1.59837e+06
386 1.59841e+06
387 1.59843e+06
388 1.59847e+06
389 1.59855e+06
390 1.5986e+06
391 1.59866e+06
392 1.59882e+06
393 1.59896e+06
394 1.59897e+06
395 1.59896e+06
396 1.59904e+06
397 1.59906e+06
398 1.59915e+06
399 1.59918e+06
400 1.59928e+06
401 1.59936e+06
402 1.5994e+06
403 1.5995e+06
404 1.59953e+06
405 1.59965e+06
406 1.5997e+06
407 1.59982e+06
408 1.59983e+06
409 1.59988e+06
410 1.5999e+06
411 1.59994e+06
412 1.60004e+06
413 1.60006e+06
414 1.60018e+06
415 1.60022e+06
416 1.60041e+06
417 1.60048e+06
418 1.60055e+06
419 1.60056e+06
420 1.6006e+06
421 1.60064e+06
422 1.60094e+06
423 1.60106e+06
424 1.60108e+06
425 1.60114e+06
426 1.60116e+06
427 1.60116e+06
428 1.60121e+06
429 1.6013e+06
430 1.60143e+06
431 1.60155e+06
432 1.60163e+06
433 1.60162e+06
434 1.60166e+06
435 1.6017e+06
436 1.60185e+06
437 1.60198e+06
438 1.602e+06
439 1.60208e+06
440 1.60212e+06
441 1.60231e+06
442 1.60236e+06
443 1.60245e+06
444 1.60256e+06
445 1.60256e+06
446 1.60258e+06
447 1.60265e+06
448 1.60271e+06
449 1.60272e+06
450 1.60286e+06
451 1.60292e+06
452 1.60309e+06
453 1.60311e+06
454 1.6032e+06
455 1.6033e+06
456 1.6033e+06
457 1.60336e+06
458 1.60336e+06
459 1.60348e+06
460 1.60365e+06
461 1.60368e+06
462 1.6038e+06
463 1.60382e+06
464 1.60388e+06
465 1.604e+06
466 1.60413e+06
467 1.60418e+06
468 1.60427e+06
469 1.60433e+06
470 1.60441e+06
471 1.60446e+06
472 1.60448e+06
473 1.60457e+06
474 1.60462e+06
475 1.60464e+06
476 1.60476e+06
477 1.60488e+06
478 1.60493e+06
479 1.60508e+06
480 1.60518e+06
481 1.6052e+06
482 1.60529e+06
483 1.60534e+06
484 1.60541e+06
485 1.6054e+06
486 1.60545e+06
487 1.60552e+06
488 1.60556e+06
489 1.60561e+06
490 1.60561e+06
491 1.60561e+06
492 1.60562e+06
493 1.60566e+06
494 1.60571e+06
495 1.60572e+06
496 1.60577e+06
497 1.6059e+06
498 1.60601e+06
499 1.60601e+06
500 1.60603e+06
501 1.60606e+06
502 1.6061e+06
503 1.60615e+06
504 1.60616e+06
505 1.60626e+06
506 1.60628e+06
507 1.60638e+06
508 1.60641e+06
509 1.6065e+06
510 1.60652e+06
511 1.60666e+06
512 1.60672e+06
513 1.60681e+06
514 1.60685e+06
515 1.60689e+06
516 1.60705e+06
517 1.60706e+06
518 1.60717e+06
519 1.60732e+06
520 1.60732e+06
521 1.60743e+06
522 1.60756e+06
523 1.60758e+06
524 1.6076e+06
525 1.60772e+06
526 1.60785e+06
527 1.60793e+06
528 1.60803e+06
529 1.60807e+06
530 1.6081e+06
531 1.60812e+06
532 1.60817e+06
533 1.60824e+06
534 1.60826e+06
535 1.60832e+06
536 1.60835e+06
537 1.60839e+06
538 1.60842e+06
539 1.60849e+06
540 1.60853e+06
541 1.60855e+06
542 1.60863e+06
543 1.60868e+06
544 1.60873e+06
545 1.60878e+06
546 1.60885e+06
547 1.60891e+06
548 1.60898e+06
549 1.60906e+06
550 1.6091e+06
551 1.60913e+06
552 1.60918e+06
553 1.60926e+06
554 1.60926e+06
555 1.60935e+06
556 1.60945e+06
557 1.60948e+06
558 1.60948e+06
559 1.60954e+06
560 1.60957e+06
561 1.60957e+06
562 1.60959e+06
563 1.60962e+06
564 1.60981e+06
565 1.60982e+06
566 1.60984e+06
567 1.60984e+06
568 1.60986e+06
569 1.60995e+06
570 1.60995e+06
571 1.60999e+06
572 1.61e+06
573 1.61003e+06
574 1.61018e+06
575 1.61023e+06
576 1.61028e+06
577 1.61037e+06
578 1.6104e+06
579 1.61041e+06
580 1.61051e+06
581 1.61068e+06
582 1.6107e+06
583 1.61076e+06
584 1.61077e+06
585 1.61082e+06
586 1.61086e+06
587 1.61089e+06
588 1.61095e+06
589 1.61096e+06
590 1.61098e+06
591 1.61105e+06
592 1.61109e+06
593 1.61118e+06
594 1.61124e+06
595 1.61129e+06
596 1.61135e+06
597 1.61141e+06
598 1.61141e+06
599 1.61151e+06
600 1.61157e+06
601 1.61165e+06
602 1.61177e+06
603 1.61187e+06
604 1.61193e+06
605 1.612e+06
606 1.61203e+06
607 1.61212e+06
608 1.61221e+06
609 1.61226e+06
610 1.61226e+06
611 1.61227e+06
612 1.61232e+06
613 1.61232e+06
614 1.61236e+06
615 1.61253e+06
616 1.61256e+06
617 1.6126e+06
618 1.61264e+06
619 1.6127e+06
620 1.61275e+06
621 1.61279e+06
622 1.61282e+06
623 1.61283e+06
624 1.61283e+06
625 1.61288e+06
626 1.6129e+06
627 1.61292e+06
628 1.61298e+06
629 1.61311e+06
630 1.61312e+06
631 1.61315e+06
632 1.61323e+06
633 1.61334e+06
634 1.61341e+06
635 1.61342e+06
636 1.61348e+06
637 1.61352e+06
638 1.61356e+06
639 1.61358e+06
640 1.61358e+06
641 1.61372e+06
642 1.61378e+06
643 1.61381e+06
644 1.61384e+06
645 1.61387e+06
646 1.61392e+06
647 1.61403e+06
648 1.61414e+06
649 1.6142e+06
650 1.61424e+06
651 1.61432e+06
652 1.61441e+06
653 1.61445e+06
654 1.61447e+06
655 1.61447e+06
656 1.61458e+06
657 1.61461e+06
658 1.61466e+06
659 1.61466e+06
660 1.61468e+06
661 1.6148e+06
662 1.61489e+06
663 1.61493e+06
664 1.61494e+06
665 1.61499e+06
666 1.61504e+06
667 1.6151e+06
668 1.61512e+06
669 1.61512e+06
670 1.61515e+06
671 1.61519e+06
672 1.61522e+06
673 1.61527e+06
674 1.6153e+06
675 1.61539e+06
676 1.61544e+06
677 1.61552e+06
678 1.61553e+06
679 1.61555e+06
680 1.6156e+06
681 1.61576e+06
682 1.61585e+06
683 1.61588e+06
684 1.61595e+06
685 1.61603e+06
686 1.61609e+06
687 1.61612e+06
688 1.61615e+06
689 1.61619e+06
690 1.61621e+06
691 1.61633e+06
692 1.61634e+06
693 1.61648e+06
694 1.61652e+06
695 1.61655e+06
696 1.61666e+06
697 1.61673e+06
698 1.61673e+06
699 1.61672e+06
700 1.61675e+06
701 1.61684e+06
702 1.61688e+06
703 1.61689e+06
704 1.61711e+06
705 1.61714e+06
706 1.61717e+06
707 1.61721e+06
708 1.61724e+06
709 1.61734e+06
710 1.61737e+06
711 1.61742e+06
712 1.61743e+06
713 1.6175e+06
714 1.61753e+06
715 1.61757e+06
716 1.61761e+06
717 1.61769e+06
718 1.61773e+06
719 1.61779e+06
720 1.61779e+06
721 1.61787e+06
722 1.6179e+06
723 1.61794e+06
724 1.61795e+06
725 1.61795e+06
726 1.61798e+06
727 1.61805e+06
728 1.61818e+06
729 1.61819e+06
730 1.6183e+06
731 1.61836e+06
732 1.61842e+06
733 1.61844e+06
734 1.61847e+06
735 1.61858e+06
736 1.61866e+06
737 1.61868e+06
738 1.6188e+06
739 1.61886e+06
740 1.61887e+06
741 1.61892e+06
742 1.61901e+06
743 1.61906e+06
744 1.61919e+06
745 1.61929e+06
746 1.61936e+06
747 1.61938e+06
748 1.61939e+06
749 1.6195e+06
750 1.61959e+06
751 1.61964e+06
752 1.61965e+06
753 1.61971e+06
754 1.61978e+06
755 1.61979e+06
756 1.61994e+06
757 1.61997e+06
758 1.62008e+06
759 1.62008e+06
760 1.62014e+06
761 1.62016e+06
762 1.62024e+06
763 1.62031e+06
764 1.62036e+06
765 1.62049e+06
766 1.62051e+06
767 1.62052e+06
768 1.62056e+06
769 1.6206e+06
770 1.62062e+06
771 1.62065e+06
772 1.62073e+06
773 1.62075e+06
774 1.62078e+06
775 1.62081e+06
776 1.6209e+06
777 1.62096e+06
778 1.62095e+06
779 1.62102e+06
780 1.6211e+06
781 1.62115e+06
782 1.62115e+06
783 1.62121e+06
784 1.62124e+06
785 1.62129e+06
786 1.62134e+06
787 1.62141e+06
788 1.62158e+06
789 1.62163e+06
790 1.62165e+06
791 1.62174e+06
792 1.62177e+06
793 1.62178e+06
794 1.62179e+06
795 1.62191e+06
796 1.62204e+06
797 1.62208e+06
798 1.62211e+06
799 1.62216e+06
800 1.6222e+06
801 1.62232e+06
802 1.62237e+06
803 1.62238e+06
804 1.62243e+06
805 1.62249e+06
806 1.62249e+06
807 1.62258e+06
808 1.62263e+06
809 1.62268e+06
810 1.62274e+06
811 1.62289e+06
812 1.6229e+06
813 1.62291e+06
814 1.62293e+06
815 1.62297e+06
816 1.62303e+06
817 1.62306e+06
818 1.6231e+06
819 1.62311e+06
820 1.62312e+06
821 1.6232e+06
822 1.62323e+06
823 1.62331e+06
824 1.62337e+06
825 1.62342e+06
826 1.62352e+06
827 1.62354e+06
828 1.62364e+06
829 1.62381e+06
830 1.62386e+06
831 1.62389e+06
832 1.62393e+06
833 1.62396e+06
834 1.62397e+06
835 1.62402e+06
836 1.62408e+06
837 1.62412e+06
838 1.62412e+06
839 1.62415e+06
840 1.62417e+06
841 1.62424e+06
842 1.62434e+06
843 1.62436e+06
844 1.6244e+06
845 1.62441e+06
846 1.62444e+06
847 1.6245e+06
848 1.62453e+06
849 1.62454e+06
850 1.62456e+06
851 1.62464e+06
852 1.62467e+06
853 1.62473e+06
854 1.62484e+06
855 1.62502e+06
856 1.62502e+06
857 1.62504e+06
858 1.62517e+06
859 1.62519e+06
860 1.62523e+06
861 1.62527e+06
862 1.62528e+06
863 1.6254e+06
864 1.6254e+06
865 1.62545e+06
866 1.62552e+06
867 1.62555e+06
868 1.62558e+06
869 1.62558e+06
870 1.62563e+06
871 1.62563e+06
872 1.62563e+06
873 1.62569e+06
874 1.62573e+06
875 1.62578e+06
876 1.62583e+06
877 1.62586e+06
878 1.62588e+06
879 1.62595e+06
880 1.62595e+06
881 1.62595e+06
882 1.626e+06
883 1.62606e+06
884 1.62605e+06
885 1.62615e+06
886 1.6262e+06
887 1.62621e+06
888 1.62622e+06
889 1.62633e+06
890 1.62634e+06
891 1.62639e+06
892 1.62654e+06
893 1.62658e+06
894 1.6266e+06
895 1.6266e+06
896 1.62668e+06
897 1.62671e+06
898 1.62672e+06
899 1.62672e+06
900 1.62677e+06
901 1.62678e+06
902 1.62687e+06
903 1.62689e+06
904 1.62695e+06
905 1.62698e+06
906 1.62699e+06
907 1.62701e+06
908 1.62702e+06
909 1.62706e+06
910 1.62711e+06
911 1.62712e+06
912 1.62716e+06
913 1.6272e+06
914 1.62724e+06
915 1.62724e+06
916 1.62724e+06
917 1.62734e+06
918 1.6274e+06
919 1.62752e+06
920 1.62752e+06
921 1.62758e+06
922 1.6276e+06
923 1.6276e+06
924 1.62764e+06
925 1.62768e+06
926 1.62768e+06
927 1.62771e+06
928 1.62771e+06
929 1.62777e+06
930 1.62789e+06
931 1.62797e+06
932 1.62804e+06
933 1.62805e+06
934 1.62812e+06
935 1.62813e+06
936 1.62816e+06
937 1.62819e+06
938 1.6282e+06
939 1.62825e+06
940 1.62827e+06
941 1.62835e+06
942 1.62841e+06
943 1.62843e+06
944 1.62848e+06
945 1.62855e+06
946 1.62872e+06
947 1.62885e+06
948 1.62887e+06
949 1.62894e+06
950 1.62896e+06
951 1.62898e+06
952 1.62899e+06
953 1.6291e+06
954 1.62911e+06
955 1.62916e+06
956 1.62916e+06
957 1.62918e+06
958 1.62922e+06
959 1.62927e+06
960 1.62931e+06
961 1.62944e+06
962 1.62949e+06
963 1.62954e+06
964 1.62956e+06
965 1.62964e+06
966 1.62974e+06
967 1.62978e+06
968 1.62988e+06
969 1.62991e+06
970 1.62992e+06
971 1.63009e+06
972 1.63018e+06
973 1.63025e+06
974 1.63028e+06
975 1.6303e+06
976 1.63034e+06
977 1.63039e+06
978 1.63047e+06
979 1.63051e+06
980 1.63051e+06
981 1.63053e+06
982 1.63058e+06
983 1.63063e+06
984 1.63065e+06
985 1.63065e+06
986 1.63066e+06
987 1.63067e+06
988 1.6307e+06
989 1.63084e+06
990 1.63084e+06
991 1.63087e+06
992 1.63095e+06
993 1.63096e+06
994 1.63097e+06
995 1.63102e+06
996 1.63105e+06
997 1.63115e+06
998 1.63115e+06
999 1.63118e+06
1000 1.63119e+06
