128 0.3 0.411
0 156776
1 1.56801e+06
2 1.5682e+06
3 1.56824e+06
4 1.56831e+06
5 1.5684e+06
6 1.56841e+06
7 1.56871e+06
8 1.56891e+06
9 1.56891e+06
10 1.56907e+06
11 1.5691e+06
12 1.56922e+06
13 1.56929e+06
14 1.56935e+06
15 1.56951e+06
16 1.56967e+06
17 1.56975e+06
18 1.56984e+06
19 1.57004e+06
20 1.57008e+06
21 1.57023e+06
22 1.57028e+06
23 1.57041e+06
24 1.57044e+06
25 1.57055e+06
26 1.57061e+06
27 1.57085e+06
28 1.5709e+06
29 1.57101e+06
30 1.57115e+06
31 1.5712e+06
32 1.57122e+06
33 1.57128e+06
34 1.57128e+06
35 1.57138e+06
36 1.57141e+06
37 1.57147e+06
38 1.57148e+06
39 1.57168e+06
40 1.57176e+06
41 1.57194e+06
42 1.5722e+06
43 1.57223e+06
44 1.57232e+06
45 1.5725e+06
46 1.57268e+06
47 1.57283e+06
48 1.57293e+06
49 1.57302e+06
50 1.57312e+06
51 1.57314e+06
52 1.57337e+06
53 1.57351e+06
54 1.57358e+06
55 1.57369e+06
56 1.57393e+06
57 1.574e+06
58 1.57401e+06
59 1.57419e+06
60 1.57429e+06
61 1.57433e+06
62 1.57441e+06
63 1.57448e+06
64 1.57453e+06
65 1.57466e+06
66 1.57485e+06
67 1.57487e+06
68 1.57492e+06
69 1.57496e+06
70 1.57498e+06
71 1.57502e+06
72 1.57516e+06
73 1.57525e+06
74 1.5753e+06
75 1.57536e+06
76 1.57542e+06
77 1.57563e+06
78 1.5757e+06
79 1.57575e+06
80 1.57594e+06
81 1.57605e+06
82 1.57612e+06
83 1.5762e+06
84 1.5763e+06
85 1.57642e+06
86 1.57654e+06
87 1.5766e+06
88 1.57669e+06
89 1.57688e+06
90 1.57693e+06
91 1.57699e+06
92 1.577e+06
93 1.57708e+06
94 1.57714e+06
95 1.57723e+06
96 1.57727e+06
97 1.57733e+06
98 1.57736e+06
99 1.57738e+06
100 1.57746e+06
101 1.57754e+06
102 1.5777e+06
103 1.57773e+06
104 1.5778e+06
105 1.5779e+06
106 1.57798e+06
107 1.57813e+06
108 1.57832e+06
109 1.57841e+06
110 1.57849e+06
111 1.5786e+06
112 1.57862e+06
113 1.57873e+06
114 1.57879e+06
115 1.57902e+06
116 1.57909e+06
117 1.57913e+06
118 1.57919e+06
119 1.57935e+06
120 1.57939e+06
121 1.57945e+06
122 1.5795e+06
123 1.57955e+06
124 1.57968e+06
125 1.57976e+06
126 1.57983e+06
127 1.57999e+06
128 1.58003e+06
129 1.5801e+06
130 1.58012e+06
131 1.58018e+06
132 1.58023e+06
133 1.58034e+06
134 1.5804e+06
135 1.58047e+06
136 1.58055e+06
137 1.58056e+06
138 1.58065e+06
139 1.58069e+06
140 1.58079e+06
141 1.58083e+06
142 1.58086e+06
143 1.58097e+06
144 1.58104e+06
145 1.5811e+06
146 1.58119e+06
147 1.58124e+06
148 1.5813e+06
149 1.58136e+06
150 1.58144e+06
151 1.58149e+06
152 1.58154e+06
153 1.58161e+06
154 1.58166e+06
155 1.5817e+06
156 1.58192e+06
157 1.58196e+06
158 1.58202e+06
159 1.58205e+06
160 1.58215e+06
161 1.58228e+06
162 1.5824e+06
163 1.58248e+06
164 1.58256e+06
165 1.58264e+06
166 1.58274e+06
167 1.58278e+06
168 1.58286e+06
169 1.58296e+06
170 1.58302e+06
171 1.58309e+06
172 1.58315e+06
173 1.58323e+06
174 1.58332e+06
175 1.58339e+06
176 1.58345e+06
177 1.58346e+06
178 1.58355e+06
179 1.58366e+06
180 1.58371e+06
181 1.5838e+06
182 1.58397e+06
183 1.58398e+06
184 1.58407e+06
185 1.58414e+06
186 1.58421e+06
187 1.58426e+06
188 1.58432e+06
189 1.58439e+06
190 1.58449e+06
191 1.58464e+06
192 1.58467e+06
193 1.5847e+06
194 1.58477e+06
195 1.58492e+06
196 1.58497e+06
197 1.58521e+06
198 1.58528e+06
199 1.58536e+06
200 1.58538e+06
201 1.58544e+06
202 1.58555e+06
203 1.5856e+06
204 1.58578e+06
205 1.58581e+06
206 1.58589e+06
207 1.58592e+06
208 1.586e+06
209 1.58612e+06
210 1.58619e+06
211 1.58621e+06
212 1.58631e+06
213 1.58642e+06
214 1.58648e+06
215 1.58658e+06
216 1.58666e+06
217 1.58668e+06
218 1.5867e+06
219 1.58675e+06
220 1.58682e+06
221 1.58685e+06
222 1.58691e+06
223 1.58692e+06
224 1.58701e+06
225 1.58704e+06
226 1.58716e+06
227 1.58722e+06
228 1.58732e+06
229 1.58743e+06
230 1.58757e+06
231 1.5876e+06
232 1.58763e+06
233 1.58776e+06
234 1.58782e+06
235 1.58784e+06
236 1.58786e+06
237 1.58793e+06
238 1.58795e+06
239 1.588e+06
240 1.58809e+06
241 1.58821e+06
242 1.58825e+06
243 1.58831e+06
244 1.58839e+06
245 1.58842e+06
246 1.58852e+06
247 1.58855e+06
248 1.58861e+06
249 1.58864e+06
250 1.5887e+06
251 1.58882e+06
252 1.58898e+06
253 1.5891e+06
254 1.58919e+06
255 1.5893e+06
256 1.58937e+06
257 1.58944e+06
258 1.58948e+06
259 1.58951e+06
260 1.58951e+06
261 1.58958e+06
262 1.5897e+06
263 1.5897e+06
264 1.58973e+06
265 1.58985e+06
266 1.58997e+06
267 1.59009e+06
268 1.59013e+06
269 1.59019e+06
270 1.59035e+06
271 1.59043e+06
272 1.59049e+06
273 1.59056e+06
274 1.59068e+06
275 1.59074e+06
276 1.59091e+06
277 1.591e+06
278 1.59105e+06
279 1.5911e+06
280 1.59127e+06
281 1.59132e+06
282 1.59145e+06
283 1.59151e+06
284 1.5916e+06
285 1.59162e+06
286 1.59175e+06
287 1.59176e+06
288 1.59185e+06
289 1.59195e+06
290 1.59202e+06
291 1.59207e+06
292 1.59216e+06
293 1.59224e+06
294 1.59236e+06
295 1.59246e+06
296 1.59248e+06
297 1.59257e+06
298 1.59265e+06
299 1.59268e+06
300 1.59283e+06
301 1.59298e+06
302 1.59299e+06
303 1.59302e+06
304 1.59316e+06
305 1.59325e+06
306 1.5933e+06
307 1.59339e+06
308 1.59353e+06
309 1.59361e+06
310 1.59368e+06
311 1.59369e+06
312 1.59372e+06
313 1.59395e+06
314 1.59398e+06
315 1.59406e+06
316 1.5941e+06
317 1.59413e+06
318 1.59417e+06
319 1.59429e+06
320 1.59432e+06
321 1.5945e+06
322 1.59459e+06
323 1.5947e+06
324 1.59479e+06
325 1.59482e+06
326 1.59489e+06
327 1.59493e+06
328 1.59494e+06
329 1.59498e+06
330 1.59506e+06
331 1.59508e+06
332 1.59513e+06
333 1.59529e+06
334 1.59532e+06
335 1.59537e+06
336 1.59547e+06
337 1.59555e+06
338 1.59562e+06
339 1.59562e+06
340 1.59571e+06
341 1.59577e+06
342 1.59581e+06
343 1.59591e+06
344 1.59592e+06
345 1.59595e+06
346 1.59602e+06
347 1.59606e+06
348 1.59616e+06
349 1.59624e+06
350 1.59638e+06
351 1.59643e+06
352 1.5965e+06
353 1.59655e+06
354 1.59656e+06
355 1.59665e+06
356 1.59667e+06
357 1.59675e+06
358 1.59676e+06
359 1.59683e+06
360 1.59686e+06
361 1.59687e+06
362 1.59701e+06
363 1.59703e+06
364 1.59706e+06
365 1.59709e+06
366 1.59725e+06
367 1.5973e+06
368 1.59734e+06
369 1.59736e+06
370 1.59747e+06
371 1.59749e+06
372 1.5975e+06
373 1.59766e+06
374 1.5977e+06
375 1.59774e+06
376 1.59775e+06
377 1.59783e+06
378 1.5979e+06
379 1.59793e+06
380 1.59797e+06
381 1.59802e+06
382 1.59806e+06
383 1.5981e+06
384 1.59816e+06
385 1.59824e+06
386 1.59831e+06
387 1.59834e+06
388 1.59838e+06
389 1.59845e+06
390 1.59853e+06
391 1.59861e+06
392 1.59873e+06
393 1.59877e+06
394 1.59882e+06
395 1.59895e+06
396 1.59902e+06
397 1.59908e+06
398 1.5991e+06
399 1.59914e+06
400 1.59918e+06
401 1.59926e+06
402 1.59932e+06
403 1.59938e+06
404 1.59946e+06
405 1.59954e+06
406 1.59968e+06
407 1.59983e+06
408 1.59991e+06
409 1.59997e+06
410 1.60006e+06
411 1.60011e+06
412 1.60014e+06
413 1.6002e+06
414 1.60021e+06
415 1.60027e+06
416 1.60032e+06
417 1.60035e+06
418 1.60036e+06
419 1.60043e+06
420 1.60049e+06
421 1.60054e+06
422 1.60072e+06
423 1.60075e+06
424 1.60084e+06
425 1.60092e+06
426 1.60101e+06
427 1.60106e+06
428 1.60112e+06
429 1.6012e+06
430 1.6012e+06
431 1.60121e+06
432 1.60131e+06
433 1.60146e+06
434 1.60155e+06
435 1.60156e+06
436 1.60159e+06
437 1.6017e+06
438 1.60172e+06
439 1.60174e+06
440 1.60184e+06
441 1.60187e+06
442 1.60196e+06
443 1.60197e+06
444 1.602e+06
445 1.60203e+06
446 1.60204e+06
447 1.60222e+06
448 1.6023e+06
449 1.60238e+06
450 1.60253e+06
451 1.60268e+06
452 1.60274e+06
453 1.60275e+06
454 1.60277e+06
455 1.6028e+06
456 1.60283e+06
457 1.60286e+06
458 1.60291e+06
459 1.60293e+06
460 1.60296e+06
461 1.60302e+06
462 1.60312e+06
463 1.60325e+06
464 1.60329e+06
465 1.60334e+06
466 1.60342e+06
467 1.60351e+06
468 1.60357e+06
469 1.60359e+06
470 1.60364e+06
471 1.6037e+06
472 1.60374e+06
473 1.6038e+06
474 1.60382e+06
475 1.60394e+06
476 1.60396e+06
477 1.60401e+06
478 1.60414e+06
479 1.60422e+06
480 1.60428e+06
481 1.60433e+06
482 1.6044e+06
483 1.60444e+06
484 1.60458e+06
485 1.60469e+06
486 1.60474e+06
487 1.60485e+06
488 1.60488e+06
489 1.60492e+06
490 1.60501e+06
491 1.60514e+06
492 1.60531e+06
493 1.60536e+06
494 1.6054e+06
495 1.60542e+06
496 1.60551e+06
497 1.60557e+06
498 1.60563e+06
499 1.60571e+06
500 1.60585e+06
501 1.60594e+06
502 1.60596e+06
503 1.606e+06
504 1.60606e+06
505 1.60617e+06
506 1.60626e+06
507 1.60634e+06
508 1.60638e+06
509 1.60643e+06
510 1.6065e+06
511 1.60659e+06
512 1.6066e+06
513 1.6067e+06
514 1.60672e+06
515 1.60676e+06
516 1.60689e+06
517 1.60695e+06
518 1.60698e+06
519 1.60703e+06
520 1.60714e+06
521 1.60721e+06
522 1.60729e+06
523 1.60732e+06
524 1.60734e+06
525 1.60745e+06
526 1.60756e+06
527 1.60761e+06
528 1.60764e+06
529 1.60768e+06
530 1.60777e+06
531 1.60777e+06
532 1.60781e+06
533 1.60784e+06
534 1.60785e+06
535 1.60791e+06
536 1.60799e+06
537 1.60799e+06
538 1.60802e+06
539 1.60811e+06
540 1.60811e+06
541 1.6082e+06
542 1.60827e+06
543 1.60836e+06
544 1.60841e+06
545 1.60859e+06
546 1.60864e+06
547 1.60865e+06
548 1.6087e+06
549 1.60877e+06
550 1.60882e+06
551 1.60893e+06
552 1.60902e+06
553 1.60907e+06
554 1.60909e+06
555 1.60915e+06
556 1.60917e+06
557 1.6092e+06
558 1.60932e+06
559 1.60933e+06
560 1.60941e+06
561 1.60951e+06
562 1.60952e+06
563 1.60952e+06
564 1.6096e+06
565 1.60972e+06
566 1.60973e+06
567 1.60973e+06
568 1.60974e+06
569 1.6098e+06
570 1.60995e+06
571 1.60996e+06
572 1.61005e+06
573 1.6101e+06
574 1.61017e+06
575 1.6102e+06
576 1.61025e+06
577 1.61028e+06
578 1.61034e+06
579 1.61042e+06
580 1.61044e+06
581 1.61046e+06
582 1.61048e+06
583 1.61056e+06
584 1.6106e+06
585 1.61073e+06
586 1.61078e+06
587 1.61079e+06
588 1.61081e+06
589 1.61089e+06
590 1.6109e+06
591 1.61093e+06
592 1.61099e+06
593 1.61103e+06
594 1.61111e+06
595 1.61122e+06
596 1.61125e+06
597 1.61129e+06
598 1.61134e+06
599 1.61138e+06
600 1.6114e+06
601 1.61148e+06
602 1.61152e+06
603 1.61152e+06
604 1.61153e+06
605 1.61157e+06
606 1.61167e+06
607 1.61175e+06
608 1.61178e+06
609 1.61184e+06
610 1.61191e+06
611 1.61195e+06
612 1.61202e+06
613 1.61205e+06
614 1.61209e+06
615 1.61213e+06
616 1.61222e+06
617 1.61224e+06
618 1.61228e+06
619 1.61236e+06
620 1.61238e+06
621 1.6124e+06
622 1.61242e+06
623 1.6125e+06
624 1.61255e+06
625 1.61259e+06
626 1.61265e+06
627 1.61272e+06
628 1.61272e+06
629 1.61273e+06
630 1.61274e+06
631 1.61281e+06
632 1.61281e+06
633 1.61282e+06
634 1.61284e+06
635 1.61291e+06
636 1.61298e+06
637 1.613e+06
638 1.61305e+06
639 1.61314e+06
640 1.61318e+06
641 1.61318e+06
642 1.61323e+06
643 1.61325e+06
644 1.61326e+06
645 1.61329e+06
646 1.61338e+06
647 1.61352e+06
648 1.61358e+06
649 1.61362e+06
650 1.61382e+06
651 1.61388e+06
652 1.61392e+06
653 1.61402e+06
654 1.61405e+06
655 1.61409e+06
656 1.61418e+06
657 1.61424e+06
658 1.61429e+06
659 1.61436e+06
660 1.61445e+06
661 1.61445e+06
662 1.61458e+06
663 1.61462e+06
664 1.61469e+06
665 1.6147e+06
666 1.61483e+06
667 1.61489e+06
668 1.61497e+06
669 1.61504e+06
670 1.61511e+06
671 1.61517e+06
672 1.61526e+06
673 1.61536e+06
674 1.61536e+06
675 1.6154e+06
676 1.6154e+06
677 1.61546e+06
678 1.61551e+06
679 1.6156e+06
680 1.61568e+06
681 1.6157e+06
682 1.61582e+06
683 1.6159e+06
684 1.61593e+06
685 1.61605e+06
686 1.61614e+06
687 1.61617e+06
688 1.61626e+06
689 1.6163e+06
690 1.61636e+06
691 1.6164e+06
692 1.61656e+06
693 1.61664e+06
694 1.61672e+06
695 1.61676e+06
696 1.61677e+06
697 1.6168e+06
698 1.61684e+06
699 1.6169e+06
700 1.6169e+06
701 1.61696e+06
702 1.61696e+06
703 1.61701e+06
704 1.61702e+06
705 1.61704e+06
706 1.61705e+06
707 1.61709e+06
708 1.61714e+06
709 1.61724e+06
710 1.61732e+06
711 1.61745e+06
712 1.61751e+06
713 1.61752e+06
714 1.61756e+06
715 1.61764e+06
716 1.61773e+06
717 1.61779e+06
718 1.61784e+06
719 1.61786e+06
720 1.61789e+06
721 1.61794e+06
722 1.61798e+06
723 1.61803e+06
724 1.61806e+06
725 1.61809e+06
726 1.6181e+06
727 1.61813e+06
728 1.61818e+06
729 1.61822e+06
730 1.61823e+06
731 1.61825e+06
732 1.61826e+06
733 1.61832e+06
734 1.61836e+06
735 1.61844e+06
736 1.6185e+06
737 1.61852e+06
738 1.61854e+06
739 1.61855e+06
740 1.61868e+06
741 1.61876e+06
742 1.61878e+06
743 1.61879e+06
744 1.61879e+06
745 1.61882e+06
746 1.61893e+06
747 1.61898e+06
748 1.6191e+06
749 1.61919e+06
750 1.61924e+06
751 1.61931e+06
752 1.61937e+06
753 1.61953e+06
754 1.61956e+06
755 1.6196e+06
756 1.61961e+06
757 1.61961e+06
758 1.61962e+06
759 1.61966e+06
760 1.6197e+06
761 1.61979e+06
762 1.61985e+06
763 1.61989e+06
764 1.61992e+06
765 1.61998e+06
766 1.62003e+06
767 1.62005e+06
768 1.62008e+06
769 1.62014e+06
770 1.62017e+06
771 1.62021e+06
772 1.62033e+06
773 1.62033e+06
774 1.62037e+06
775 1.62048e+06
776 1.62054e+06
777 1.62056e+06
778 1.62066e+06
779 1.62072e+06
780 1.62073e+06
781 1.62082e+06
782 1.62087e+06
783 1.62097e+06
784 1.62104e+06
785 1.62106e+06
786 1.6211e+06
787 1.62119e+06
788 1.62123e+06
789 1.62123e+06
790 1.62127e+06
791 1.62128e+06
792 1.62137e+06
793 1.62152e+06
794 1.62154e+06
795 1.62157e+06
796 1.62162e+06
797 1.62163e+06
798 1.62174e+06
799 1.62178e+06
800 1.6219e+06
801 1.62199e+06
802 1.62207e+06
803 1.62207e+06
804 1.62211e+06
805 1.62213e+06
806 1.62224e+06
807 1.62226e+06
808 1.6223e+06
809 1.62237e+06
810 1.62252e+06
811 1.62256e+06
812 1.62263e+06
813 1.62269e+06
814 1.62278e+06
815 1.6228e+06
816 1.62282e+06
817 1.62286e+06
818 1.62292e+06
819 1.62298e+06
820 1.62312e+06
821 1.62312e+06
822 1.62318e+06
823 1.62319e+06
824 1.6233e+06
825 1.6234e+06
826 1.6234e+06
827 1.62343e+06
828 1.62346e+06
829 1.62356e+06
830 1.62363e+06
831 1.62363e+06
832 1.6237e+06
833 1.6237e+06
834 1.6237e+06
835 1.62372e+06
836 1.62378e+06
837 1.62381e+06
838 1.62381e+06
839 1.62382e+06
840 1.62392e+06
841 1.62396e+06
842 1.62402e+06
843 1.62402e+06
844 1.62406e+06
845 1.62416e+06
846 1.62419e+06
847 1.62426e+06
848 1.62436e+06
849 1.62446e+06
850 1.62459e+06
851 1.62469e+06
852 1.62473e+06
853 1.62476e+06
854 1.62488e+06
855 1.6249e+06
856 1.62505e+06
857 1.62507e+06
858 1.6251e+06
859 1.62515e+06
860 1.62515e+06
861 1.62517e+06
862 1.62526e+06
863 1.62529e+06
864 1.62544e+06
865 1.62544e+06
866 1.62548e+06
867 1.6255e+06
868 1.62554e+06
869 1.62564e+06
870 1.62575e+06
871 1.62575e+06
872 1.62577e+06
873 1.62582e+06
874 1.62585e+06
875 1.62593e+06
876 1.62595e+06
877 1.62595e+06
878 1.62599e+06
879 1.62602e+06
880 1.62609e+06
881 1.62616e+06
882 1.62621e+06
883 1.62635e+06
884 1.6264e+06
885 1.62642e+06
886 1.62647e+06
887 1.62647e+06
888 1.62647e+06
889 1.62647e+06
890 1.6265e+06
891 1.62654e+06
892 1.62665e+06
893 1.62678e+06
894 1.62694e+06
895 1.62701e+06
896 1.62707e+06
897 1.62712e+06
898 1.6272e+06
899 1.62722e+06
900 1.62728e+06
901 1.62728e+06
902 1.62729e+06
903 1.62735e+06
904 1.62735e+06
905 1.62744e+06
906 1.62744e+06
907 1.62745e+06
908 1.62748e+06
909 1.62754e+06
910 1.62755e+06
911 1.62761e+06
912 1.62761e+06
913 1.6277e+06
914 1.62772e+06
915 1.62774e+06
916 1.62777e+06
917 1.6278e+06
918 1.62786e+06
919 1.62788e+06
920 1.6279e+06
921 1.62791e+06
922 1.62795e+06
923 1.62801e+06
924 1.62805e+06
925 1.62808e+06
926 1.62815e+06
927 1.62816e+06
928 1.62824e+06
929 1.6283e+06
930 1.62839e+06
931 1.62845e+06
932 1.62846e+06
933 1.62846e+06
934 1.62856e+06
935 1.62861e+06
936 1.62872e+06
937 1.62873e+06
938 1.62877e+06
939 1.62881e+06
940 1.6289e+06
941 1.62891e+06
942 1.629e+06
943 1.62907e+06
944 1.6291e+06
945 1.62912e+06
946 1.62921e+06
947 1.62925e+06
948 1.62929e+06
949 1.62934e+06
950 1.62939e+06
951 1.62948e+06
952 1.62953e+06
953 1.62963e+06
954 1.62967e+06
955 1.62974e+06
956 1.62977e+06
957 1.62984e+06
958 1.62984e+06
959 1.62989e+06
960 1.62992e+06
961 1.62997e+06
962 1.62997e+06
963 1.63013e+06
964 1.63014e+06
965 1.63017e+06
966 1.63022e+06
967 1.63025e+06
968 1.6303e+06
969 1.6303e+06
970 1.63039e+06
971 1.63046e+06
972 1.63046e+06
973 1.6305e+06
974 1.6305e+06
975 1.63058e+06
976 1.6307e+06
977 1.63074e+06
978 1.63076e+06
979 1.63079e+06
980 1.63086e+06
981 1.63092e+06
982 1.63095e+06
983 1.63101e+06
984 1.63109e+06
985 1.63115e+06
986 1.63116e+06
987 1.63125e+06
988 1.63134e+06
989 1.63144e+06
990 1.63144e+06
991 1.63147e+06
992 1.6315e+06
993 1.63155e+06
994 1.63157e+06
995 1.6316e+06
996 1.63165e+06
997 1.6318e+06
998 1.63188e+06
999 1.63188e+06
1000 1.63202e+06
