128 0.3 0.432
0 156776
1 1.56782e+06
2 1.56794e+06
3 1.568e+06
4 1.56816e+06
5 1.56827e+06
6 1.56831e+06
7 1.56843e+06
8 1.56856e+06
9 1.56863e+06
10 1.56879e+06
11 1.56884e+06
12 1.56893e+06
13 1.56912e+06
14 1.56933e+06
15 1.56944e+06
16 1.56954e+06
17 1.56968e+06
18 1.5698e+06
19 1.56991e+06
20 1.56993e+06
21 1.56994e+06
22 1.57007e+06
23 1.57017e+06
24 1.57019e+06
25 1.57028e+06
26 1.57029e+06
27 1.5705e+06
28 1.57058e+06
29 1.57077e+06
30 1.57083e+06
31 1.571e+06
32 1.57105e+06
33 1.57108e+06
34 1.57118e+06
35 1.57127e+06
36 1.57137e+06
37 1.57152e+06
38 1.57154e+06
39 1.57165e+06
40 1.57166e+06
41 1.57183e+06
42 1.57188e+06
43 1.57194e+06
44 1.57204e+06
45 1.57214e+06
46 1.57227e+06
47 1.57234e+06
48 1.57242e+06
49 1.57252e+06
50 1.57261e+06
51 1.5727e+06
52 1.5728e+06
53 1.57286e+06
54 1.57296e+06
55 1.57304e+06
56 1.57316e+06
57 1.57331e+06
58 1.57334e+06
59 1.57352e+06
60 1.57357e+06
61 1.57358e+06
62 1.57372e+06
63 1.57379e+06
64 1.57385e+06
65 1.5739e+06
66 1.57404e+06
67 1.57408e+06
68 1.5742e+06
69 1.57437e+06
70 1.57448e+06
71 1.57455e+06
72 1.57464e+06
73 1.57474e+06
74 1.57475e+06
75 1.5749e+06
76 1.57499e+06
77 1.57504e+06
78 1.57509e+06
79 1.57516e+06
80 1.57537e+06
81 1.5754e+06
82 1.57545e+06
83 1.5756e+06
84 1.57569e+06
85 1.57573e+06
86 1.57596e+06
87 1.57605e+06
88 1.57622e+06
89 1.57624e+06
90 1.57626e+06
91 1.57635e+06
92 1.57643e+06
93 1.57652e+06
94 1.57656e+06
95 1.57664e+06
96 1.57676e+06
97 1.5768e+06
98 1.57688e+06
99 1.57696e+06
100 1.577e+06
101 1.57712e+06
102 1.57737e+06
103 1.57752e+06
104 1.57758e+06
105 1.57765e+06
106 1.57784e+06
107 1.57794e+06
108 1.57801e+06
109 1.57804e+06
110 1.57808e+06
111 1.57813e+06
112 1.57816e+06
113 1.57828e+06
114 1.57843e+06
115 1.57852e+06
116 1.57859e+06
117 1.57867e+06
118 1.57872e+06
119 1.5788e+06
120 1.57884e+06
121 1.57892e+06
122 1.57899e+06
123 1.57906e+06
124 1.57913e+06
125 1.5793e+06
126 1.57938e+06
127 1.57945e+06
128 1.5795e+06
129 1.57959e+06
130 1.57975e+06
131 1.57976e+06
132 1.57983e+06
133 1.57991e+06
134 1.58003e+06
135 1.5801e+06
136 1.58022e+06
137 1.58031e+06
138 1.58035e+06
139 1.58047e+06
140 1.58057e+06
141 1.58063e+06
142 1.58068e+06
143 1.58075e+06
144 1.58087e+06
145 1.58096e+06
146 1.58116e+06
147 1.58124e+06
148 1.58138e+06
149 1.58147e+06
150 1.5816e+06
151 1.58162e+06
152 1.58173e+06
153 1.58184e+06
154 1.58196e+06
155 1.58199e+06
156 1.58206e+06
157 1.58207e+06
158 1.58218e+06
159 1.58231e+06
160 1.58232e+06
161 1.58248e+06
162 1.58253e+06
163 1.58256e+06
164 1.58264e+06
165 1.58264e+06
166 1.58278e+06
167 1.58286e+06
168 1.58294e+06
169 1.58309e+06
170 1.58318e+06
171 1.58323e+06
172 1.58332e+06
173 1.58353e+06
174 1.58357e+06
175 1.58367e+06
176 1.58373e+06
177 1.58376e+06
178 1.58398e+06
179 1.58412e+06
180 1.58421e+06
181 1.58424e+06
182 1.5844e+06
183 1.58441e+06
184 1.58456e+06
185 1.58469e+06
186 1.58469e+06
187 1.58486e+06
188 1.58502e+06
189 1.58507e+06
190 1.58509e+06
191 1.58512e+06
192 1.58516e+06
193 1.58519e+06
194 1.58525e+06
195 1.58533e+06
196 1.58534e+06
197 1.58544e+06
198 1.58566e+06
199 1.58573e+06
200 1.58573e+06
201 1.58585e+06
202 1.58597e+06
203 1.58606e+06
204 1.58611e+06
205 1.58618e+06
206 1.58633e+06
207 1.58638e+06
208 1.58643e+06
209 1.58647e+06
210 1.58655e+06
211 1.58671e+06
212 1.58675e+06
213 1.58682e+06
214 1.58682e+06
215 1.58688e+06
216 1.58694e+06
217 1.58708e+06
218 1.58719e+06
219 1.58732e+06
220 1.58736e+06
221 1.58739e+06
222 1.5874e+06
223 1.58745e+06
224 1.58758e+06
225 1.58768e+06
226 1.58771e+06
227 1.58772e+06
228 1.58772e+06
229 1.58779e+06
230 1.58787e+06
231 1.58791e+06
232 1.58793e+06
233 1.58796e+06
234 1.58798e+06
235 1.588e+06
236 1.58808e+06
237 1.58817e+06
238 1.58819e+06
239 1.58824e+06
240 1.58829e+06
241 1.58838e+06
242 1.58841e+06
243 1.58862e+06
244 1.58866e+06
245 1.58872e+06
246 1.58877e+06
247 1.58878e+06
248 1.58893e+06
249 1.58902e+06
250 1.58913e+06
251 1.58922e+06
252 1.58928e+06
253 1.58938e+06
254 1.5894e+06
255 1.58945e+06
256 1.58948e+06
257 1.58951e+06
258 1.58971e+06
259 1.58971e+06
260 1.58976e+06
261 1.58984e+06
262 1.58992e+06
263 1.58994e+06
264 1.58997e+06
265 1.59004e+06
266 1.59012e+06
267 1.59026e+06
268 1.59028e+06
269 1.59032e+06
270 1.59035e+06
271 1.59042e+06
272 1.59047e+06
273 1.59061e+06
274 1.59073e+06
275 1.59086e+06
276 1.59095e+06
277 1.59098e+06
278 1.59106e+06
279 1.59111e+06
280 1.59122e+06
281 1.5913e+06
282 1.59135e+06
283 1.59143e+06
284 1.5915e+06
285 1.59152e+06
286 1.59153e+06
287 1.59156e+06
288 1.59158e+06
289 1.59177e+06
290 1.59183e+06
291 1.59188e+06
292 1.59196e+06
293 1.59201e+06
294 1.59212e+06
295 1.59221e+06
296 1.5923e+06
297 1.59241e+06
298 1.59244e+06
299 1.59253e+06
300 1.59277e+06
301 1.59278e+06
302 1.59282e+06
303 1.59286e+06
304 1.59298e+06
305 1.59301e+06
306 1.5931e+06
307 1.59322e+06
308 1.59335e+06
309 1.59346e+06
310 1.5935e+06
311 1.59362e+06
312 1.59362e+06
313 1.59386e+06
314 1.59406e+06
315 1.59409e+06
316 1.59412e+06
317 1.59413e+06
318 1.59417e+06
319 1.59431e+06
320 1.59437e+06
321 1.59449e+06
322 1.59457e+06
323 1.59466e+06
324 1.59469e+06
325 1.59473e+06
326 1.59485e+06
327 1.59492e+06
328 1.59492e+06
329 1.59502e+06
330 1.59504e+06
331 1.59509e+06
332 1.59514e+06
333 1.59532e+06
334 1.59541e+06
335 1.59548e+06
336 1.59555e+06
337 1.59557e+06
338 1.59564e+06
339 1.59574e+06
340 1.59582e+06
341 1.59587e+06
342 1.59592e+06
343 1.59608e+06
344 1.59619e+06
345 1.59624e+06
346 1.59634e+06
347 1.59644e+06
348 1.59652e+06
349 1.59655e+06
350 1.59665e+06
351 1.59667e+06
352 1.59674e+06
353 1.59679e+06
354 1.59683e+06
355 1.59691e+06
356 1.59692e+06
357 1.59696e+06
358 1.59698e+06
359 1.59701e+06
360 1.59703e+06
361 1.59706e+06
362 1.59713e+06
363 1.59722e+06
364 1.59727e+06
365 1.59735e+06
366 1.59745e+06
367 1.5975e+06
368 1.59757e+06
369 1.59762e+06
370 1.5977e+06
371 1.5978e+06
372 1.59788e+06
373 1.59794e+06
374 1.59798e+06
375 1.59805e+06
376 1.59808e+06
377 1.59812e+06
378 1.59835e+06
379 1.59842e+06
380 1.59848e+06
381 1.59852e+06
382 1.5987e+06
383 1.59874e+06
384 1.59878e+06
385 1.59888e+06
386 1.59895e+06
387 1.59902e+06
388 1.59905e+06
389 1.59923e+06
390 1.59929e+06
391 1.5993e+06
392 1.59934e+06
393 1.59938e+06
394 1.59941e+06
395 1.59947e+06
396 1.59951e+06
397 1.59957e+06
398 1.5996e+06
399 1.59961e+06
400 1.59973e+06
401 1.59977e+06
402 1.59978e+06
403 1.59993e+06
404 1.60006e+06
405 1.60011e+06
406 1.60014e+06
407 1.60018e+06
408 1.60029e+06
409 1.60042e+06
410 1.60042e+06
411 1.60049e+06
412 1.60054e+06
413 1.60057e+06
414 1.60069e+06
415 1.60083e+06
416 1.60088e+06
417 1.60098e+06
418 1.60105e+06
419 1.60118e+06
420 1.60118e+06
421 1.60139e+06
422 1.60143e+06
423 1.60147e+06
424 1.60162e+06
425 1.60165e+06
426 1.60181e+06
427 1.60181e+06
428 1.60188e+06
429 1.6019e+06
430 1.60192e+06
431 1.60193e+06
432 1.60201e+06
433 1.60206e+06
434 1.6021e+06
435 1.60227e+06
436 1.60232e+06
437 1.60232e+06
438 1.60235e+06
439 1.60235e+06
440 1.6024e+06
441 1.60242e+06
442 1.60252e+06
443 1.60256e+06
444 1.60257e+06
445 1.60257e+06
446 1.6026e+06
447 1.60269e+06
448 1.60272e+06
449 1.6028e+06
450 1.60283e+06
451 1.6029e+06
452 1.60298e+06
453 1.60303e+06
454 1.60311e+06
455 1.60326e+06
456 1.6033e+06
457 1.6033e+06
458 1.6034e+06
459 1.60348e+06
460 1.6035e+06
461 1.6035e+06
462 1.60353e+06
463 1.60357e+06
464 1.60369e+06
465 1.60372e+06
466 1.60379e+06
467 1.60385e+06
468 1.60393e+06
469 1.60405e+06
470 1.60414e+06
471 1.60414e+06
472 1.60415e+06
473 1.60422e+06
474 1.60425e+06
475 1.60436e+06
476 1.60449e+06
477 1.60453e+06
478 1.6046e+06
479 1.60462e+06
480 1.60462e+06
481 1.60466e+06
482 1.60474e+06
483 1.60479e+06
484 1.60482e+06
485 1.60483e+06
486 1.60495e+06
487 1.605e+06
488 1.60505e+06
489 1.60505e+06
490 1.60507e+06
491 1.60509e+06
492 1.60516e+06
493 1.60517e+06
494 1.60522e+06
495 1.60522e+06
496 1.60524e+06
497 1.60529e+06
498 1.60531e+06
499 1.60532e+06
500 1.60542e+06
501 1.60551e+06
502 1.60556e+06
503 1.6056e+06
504 1.60571e+06
505 1.60574e+06
506 1.60576e+06
507 1.60578e+06
508 1.60589e+06
509 1.60592e+06
510 1.60592e+06
511 1.60597e+06
512 1.60609e+06
513 1.60618e+06
514 1.60626e+06
515 1.60633e+06
516 1.60643e+06
517 1.60657e+06
518 1.60661e+06
519 1.60672e+06
520 1.60673e+06
521 1.6068e+06
522 1.60692e+06
523 1.60702e+06
524 1.60713e+06
525 1.60717e+06
526 1.6072e+06
527 1.60724e+06
528 1.60731e+06
529 1.60734e+06
530 1.60741e+06
531 1.60744e+06
532 1.60759e+06
533 1.6077e+06
534 1.60774e+06
535 1.60775e+06
536 1.6078e+06
537 1.60786e+06
538 1.6079e+06
539 1.60801e+06
540 1.60807e+06
541 1.60812e+06
542 1.60812e+06
543 1.60818e+06
544 1.60827e+06
545 1.60829e+06
546 1.60831e+06
547 1.60843e+06
548 1.60852e+06
549 1.60864e+06
550 1.60865e+06
551 1.60869e+06
552 1.6087e+06
553 1.60882e+06
554 1.60886e+06
555 1.60886e+06
556 1.60897e+06
557 1.60899e+06
558 1.6091e+06
559 1.60912e+06
560 1.6092e+06
561 1.6092e+06
562 1.60926e+06
563 1.60926e+06
564 1.6093e+06
565 1.60931e+06
566 1.60938e+06
567 1.60942e+06
568 1.60945e+06
569 1.60954e+06
570 1.6097e+06
571 1.60973e+06
572 1.60975e+06
573 1.60982e+06
574 1.60996e+06
575 1.60998e+06
576 1.61005e+06
577 1.61008e+06
578 1.61025e+06
579 1.61028e+06
580 1.61027e+06
581 1.61029e+06
582 1.61034e+06
583 1.61047e+06
584 1.61054e+06
585 1.6107e+06
586 1.6108e+06
587 1.61085e+06
588 1.61094e+06
589 1.61094e+06
590 1.61099e+06
591 1.61099e+06
592 1.6112e+06
593 1.61125e+06
594 1.61127e+06
595 1.61129e+06
596 1.61142e+06
597 1.61143e+06
598 1.61155e+06
599 1.61155e+06
600 1.61162e+06
601 1.61163e+06
602 1.6117e+06
603 1.61174e+06
604 1.6119e+06
605 1.61196e+06
606 1.61196e+06
607 1.61197e+06
608 1.612e+06
609 1.612e+06
610 1.61208e+06
611 1.61214e+06
612 1.61221e+06
613 1.61233e+06
614 1.61239e+06
615 1.61242e+06
616 1.61246e+06
617 1.6125e+06
618 1.61251e+06
619 1.61255e+06
620 1.61257e+06
621 1.61259e+06
622 1.61259e+06
623 1.61264e+06
624 1.61264e+06
625 1.61266e+06
626 1.61275e+06
627 1.61286e+06
628 1.61293e+06
629 1.61299e+06
630 1.61304e+06
631 1.61308e+06
632 1.61314e+06
633 1.61318e+06
634 1.61319e+06
635 1.61319e+06
636 1.61321e+06
637 1.61322e+06
638 1.61325e+06
639 1.6133e+06
640 1.61331e+06
641 1.61338e+06
642 1.61347e+06
643 1.61352e+06
644 1.61354e+06
645 1.61356e+06
646 1.61368e+06
647 1.61373e+06
648 1.61376e+06
649 1.61391e+06
650 1.61391e+06
651 1.61409e+06
652 1.61416e+06
653 1.61424e+06
654 1.61429e+06
655 1.61439e+06
656 1.61442e+06
657 1.61443e+06
658 1.61447e+06
659 1.61451e+06
660 1.61452e+06
661 1.6147e+06
662 1.61476e+06
663 1.61479e+06
664 1.61482e+06
665 1.61485e+06
666 1.61495e+06
667 1.615e+06
668 1.61516e+06
669 1.61523e+06
670 1.61526e+06
671 1.6153e+06
672 1.61543e+06
673 1.61543e+06
674 1.61551e+06
675 1.61561e+06
676 1.61566e+06
677 1.61576e+06
678 1.61584e+06
679 1.61591e+06
680 1.61595e+06
681 1.61598e+06
682 1.61602e+06
683 1.61602e+06
684 1.61607e+06
685 1.61612e+06
686 1.61614e+06
687 1.61628e+06
688 1.61632e+06
689 1.61634e+06
690 1.61636e+06
691 1.61642e+06
692 1.61644e+06
693 1.61662e+06
694 1.61676e+06
695 1.61684e+06
696 1.6169e+06
697 1.61704e+06
698 1.61712e+06
699 1.61712e+06
700 1.61714e+06
701 1.61716e+06
702 1.6172e+06
703 1.61724e+06
704 1.61724e+06
705 1.61728e+06
706 1.61728e+06
707 1.61737e+06
708 1.61749e+06
709 1.61755e+06
710 1.61757e+06
711 1.61757e+06
712 1.6176e+06
713 1.61761e+06
714 1.61768e+06
715 1.61769e+06
716 1.61771e+06
717 1.61775e+06
718 1.61781e+06
719 1.61781e+06
720 1.61783e+06
721 1.61787e+06
722 1.61789e+06
723 1.61798e+06
724 1.61805e+06
725 1.61806e+06
726 1.6181e+06
727 1.61821e+06
728 1.61832e+06
729 1.61838e+06
730 1.6185e+06
731 1.61856e+06
732 1.61866e+06
733 1.61867e+06
734 1.61869e+06
735 1.61872e+06
736 1.61873e+06
737 1.61878e+06
738 1.61884e+06
739 1.61886e+06
740 1.61895e+06
741 1.61895e+06
742 1.619e+06
743 1.619e+06
744 1.61906e+06
745 1.6191e+06
746 1.61922e+06
747 1.6193e+06
748 1.61936e+06
749 1.6195e+06
750 1.61952e+06
751 1.61954e+06
752 1.61954e+06
753 1.61954e+06
754 1.61968e+06
755 1.61969e+06
756 1.61971e+06
757 1.61974e+06
758 1.61976e+06
759 1.61976e+06
760 1.61977e+06
761 1.61983e+06
762 1.61984e+06
763 1.61992e+06
764 1.61997e+06
765 1.61999e+06
766 1.62e+06
767 1.62009e+06
768 1.6201e+06
769 1.62015e+06
770 1.62016e+06
771 1.62018e+06
772 1.62027e+06
773 1.62027e+06
774 1.62028e+06
775 1.62032e+06
776 1.62043e+06
777 1.62048e+06
778 1.6205e+06
779 1.62055e+06
780 1.62058e+06
781 1.6206e+06
782 1.62068e+06
783 1.62075e+06
784 1.62081e+06
785 1.62086e+06
786 1.62095e+06
787 1.62098e+06
788 1.621e+06
789 1.62106e+06
790 1.62112e+06
791 1.62114e+06
792 1.62118e+06
793 1.62124e+06
794 1.62125e+06
795 1.62129e+06
796 1.62146e+06
797 1.6215e+06
798 1.62153e+06
799 1.62159e+06
800 1.62169e+06
801 1.62174e+06
802 1.62177e+06
803 1.62184e+06
804 1.62187e+06
805 1.62196e+06
806 1.62197e+06
807 1.62197e+06
808 1.622e+06
809 1.62201e+06
810 1.62204e+06
811 1.62208e+06
812 1.62214e+06
813 1.62228e+06
814 1.62239e+06
815 1.62246e+06
816 1.62252e+06
817 1.62255e+06
818 1.62259e+06
819 1.62259e+06
820 1.62264e+06
821 1.62272e+06
822 1.62282e+06
823 1.62288e+06
824 1.62291e+06
825 1.62297e+06
826 1.62304e+06
827 1.62309e+06
828 1.62311e+06
829 1.62314e+06
830 1.62321e+06
831 1.62324e+06
832 1.62329e+06
833 1.62329e+06
834 1.62336e+06
835 1.62343e+06
836 1.6235e+06
837 1.62359e+06
838 1.62361e+06
839 1.62367e+06
840 1.6238e+06
841 1.6238e+06
842 1.62392e+06
843 1.62394e+06
844 1.62396e+06
845 1.62408e+06
846 1.62413e+06
847 1.62421e+06
848 1.62429e+06
849 1.62445e+06
850 1.62452e+06
851 1.62459e+06
852 1.62464e+06
853 1.62476e+06
854 1.62476e+06
855 1.62476e+06
856 1.62482e+06
857 1.62484e+06
858 1.62498e+06
859 1.62502e+06
860 1.62502e+06
861 1.62505e+06
862 1.62511e+06
863 1.62515e+06
864 1.62515e+06
865 1.62521e+06
866 1.62522e+06
867 1.62526e+06
868 1.62527e+06
869 1.62541e+06
870 1.62543e+06
871 1.6255e+06
872 1.62551e+06
873 1.62558e+06
874 1.62564e+06
875 1.62576e+06
876 1.62577e+06
877 1.62583e+06
878 1.62598e+06
879 1.62605e+06
880 1.62611e+06
881 1.62625e+06
882 1.62635e+06
883 1.6264e+06
884 1.62641e+06
885 1.62646e+06
886 1.62648e+06
887 1.62655e+06
888 1.62665e+06
889 1.62668e+06
890 1.62675e+06
891 1.62678e+06
892 1.62684e+06
893 1.62696e+06
894 1.62697e+06
895 1.62703e+06
896 1.62707e+06
897 1.62709e+06
898 1.6271e+06
899 1.62713e+06
900 1.62713e+06
901 1.62715e+06
902 1.62718e+06
903 1.6273e+06
904 1.6273e+06
905 1.6273e+06
906 1.62735e+06
907 1.6274e+06
908 1.62745e+06
909 1.62749e+06
910 1.6275e+06
911 1.62764e+06
912 1.62773e+06
913 1.62776e+06
914 1.62776e+06
915 1.62782e+06
916 1.62785e+06
917 1.62793e+06
918 1.62802e+06
919 1.62818e+06
920 1.62823e+06
921 1.62829e+06
922 1.6283e+06
923 1.62833e+06
924 1.62836e+06
925 1.6284e+06
926 1.62846e+06
927 1.6285e+06
928 1.62856e+06
929 1.62861e+06
930 1.62861e+06
931 1.62873e+06
932 1.62877e+06
933 1.62884e+06
934 1.62892e+06
935 1.62895e+06
936 1.62907e+06
937 1.62907e+06
938 1.62918e+06
939 1.62924e+06
940 1.62925e+06
941 1.62925e+06
942 1.62926e+06
943 1.62927e+06
944 1.62931e+06
945 1.62936e+06
946 1.6294e+06
947 1.62944e+06
948 1.62954e+06
949 1.62962e+06
950 1.6297e+06
951 1.62971e+06
952 1.62974e+06
953 1.62981e+06
954 1.62992e+06
955 1.63005e+06
956 1.63007e+06
957 1.63007e+06
958 1.63009e+06
959 1.63014e+06
960 1.63018e+06
961 1.63019e+06
962 1.63022e+06
963 1.63022e+06
964 1.63025e+06
965 1.6304e+06
966 1.6304e+06
967 1.63046e+06
968 1.63051e+06
969 1.63058e+06
970 1.63064e+06
971 1.63064e+06
972 1.63069e+06
973 1.63075e+06
974 1.6308e+06
975 1.63082e+06
976 1.63089e+06
977 1.63094e+06
978 1.631e+06
979 1.63118e+06
980 1.63124e+06
981 1.63127e+06
982 1.63129e+06
983 1.63129e+06
984 1.6313e+06
985 1.63136e+06
986 1.6314e+06
987 1.63141e+06
988 1.63146e+06
989 1.63159e+06
990 1.63159e+06
991 1.63161e+06
992 1.6317e+06
993 1.6318e+06
994 1.63182e+06
995 1.63187e+06
996 1.63192e+06
997 1.63193e+06
998 1.63198e+06
999 1.632e+06
1000 1.63208e+06
