128 0.3 0.359
0 156776
1 1.56801e+06
2 1.5682e+06
3 1.56824e+06
4 1.56831e+06
5 1.5684e+06
6 1.56841e+06
7 1.56871e+06
8 1.56891e+06
9 1.56891e+06
10 1.56907e+06
11 1.5691e+06
12 1.56922e+06
13 1.56929e+06
14 1.56935e+06
15 1.56951e+06
16 1.56967e+06
17 1.56975e+06
18 1.56984e+06
19 1.57004e+06
20 1.57007e+06
21 1.57023e+06
22 1.57027e+06
23 1.5704e+06
24 1.57043e+06
25 1.57054e+06
26 1.5706e+06
27 1.57084e+06
28 1.57089e+06
29 1.57102e+06
30 1.57113e+06
31 1.57116e+06
32 1.57116e+06
33 1.57118e+06
34 1.57118e+06
35 1.57129e+06
36 1.57133e+06
37 1.57138e+06
38 1.57139e+06
39 1.57162e+06
40 1.57164e+06
41 1.57182e+06
42 1.57192e+06
43 1.572e+06
44 1.57208e+06
45 1.57213e+06
46 1.57225e+06
47 1.57235e+06
48 1.57238e+06
49 1.57245e+06
50 1.57252e+06
51 1.57255e+06
52 1.57277e+06
53 1.57293e+06
54 1.57305e+06
55 1.57312e+06
56 1.57325e+06
57 1.57331e+06
58 1.57332e+06
59 1.57352e+06
60 1.57355e+06
61 1.57363e+06
62 1.57371e+06
63 1.57377e+06
64 1.57382e+06
65 1.57393e+06
66 1.57406e+06
67 1.57406e+06
68 1.57409e+06
69 1.57416e+06
70 1.57417e+06
71 1.57422e+06
72 1.57431e+06
73 1.5744e+06
74 1.57442e+06
75 1.57447e+06
76 1.5745e+06
77 1.57463e+06
78 1.57465e+06
79 1.57476e+06
80 1.57494e+06
81 1.57504e+06
82 1.57508e+06
83 1.5752e+06
84 1.57533e+06
85 1.57542e+06
86 1.57551e+06
87 1.57552e+06
88 1.57562e+06
89 1.57573e+06
90 1.57579e+06
91 1.57586e+06
92 1.57592e+06
93 1.57598e+06
94 1.57616e+06
95 1.57624e+06
96 1.57632e+06
97 1.57638e+06
98 1.57642e+06
99 1.57645e+06
100 1.57655e+06
101 1.5767e+06
102 1.57693e+06
103 1.57694e+06
104 1.57701e+06
105 1.57705e+06
106 1.57716e+06
107 1.5773e+06
108 1.57744e+06
109 1.57765e+06
110 1.57767e+06
111 1.57777e+06
112 1.57786e+06
113 1.57792e+06
114 1.57797e+06
115 1.57812e+06
116 1.57824e+06
117 1.57829e+06
118 1.57833e+06
119 1.57857e+06
120 1.57861e+06
121 1.57878e+06
122 1.57883e+06
123 1.57894e+06
124 1.57906e+06
125 1.57917e+06
126 1.57935e+06
127 1.5795e+06
128 1.57957e+06
129 1.57967e+06
130 1.57968e+06
131 1.57982e+06
132 1.57992e+06
133 1.57994e+06
134 1.57998e+06
135 1.57999e+06
136 1.58004e+06
137 1.58006e+06
138 1.58013e+06
139 1.58017e+06
140 1.58028e+06
141 1.58044e+06
142 1.58051e+06
143 1.58066e+06
144 1.58081e+06
145 1.58088e+06
146 1.581e+06
147 1.58108e+06
148 1.58112e+06
149 1.58114e+06
150 1.58117e+06
151 1.58134e+06
152 1.58149e+06
153 1.58157e+06
154 1.58172e+06
155 1.58174e+06
156 1.58184e+06
157 1.58195e+06
158 1.58214e+06
159 1.5822e+06
160 1.58228e+06
161 1.58244e+06
162 1.58246e+06
163 1.5826e+06
164 1.58266e+06
165 1.58268e+06
166 1.58269e+06
167 1.5827e+06
168 1.58281e+06
169 1.58291e+06
170 1.58292e+06
171 1.58305e+06
172 1.58313e+06
173 1.58325e+06
174 1.58338e+06
175 1.58346e+06
176 1.58362e+06
177 1.58376e+06
178 1.58386e+06
179 1.58397e+06
180 1.58407e+06
181 1.58419e+06
182 1.5843e+06
183 1.58431e+06
184 1.58441e+06
185 1.58453e+06
186 1.58465e+06
187 1.58472e+06
188 1.5848e+06
189 1.58489e+06
190 1.58501e+06
191 1.58526e+06
192 1.58532e+06
193 1.58537e+06
194 1.58542e+06
195 1.58544e+06
196 1.58551e+06
197 1.58561e+06
198 1.58569e+06
199 1.5859e+06
200 1.58591e+06
201 1.58596e+06
202 1.58604e+06
203 1.58616e+06
204 1.58621e+06
205 1.58623e+06
206 1.58632e+06
207 1.58649e+06
208 1.58654e+06
209 1.5866e+06
210 1.58662e+06
211 1.58668e+06
212 1.58672e+06
213 1.58677e+06
214 1.58692e+06
215 1.58705e+06
216 1.58708e+06
217 1.58709e+06
218 1.58713e+06
219 1.58721e+06
220 1.5873e+06
221 1.58743e+06
222 1.58746e+06
223 1.58753e+06
224 1.58764e+06
225 1.5877e+06
226 1.58773e+06
227 1.58776e+06
228 1.58783e+06
229 1.58795e+06
230 1.58806e+06
231 1.58806e+06
232 1.58812e+06
233 1.58824e+06
234 1.5883e+06
235 1.58838e+06
236 1.58842e+06
237 1.58856e+06
238 1.5886e+06
239 1.58864e+06
240 1.58874e+06
241 1.58879e+06
242 1.58884e+06
243 1.58892e+06
244 1.58894e+06
245 1.58898e+06
246 1.58905e+06
247 1.58907e+06
248 1.58914e+06
249 1.58917e+06
250 1.58933e+06
251 1.58934e+06
252 1.58938e+06
253 1.58949e+06
254 1.58952e+06
255 1.58962e+06
256 1.58963e+06
257 1.58976e+06
258 1.58992e+06
259 1.58992e+06
260 1.58998e+06
261 1.59002e+06
262 1.59019e+06
263 1.59021e+06
264 1.59028e+06
265 1.59034e+06
266 1.5905e+06
267 1.59054e+06
268 1.59062e+06
269 1.59068e+06
270 1.59077e+06
271 1.59092e+06
272 1.59094e+06
273 1.59104e+06
274 1.59115e+06
275 1.59118e+06
276 1.59134e+06
277 1.59139e+06
278 1.59144e+06
279 1.59148e+06
280 1.5915e+06
281 1.5915e+06
282 1.59152e+06
283 1.59162e+06
284 1.59175e+06
285 1.59175e+06
286 1.59181e+06
287 1.59196e+06
288 1.59201e+06
289 1.59208e+06
290 1.59217e+06
291 1.59224e+06
292 1.59248e+06
293 1.5925e+06
294 1.59254e+06
295 1.5926e+06
296 1.59267e+06
297 1.59282e+06
298 1.59288e+06
299 1.593e+06
300 1.59317e+06
301 1.59323e+06
302 1.59338e+06
303 1.59347e+06
304 1.59349e+06
305 1.59355e+06
306 1.59358e+06
307 1.59366e+06
308 1.5937e+06
309 1.59385e+06
310 1.59392e+06
311 1.59404e+06
312 1.59406e+06
313 1.59426e+06
314 1.59431e+06
315 1.59436e+06
316 1.59443e+06
317 1.59443e+06
318 1.59453e+06
319 1.59459e+06
320 1.59475e+06
321 1.59486e+06
322 1.59493e+06
323 1.59497e+06
324 1.59499e+06
325 1.595e+06
326 1.59507e+06
327 1.59514e+06
328 1.59517e+06
329 1.59522e+06
330 1.59532e+06
331 1.59544e+06
332 1.59555e+06
333 1.59558e+06
334 1.59561e+06
335 1.59563e+06
336 1.59574e+06
337 1.59575e+06
338 1.59584e+06
339 1.59588e+06
340 1.59592e+06
341 1.59596e+06
342 1.59601e+06
343 1.59608e+06
344 1.59616e+06
345 1.59623e+06
346 1.59631e+06
347 1.59642e+06
348 1.59646e+06
349 1.5966e+06
350 1.59668e+06
351 1.5967e+06
352 1.5967e+06
353 1.59675e+06
354 1.59688e+06
355 1.59702e+06
356 1.59704e+06
357 1.59705e+06
358 1.59714e+06
359 1.5973e+06
360 1.59738e+06
361 1.59742e+06
362 1.59744e+06
363 1.59746e+06
364 1.59753e+06
365 1.59766e+06
366 1.59773e+06
367 1.59777e+06
368 1.5978e+06
369 1.59788e+06
370 1.59802e+06
371 1.59806e+06
372 1.59812e+06
373 1.59821e+06
374 1.5983e+06
375 1.59837e+06
376 1.59845e+06
377 1.59848e+06
378 1.5985e+06
379 1.59857e+06
380 1.59866e+06
381 1.59876e+06
382 1.59885e+06
383 1.59895e+06
384 1.59911e+06
385 1.59921e+06
386 1.59923e+06
387 1.5993e+06
388 1.59934e+06
389 1.59936e+06
390 1.59943e+06
391 1.59956e+06
392 1.59963e+06
393 1.59969e+06
394 1.59969e+06
395 1.59975e+06
396 1.59979e+06
397 1.59987e+06
398 1.59989e+06
399 1.60002e+06
400 1.60011e+06
401 1.60018e+06
402 1.60024e+06
403 1.60029e+06
404 1.60033e+06
405 1.60038e+06
406 1.60044e+06
407 1.60051e+06
408 1.60057e+06
409 1.6006e+06
410 1.60069e+06
411 1.60072e+06
412 1.6008e+06
413 1.60081e+06
414 1.60083e+06
415 1.60083e+06
416 1.60087e+06
417 1.60093e+06
418 1.60096e+06
419 1.60097e+06
420 1.601e+06
421 1.60106e+06
422 1.6011e+06
423 1.60121e+06
424 1.60135e+06
425 1.6014e+06
426 1.60142e+06
427 1.60161e+06
428 1.60165e+06
429 1.60173e+06
430 1.6018e+06
431 1.60183e+06
432 1.60186e+06
433 1.60192e+06
434 1.60198e+06
435 1.60207e+06
436 1.60218e+06
437 1.60232e+06
438 1.60239e+06
439 1.60249e+06
440 1.6025e+06
441 1.6026e+06
442 1.60262e+06
443 1.60265e+06
444 1.60269e+06
445 1.60275e+06
446 1.60276e+06
447 1.60277e+06
448 1.6028e+06
449 1.60287e+06
450 1.60292e+06
451 1.60303e+06
452 1.6031e+06
453 1.60313e+06
454 1.60317e+06
455 1.60326e+06
456 1.60327e+06
457 1.60331e+06
458 1.60347e+06
459 1.60357e+06
460 1.60362e+06
461 1.60367e+06
462 1.60375e+06
463 1.60377e+06
464 1.60388e+06
465 1.60392e+06
466 1.60399e+06
467 1.604e+06
468 1.60401e+06
469 1.60401e+06
470 1.60404e+06
471 1.60405e+06
472 1.6041e+06
473 1.60413e+06
474 1.60422e+06
475 1.60431e+06
476 1.60432e+06
477 1.60436e+06
478 1.60439e+06
479 1.60443e+06
480 1.6045e+06
481 1.60456e+06
482 1.60465e+06
483 1.60466e+06
484 1.60468e+06
485 1.60474e+06
486 1.60479e+06
487 1.60485e+06
488 1.60492e+06
489 1.60498e+06
490 1.60503e+06
491 1.60513e+06
492 1.60526e+06
493 1.60535e+06
494 1.60541e+06
495 1.60547e+06
496 1.60549e+06
497 1.60553e+06
498 1.60565e+06
499 1.60565e+06
500 1.60571e+06
501 1.60582e+06
502 1.60595e+06
503 1.606e+06
504 1.60604e+06
505 1.60608e+06
506 1.60612e+06
507 1.60614e+06
508 1.60618e+06
509 1.60632e+06
510 1.60632e+06
511 1.6064e+06
512 1.60642e+06
513 1.60652e+06
514 1.60661e+06
515 1.60664e+06
516 1.60665e+06
517 1.6067e+06
518 1.60671e+06
519 1.60673e+06
520 1.60679e+06
521 1.60688e+06
522 1.60697e+06
523 1.60705e+06
524 1.60707e+06
525 1.60719e+06
526 1.6072e+06
527 1.60736e+06
528 1.60742e+06
529 1.60742e+06
530 1.60749e+06
531 1.60756e+06
532 1.60766e+06
533 1.60768e+06
534 1.60769e+06
535 1.60776e+06
536 1.60778e+06
537 1.60782e+06
538 1.60787e+06
539 1.60795e+06
540 1.60803e+06
541 1.60811e+06
542 1.60819e+06
543 1.60824e+06
544 1.6083e+06
545 1.6083e+06
546 1.60838e+06
547 1.6085e+06
548 1.60858e+06
549 1.60858e+06
550 1.60868e+06
551 1.60871e+06
552 1.60878e+06
553 1.60879e+06
554 1.60887e+06
555 1.60898e+06
556 1.60909e+06
557 1.60916e+06
558 1.60926e+06
559 1.60934e+06
560 1.6094e+06
561 1.60941e+06
562 1.60954e+06
563 1.60966e+06
564 1.60979e+06
565 1.60989e+06
566 1.61003e+06
567 1.61008e+06
568 1.6102e+06
569 1.61025e+06
570 1.61034e+06
571 1.6104e+06
572 1.6105e+06
573 1.61066e+06
574 1.61075e+06
575 1.61081e+06
576 1.61086e+06
577 1.61094e+06
578 1.61099e+06
579 1.611e+06
580 1.61106e+06
581 1.61107e+06
582 1.61128e+06
583 1.61135e+06
584 1.61143e+06
585 1.61145e+06
586 1.61148e+06
587 1.61153e+06
588 1.61164e+06
589 1.61171e+06
590 1.61172e+06
591 1.61176e+06
592 1.61176e+06
593 1.61181e+06
594 1.61185e+06
595 1.61187e+06
596 1.6119e+06
597 1.61196e+06
598 1.61199e+06
599 1.61205e+06
600 1.61213e+06
601 1.61222e+06
602 1.61232e+06
603 1.61238e+06
604 1.61238e+06
605 1.61243e+06
606 1.61245e+06
607 1.61245e+06
608 1.61256e+06
609 1.61264e+06
610 1.61264e+06
611 1.61266e+06
612 1.61283e+06
613 1.61293e+06
614 1.61298e+06
615 1.613e+06
616 1.61305e+06
617 1.61307e+06
618 1.61307e+06
619 1.61313e+06
620 1.61323e+06
621 1.61325e+06
622 1.61334e+06
623 1.61337e+06
624 1.61344e+06
625 1.61348e+06
626 1.61355e+06
627 1.61362e+06
628 1.61372e+06
629 1.61372e+06
630 1.61375e+06
631 1.61378e+06
632 1.61381e+06
633 1.61383e+06
634 1.61383e+06
635 1.61394e+06
636 1.61402e+06
637 1.61409e+06
638 1.61416e+06
639 1.6142e+06
640 1.6142e+06
641 1.61428e+06
642 1.61432e+06
643 1.61438e+06
644 1.61442e+06
645 1.61447e+06
646 1.61448e+06
647 1.61456e+06
648 1.61465e+06
649 1.61474e+06
650 1.61478e+06
651 1.61479e+06
652 1.61483e+06
653 1.61492e+06
654 1.61497e+06
655 1.61502e+06
656 1.61509e+06
657 1.61514e+06
658 1.61536e+06
659 1.61546e+06
660 1.61554e+06
661 1.61559e+06
662 1.61566e+06
663 1.61574e+06
664 1.61576e+06
665 1.61582e+06
666 1.61584e+06
667 1.61591e+06
668 1.616e+06
669 1.61606e+06
670 1.61606e+06
671 1.6161e+06
672 1.61617e+06
673 1.61618e+06
674 1.61627e+06
675 1.61641e+06
676 1.61642e+06
677 1.61649e+06
678 1.6165e+06
679 1.61653e+06
680 1.61654e+06
681 1.61658e+06
682 1.61658e+06
683 1.61667e+06
684 1.61675e+06
685 1.61679e+06
686 1.61688e+06
687 1.61694e+06
688 1.61697e+06
689 1.61701e+06
690 1.61704e+06
691 1.61708e+06
692 1.61716e+06
693 1.61723e+06
694 1.61723e+06
695 1.61735e+06
696 1.61735e+06
697 1.61741e+06
698 1.61749e+06
699 1.61749e+06
700 1.61751e+06
701 1.61757e+06
702 1.6176e+06
703 1.61762e+06
704 1.61766e+06
705 1.61769e+06
706 1.61771e+06
707 1.61771e+06
708 1.61777e+06
709 1.6178e+06
710 1.61784e+06
711 1.61792e+06
712 1.61795e+06
713 1.61796e+06
714 1.61802e+06
715 1.6181e+06
716 1.61816e+06
717 1.61816e+06
718 1.6182e+06
719 1.61825e+06
720 1.61826e+06
721 1.61826e+06
722 1.61835e+06
723 1.61839e+06
724 1.61845e+06
725 1.61851e+06
726 1.61857e+06
727 1.61862e+06
728 1.61868e+06
729 1.61869e+06
730 1.61872e+06
731 1.61873e+06
732 1.61879e+06
733 1.61879e+06
734 1.61881e+06
735 1.61881e+06
736 1.61882e+06
737 1.61885e+06
738 1.61889e+06
739 1.619e+06
740 1.61904e+06
741 1.61905e+06
742 1.61907e+06
743 1.6191e+06
744 1.61914e+06
745 1.61914e+06
746 1.61914e+06
747 1.6192e+06
748 1.61926e+06
749 1.6193e+06
750 1.61931e+06
751 1.61938e+06
752 1.61943e+06
753 1.61944e+06
754 1.61951e+06
755 1.61958e+06
756 1.61964e+06
757 1.61972e+06
758 1.61972e+06
759 1.6198e+06
760 1.61985e+06
761 1.61988e+06
762 1.62e+06
763 1.62e+06
764 1.62005e+06
765 1.62007e+06
766 1.62009e+06
767 1.62014e+06
768 1.62014e+06
769 1.62016e+06
770 1.62022e+06
771 1.62031e+06
772 1.62043e+06
773 1.62046e+06
774 1.62049e+06
775 1.62057e+06
776 1.62062e+06
777 1.62068e+06
778 1.62072e+06
779 1.62078e+06
780 1.62079e+06
781 1.62082e+06
782 1.62085e+06
783 1.62087e+06
784 1.6209e+06
785 1.62094e+06
786 1.62108e+06
787 1.62112e+06
788 1.62113e+06
789 1.62117e+06
790 1.62125e+06
791 1.62129e+06
792 1.62136e+06
793 1.62141e+06
794 1.62146e+06
795 1.62147e+06
796 1.62153e+06
797 1.62165e+06
798 1.62174e+06
799 1.62181e+06
800 1.62191e+06
801 1.62196e+06
802 1.62202e+06
803 1.62205e+06
804 1.62215e+06
805 1.62217e+06
806 1.62224e+06
807 1.62234e+06
808 1.62237e+06
809 1.62238e+06
810 1.62238e+06
811 1.62242e+06
812 1.62249e+06
813 1.62252e+06
814 1.62258e+06
815 1.62259e+06
816 1.62261e+06
817 1.62263e+06
818 1.6227e+06
819 1.62277e+06
820 1.62282e+06
821 1.62286e+06
822 1.6229e+06
823 1.623e+06
824 1.62304e+06
825 1.62304e+06
826 1.62312e+06
827 1.62325e+06
828 1.62336e+06
829 1.62339e+06
830 1.62343e+06
831 1.62349e+06
832 1.62353e+06
833 1.62357e+06
834 1.62362e+06
835 1.62368e+06
836 1.6237e+06
837 1.62381e+06
838 1.62391e+06
839 1.62394e+06
840 1.62397e+06
841 1.624e+06
842 1.62403e+06
843 1.62407e+06
844 1.6241e+06
845 1.62414e+06
846 1.62416e+06
847 1.62423e+06
848 1.62427e+06
849 1.6243e+06
850 1.62436e+06
851 1.62442e+06
852 1.6245e+06
853 1.6245e+06
854 1.62457e+06
855 1.62466e+06
856 1.62481e+06
857 1.62488e+06
858 1.62493e+06
859 1.62496e+06
860 1.62498e+06
861 1.62506e+06
862 1.62516e+06
863 1.62517e+06
864 1.62517e+06
865 1.62523e+06
866 1.62528e+06
867 1.6253e+06
868 1.62535e+06
869 1.62535e+06
870 1.62537e+06
871 1.62538e+06
872 1.62545e+06
873 1.62561e+06
874 1.6257e+06
875 1.62576e+06
876 1.62579e+06
877 1.62584e+06
878 1.62585e+06
879 1.62586e+06
880 1.62593e+06
881 1.62596e+06
882 1.626e+06
883 1.62606e+06
884 1.62611e+06
885 1.62618e+06
886 1.6262e+06
887 1.62628e+06
888 1.62628e+06
889 1.62633e+06
890 1.62642e+06
891 1.62642e+06
892 1.62644e+06
893 1.62648e+06
894 1.62658e+06
895 1.62658e+06
896 1.62659e+06
897 1.62663e+06
898 1.62671e+06
899 1.62683e+06
900 1.62684e+06
901 1.62692e+06
902 1.62699e+06
903 1.62706e+06
904 1.62706e+06
905 1.62709e+06
906 1.62715e+06
907 1.62718e+06
908 1.62724e+06
909 1.62726e+06
910 1.62726e+06
911 1.6273e+06
912 1.6275e+06
913 1.62752e+06
914 1.62756e+06
915 1.62757e+06
916 1.62758e+06
917 1.62764e+06
918 1.62776e+06
919 1.62781e+06
920 1.62783e+06
921 1.62794e+06
922 1.62796e+06
923 1.62797e+06
924 1.62814e+06
925 1.62816e+06
926 1.6282e+06
927 1.62822e+06
928 1.62827e+06
929 1.62829e+06
930 1.62833e+06
931 1.62833e+06
932 1.62842e+06
933 1.62845e+06
934 1.62853e+06
935 1.62858e+06
936 1.62866e+06
937 1.6287e+06
938 1.62877e+06
939 1.62881e+06
940 1.62888e+06
941 1.62894e+06
942 1.62898e+06
943 1.629e+06
944 1.62902e+06
945 1.62904e+06
946 1.62908e+06
947 1.6291e+06
948 1.62916e+06
949 1.62918e+06
950 1.62922e+06
951 1.62922e+06
952 1.62928e+06
953 1.62929e+06
954 1.62931e+06
955 1.62935e+06
956 1.62938e+06
957 1.62947e+06
958 1.62948e+06
959 1.62954e+06
960 1.62961e+06
961 1.62963e+06
962 1.62967e+06
963 1.6298e+06
964 1.62982e+06
965 1.62985e+06
966 1.62992e+06
967 1.62994e+06
968 1.63e+06
969 1.63002e+06
970 1.63009e+06
971 1.63012e+06
972 1.6302e+06
973 1.63022e+06
974 1.63023e+06
975 1.63033e+06
976 1.63036e+06
977 1.63036e+06
978 1.6304e+06
979 1.6304e+06
980 1.63047e+06
981 1.63048e+06
982 1.63054e+06
983 1.6306e+06
984 1.6306e+06
985 1.6306e+06
986 1.63066e+06
987 1.63074e+06
988 1.63076e+06
989 1.6308e+06
990 1.63082e+06
991 1.63084e+06
992 1.63085e+06
993 1.63086e+06
994 1.63098e+06
995 1.63109e+06
996 1.63112e+06
997 1.63114e+06
998 1.63115e+06
999 1.63115e+06
1000 1.63121e+06
