128 0.3 0.499
0 156776
1 1.56788e+06
2 1.56791e+06
3 1.56798e+06
4 1.56798e+06
5 1.56801e+06
6 1.56801e+06
7 1.56813e+06
8 1.56822e+06
9 1.56843e+06
10 1.56848e+06
11 1.56871e+06
12 1.56886e+06
13 1.56898e+06
14 1.56906e+06
15 1.56913e+06
16 1.5692e+06
17 1.56935e+06
18 1.56941e+06
19 1.56957e+06
20 1.56964e+06
21 1.56964e+06
22 1.5698e+06
23 1.56985e+06
24 1.57001e+06
25 1.57006e+06
26 1.57013e+06
27 1.57021e+06
28 1.5704e+06
29 1.57046e+06
30 1.57049e+06
31 1.57054e+06
32 1.57069e+06
33 1.57077e+06
34 1.57091e+06
35 1.57099e+06
36 1.57113e+06
37 1.5712e+06
38 1.57126e+06
39 1.57131e+06
40 1.57145e+06
41 1.5715e+06
42 1.57166e+06
43 1.57176e+06
44 1.5718e+06
45 1.57185e+06
46 1.57194e+06
47 1.57196e+06
48 1.57201e+06
49 1.57207e+06
50 1.5722e+06
51 1.57224e+06
52 1.57227e+06
53 1.57231e+06
54 1.57236e+06
55 1.57242e+06
56 1.57244e+06
57 1.57263e+06
58 1.57266e+06
59 1.57294e+06
60 1.57298e+06
61 1.57315e+06
62 1.57321e+06
63 1.57327e+06
64 1.57339e+06
65 1.57342e+06
66 1.57346e+06
67 1.5735e+06
68 1.57365e+06
69 1.57371e+06
70 1.57377e+06
71 1.57396e+06
72 1.5741e+06
73 1.57414e+06
74 1.57426e+06
75 1.57434e+06
76 1.57436e+06
77 1.57439e+06
78 1.57442e+06
79 1.57447e+06
80 1.57464e+06
81 1.5747e+06
82 1.57474e+06
83 1.57485e+06
84 1.57497e+06
85 1.57497e+06
86 1.57503e+06
87 1.5751e+06
88 1.57513e+06
89 1.57524e+06
90 1.57527e+06
91 1.57542e+06
92 1.57555e+06
93 1.57556e+06
94 1.57579e+06
95 1.57583e+06
96 1.57596e+06
97 1.57602e+06
98 1.57608e+06
99 1.57622e+06
100 1.57632e+06
101 1.57642e+06
102 1.5765e+06
103 1.57657e+06
104 1.57668e+06
105 1.57674e+06
106 1.57685e+06
107 1.57698e+06
108 1.57711e+06
109 1.57721e+06
110 1.57732e+06
111 1.57748e+06
112 1.5776e+06
113 1.5777e+06
114 1.57774e+06
115 1.5778e+06
116 1.57779e+06
117 1.57791e+06
118 1.57796e+06
119 1.57801e+06
120 1.57801e+06
121 1.57811e+06
122 1.57814e+06
123 1.57827e+06
124 1.57834e+06
125 1.5784e+06
126 1.57851e+06
127 1.57861e+06
128 1.57868e+06
129 1.57878e+06
130 1.57878e+06
131 1.57891e+06
132 1.57897e+06
133 1.57903e+06
134 1.57914e+06
135 1.57923e+06
136 1.57929e+06
137 1.5793e+06
138 1.57943e+06
139 1.57953e+06
140 1.57966e+06
141 1.57975e+06
142 1.57993e+06
143 1.58e+06
144 1.58017e+06
145 1.58022e+06
146 1.58036e+06
147 1.58048e+06
148 1.58064e+06
149 1.58083e+06
150 1.58087e+06
151 1.58094e+06
152 1.58096e+06
153 1.58108e+06
154 1.5812e+06
155 1.58132e+06
156 1.58133e+06
157 1.58136e+06
158 1.58148e+06
159 1.58152e+06
160 1.58162e+06
161 1.58164e+06
162 1.58173e+06
163 1.58181e+06
164 1.58184e+06
165 1.58201e+06
166 1.58201e+06
167 1.58204e+06
168 1.58213e+06
169 1.58224e+06
170 1.58237e+06
171 1.58237e+06
172 1.58252e+06
173 1.58262e+06
174 1.58276e+06
175 1.58285e+06
176 1.58299e+06
177 1.58304e+06
178 1.58306e+06
179 1.58314e+06
180 1.58328e+06
181 1.58336e+06
182 1.58356e+06
183 1.58361e+06
184 1.58367e+06
185 1.58374e+06
186 1.58381e+06
187 1.58382e+06
188 1.58399e+06
189 1.58404e+06
190 1.58421e+06
191 1.5843e+06
192 1.58433e+06
193 1.58443e+06
194 1.5845e+06
195 1.58457e+06
196 1.58462e+06
197 1.58478e+06
198 1.5848e+06
199 1.58484e+06
200 1.5849e+06
201 1.58496e+06
202 1.58499e+06
203 1.58502e+06
204 1.58503e+06
205 1.58505e+06
206 1.58508e+06
207 1.58525e+06
208 1.58529e+06
209 1.58536e+06
210 1.58541e+06
211 1.58541e+06
212 1.58551e+06
213 1.58559e+06
214 1.5856e+06
215 1.58567e+06
216 1.58574e+06
217 1.58576e+06
218 1.58585e+06
219 1.5859e+06
220 1.586e+06
221 1.58612e+06
222 1.58615e+06
223 1.58615e+06
224 1.5862e+06
225 1.58634e+06
226 1.58643e+06
227 1.58656e+06
228 1.58659e+06
229 1.58671e+06
230 1.58683e+06
231 1.58687e+06
232 1.58693e+06
233 1.58698e+06
234 1.58706e+06
235 1.58711e+06
236 1.5872e+06
237 1.58724e+06
238 1.58734e+06
239 1.58755e+06
240 1.58763e+06
241 1.58766e+06
242 1.58774e+06
243 1.58793e+06
244 1.58796e+06
245 1.5881e+06
246 1.58814e+06
247 1.58819e+06
248 1.58826e+06
249 1.58845e+06
250 1.58849e+06
251 1.5886e+06
252 1.58867e+06
253 1.58875e+06
254 1.58888e+06
255 1.58895e+06
256 1.58898e+06
257 1.58906e+06
258 1.58914e+06
259 1.58921e+06
260 1.58928e+06
261 1.5893e+06
262 1.58938e+06
263 1.58943e+06
264 1.58943e+06
265 1.58946e+06
266 1.58953e+06
267 1.58956e+06
268 1.58962e+06
269 1.58964e+06
270 1.58971e+06
271 1.58974e+06
272 1.5899e+06
273 1.59007e+06
274 1.5902e+06
275 1.59028e+06
276 1.59036e+06
277 1.59043e+06
278 1.59059e+06
279 1.59066e+06
280 1.59072e+06
281 1.59072e+06
282 1.59082e+06
283 1.59089e+06
284 1.59098e+06
285 1.591e+06
286 1.591e+06
287 1.59107e+06
288 1.5911e+06
289 1.59117e+06
290 1.59123e+06
291 1.59127e+06
292 1.59145e+06
293 1.59156e+06
294 1.59162e+06
295 1.59168e+06
296 1.59188e+06
297 1.59193e+06
298 1.59201e+06
299 1.59201e+06
300 1.59218e+06
301 1.59224e+06
302 1.59225e+06
303 1.59235e+06
304 1.59237e+06
305 1.59237e+06
306 1.5924e+06
307 1.59249e+06
308 1.59258e+06
309 1.59267e+06
310 1.59276e+06
311 1.59277e+06
312 1.59279e+06
313 1.59281e+06
314 1.59287e+06
315 1.59293e+06
316 1.59295e+06
317 1.59311e+06
318 1.59314e+06
319 1.59324e+06
320 1.59326e+06
321 1.59332e+06
322 1.59342e+06
323 1.59347e+06
324 1.59347e+06
325 1.59351e+06
326 1.59368e+06
327 1.59376e+06
328 1.59382e+06
329 1.59383e+06
330 1.59384e+06
331 1.59398e+06
332 1.59405e+06
333 1.59412e+06
334 1.59418e+06
335 1.59427e+06
336 1.59427e+06
337 1.59438e+06
338 1.5945e+06
339 1.59454e+06
340 1.59467e+06
341 1.59479e+06
342 1.59489e+06
343 1.59499e+06
344 1.59504e+06
345 1.59512e+06
346 1.59516e+06
347 1.59524e+06
348 1.59539e+06
349 1.59542e+06
350 1.59545e+06
351 1.59559e+06
352 1.59563e+06
353 1.59584e+06
354 1.59588e+06
355 1.59595e+06
356 1.59595e+06
357 1.59604e+06
358 1.59604e+06
359 1.59605e+06
360 1.59609e+06
361 1.59618e+06
362 1.59621e+06
363 1.59626e+06
364 1.59638e+06
365 1.59652e+06
366 1.59654e+06
367 1.59658e+06
368 1.59663e+06
369 1.5967e+06
370 1.59672e+06
371 1.59683e+06
372 1.5969e+06
373 1.59697e+06
374 1.59698e+06
375 1.59707e+06
376 1.5971e+06
377 1.59724e+06
378 1.59732e+06
379 1.59742e+06
380 1.59744e+06
381 1.5975e+06
382 1.5976e+06
383 1.59775e+06
384 1.59778e+06
385 1.59786e+06
386 1.59786e+06
387 1.59796e+06
388 1.59807e+06
389 1.5981e+06
390 1.59814e+06
391 1.59827e+06
392 1.59832e+06
393 1.5984e+06
394 1.59857e+06
395 1.59863e+06
396 1.59867e+06
397 1.59874e+06
398 1.59886e+06
399 1.59895e+06
400 1.59907e+06
401 1.59908e+06
402 1.59918e+06
403 1.59929e+06
404 1.5993e+06
405 1.59937e+06
406 1.59944e+06
407 1.59944e+06
408 1.59958e+06
409 1.59963e+06
410 1.59972e+06
411 1.59984e+06
412 1.59986e+06
413 1.59991e+06
414 1.59998e+06
415 1.60001e+06
416 1.6001e+06
417 1.60018e+06
418 1.60026e+06
419 1.60026e+06
420 1.60031e+06
421 1.60036e+06
422 1.60037e+06
423 1.60037e+06
424 1.60049e+06
425 1.60054e+06
426 1.60056e+06
427 1.60058e+06
428 1.60059e+06
429 1.60062e+06
430 1.6008e+06
431 1.60091e+06
432 1.60095e+06
433 1.60097e+06
434 1.60104e+06
435 1.60106e+06
436 1.6011e+06
437 1.60115e+06
438 1.60118e+06
439 1.6012e+06
440 1.60124e+06
441 1.60132e+06
442 1.60136e+06
443 1.60148e+06
444 1.6015e+06
445 1.6016e+06
446 1.60162e+06
447 1.60176e+06
448 1.60185e+06
449 1.60199e+06
450 1.60202e+06
451 1.60213e+06
452 1.60225e+06
453 1.6023e+06
454 1.60236e+06
455 1.60241e+06
456 1.60251e+06
457 1.60251e+06
458 1.60252e+06
459 1.60264e+06
460 1.60269e+06
461 1.6027e+06
462 1.60276e+06
463 1.60291e+06
464 1.60296e+06
465 1.60301e+06
466 1.60301e+06
467 1.60305e+06
468 1.60313e+06
469 1.60317e+06
470 1.60325e+06
471 1.60332e+06
472 1.60336e+06
473 1.60344e+06
474 1.60346e+06
475 1.60356e+06
476 1.60358e+06
477 1.60375e+06
478 1.60377e+06
479 1.60381e+06
480 1.60386e+06
481 1.60391e+06
482 1.60394e+06
483 1.604e+06
484 1.604e+06
485 1.60402e+06
486 1.60407e+06
487 1.6041e+06
488 1.60415e+06
489 1.60419e+06
490 1.6042e+06
491 1.60423e+06
492 1.60427e+06
493 1.60429e+06
494 1.60442e+06
495 1.60451e+06
496 1.60454e+06
497 1.60458e+06
498 1.6047e+06
499 1.60484e+06
500 1.60496e+06
501 1.60503e+06
502 1.60506e+06
503 1.60508e+06
504 1.60512e+06
505 1.60515e+06
506 1.60519e+06
507 1.60528e+06
508 1.60533e+06
509 1.6054e+06
510 1.60549e+06
511 1.60551e+06
512 1.60558e+06
513 1.60577e+06
514 1.60582e+06
515 1.60582e+06
516 1.6059e+06
517 1.60599e+06
518 1.60602e+06
519 1.60602e+06
520 1.60609e+06
521 1.60613e+06
522 1.60617e+06
523 1.60626e+06
524 1.60628e+06
525 1.60654e+06
526 1.60657e+06
527 1.60657e+06
528 1.60658e+06
529 1.60658e+06
530 1.60665e+06
531 1.60674e+06
532 1.6069e+06
533 1.60697e+06
534 1.60703e+06
535 1.60708e+06
536 1.6071e+06
537 1.60715e+06
538 1.6072e+06
539 1.60724e+06
540 1.60734e+06
541 1.6074e+06
542 1.60742e+06
543 1.60747e+06
544 1.60755e+06
545 1.60766e+06
546 1.60776e+06
547 1.60782e+06
548 1.60785e+06
549 1.60785e+06
550 1.60802e+06
551 1.60805e+06
552 1.60822e+06
553 1.60825e+06
554 1.60838e+06
555 1.60843e+06
556 1.60867e+06
557 1.60889e+06
558 1.60901e+06
559 1.6092e+06
560 1.60921e+06
561 1.60923e+06
562 1.60927e+06
563 1.60928e+06
564 1.60933e+06
565 1.6094e+06
566 1.6095e+06
567 1.6095e+06
568 1.60962e+06
569 1.60964e+06
570 1.6097e+06
571 1.60973e+06
572 1.60976e+06
573 1.60976e+06
574 1.60978e+06
575 1.6098e+06
576 1.6098e+06
577 1.60996e+06
578 1.60998e+06
579 1.60998e+06
580 1.61003e+06
581 1.61013e+06
582 1.61016e+06
583 1.61036e+06
584 1.61051e+06
585 1.61057e+06
586 1.61062e+06
587 1.61067e+06
588 1.61067e+06
589 1.61084e+06
590 1.61087e+06
591 1.61092e+06
592 1.61108e+06
593 1.61109e+06
594 1.61126e+06
595 1.61133e+06
596 1.61134e+06
597 1.61136e+06
598 1.61137e+06
599 1.61139e+06
600 1.61141e+06
601 1.61146e+06
602 1.6115e+06
603 1.61152e+06
604 1.61164e+06
605 1.6117e+06
606 1.61174e+06
607 1.61193e+06
608 1.61194e+06
609 1.61196e+06
610 1.61205e+06
611 1.61212e+06
612 1.61214e+06
613 1.61218e+06
614 1.61219e+06
615 1.61223e+06
616 1.61224e+06
617 1.61224e+06
618 1.61228e+06
619 1.61236e+06
620 1.6124e+06
621 1.61241e+06
622 1.61245e+06
623 1.61249e+06
624 1.61264e+06
625 1.6127e+06
626 1.6127e+06
627 1.61273e+06
628 1.61287e+06
629 1.61292e+06
630 1.61293e+06
631 1.61298e+06
632 1.613e+06
633 1.61302e+06
634 1.61306e+06
635 1.61307e+06
636 1.6131e+06
637 1.61313e+06
638 1.61313e+06
639 1.61316e+06
640 1.6132e+06
641 1.61321e+06
642 1.61328e+06
643 1.61331e+06
644 1.61339e+06
645 1.61345e+06
646 1.61356e+06
647 1.61356e+06
648 1.61363e+06
649 1.61365e+06
650 1.6137e+06
651 1.61378e+06
652 1.61384e+06
653 1.61384e+06
654 1.61387e+06
655 1.6139e+06
656 1.61396e+06
657 1.61408e+06
658 1.61414e+06
659 1.61424e+06
660 1.61435e+06
661 1.6145e+06
662 1.61453e+06
663 1.61464e+06
664 1.61464e+06
665 1.61465e+06
666 1.61467e+06
667 1.61482e+06
668 1.61488e+06
669 1.61489e+06
670 1.61492e+06
671 1.61503e+06
672 1.61524e+06
673 1.61531e+06
674 1.61531e+06
675 1.61545e+06
676 1.61554e+06
677 1.61557e+06
678 1.6157e+06
679 1.61571e+06
680 1.61573e+06
681 1.61575e+06
682 1.61577e+06
683 1.61579e+06
684 1.61592e+06
685 1.61597e+06
686 1.61604e+06
687 1.61612e+06
688 1.61622e+06
689 1.61629e+06
690 1.6163e+06
691 1.61634e+06
692 1.61652e+06
693 1.61655e+06
694 1.61664e+06
695 1.61668e+06
696 1.61672e+06
697 1.61674e+06
698 1.61678e+06
699 1.61689e+06
700 1.61693e+06
701 1.61698e+06
702 1.61703e+06
703 1.61726e+06
704 1.61732e+06
705 1.61734e+06
706 1.61737e+06
707 1.61738e+06
708 1.61741e+06
709 1.61745e+06
710 1.61745e+06
711 1.61753e+06
712 1.61755e+06
713 1.61762e+06
714 1.6177e+06
715 1.61777e+06
716 1.61788e+06
717 1.61789e+06
718 1.61799e+06
719 1.61803e+06
720 1.61807e+06
721 1.61822e+06
722 1.61824e+06
723 1.61825e+06
724 1.61832e+06
725 1.6184e+06
726 1.6185e+06
727 1.61858e+06
728 1.61859e+06
729 1.61863e+06
730 1.61863e+06
731 1.6187e+06
732 1.61875e+06
733 1.61885e+06
734 1.61897e+06
735 1.61908e+06
736 1.61912e+06
737 1.61917e+06
738 1.6192e+06
739 1.61923e+06
740 1.61925e+06
741 1.61925e+06
742 1.61934e+06
743 1.61938e+06
744 1.61942e+06
745 1.61946e+06
746 1.6195e+06
747 1.61959e+06
748 1.6197e+06
749 1.61972e+06
750 1.61975e+06
751 1.61977e+06
752 1.61983e+06
753 1.61984e+06
754 1.61988e+06
755 1.61993e+06
756 1.61994e+06
757 1.62002e+06
758 1.62006e+06
759 1.62013e+06
760 1.62021e+06
761 1.62022e+06
762 1.62033e+06
763 1.62038e+06
764 1.62052e+06
765 1.62058e+06
766 1.62064e+06
767 1.6207e+06
768 1.6208e+06
769 1.62092e+06
770 1.62093e+06
771 1.62098e+06
772 1.62099e+06
773 1.62102e+06
774 1.62106e+06
775 1.62117e+06
776 1.6212e+06
777 1.6213e+06
778 1.62142e+06
779 1.62149e+06
780 1.6215e+06
781 1.6215e+06
782 1.62155e+06
783 1.62167e+06
784 1.62168e+06
785 1.62168e+06
786 1.62176e+06
787 1.6218e+06
788 1.62185e+06
789 1.62191e+06
790 1.62199e+06
791 1.6221e+06
792 1.62215e+06
793 1.62225e+06
794 1.62226e+06
795 1.62239e+06
796 1.62247e+06
797 1.62257e+06
798 1.62267e+06
799 1.62276e+06
800 1.62283e+06
801 1.62289e+06
802 1.62303e+06
803 1.62303e+06
804 1.62308e+06
805 1.6231e+06
806 1.6231e+06
807 1.62311e+06
808 1.62327e+06
809 1.62341e+06
810 1.62349e+06
811 1.6236e+06
812 1.62362e+06
813 1.62371e+06
814 1.62381e+06
815 1.62388e+06
816 1.62398e+06
817 1.62409e+06
818 1.62419e+06
819 1.62421e+06
820 1.62429e+06
821 1.62435e+06
822 1.62442e+06
823 1.62448e+06
824 1.62447e+06
825 1.62454e+06
826 1.62456e+06
827 1.62458e+06
828 1.6247e+06
829 1.62477e+06
830 1.6248e+06
831 1.62483e+06
832 1.62486e+06
833 1.62491e+06
834 1.62492e+06
835 1.62497e+06
836 1.62501e+06
837 1.62506e+06
838 1.62512e+06
839 1.62514e+06
840 1.62517e+06
841 1.62522e+06
842 1.6253e+06
843 1.62534e+06
844 1.62542e+06
845 1.62546e+06
846 1.6255e+06
847 1.62556e+06
848 1.62556e+06
849 1.62561e+06
850 1.62562e+06
851 1.6257e+06
852 1.6258e+06
853 1.6258e+06
854 1.6258e+06
855 1.62586e+06
856 1.62598e+06
857 1.62604e+06
858 1.62609e+06
859 1.62611e+06
860 1.62618e+06
861 1.6263e+06
862 1.62637e+06
863 1.62644e+06
864 1.62653e+06
865 1.62656e+06
866 1.62657e+06
867 1.62659e+06
868 1.62662e+06
869 1.62664e+06
870 1.62666e+06
871 1.62669e+06
872 1.62677e+06
873 1.62677e+06
874 1.62689e+06
875 1.62696e+06
876 1.62703e+06
877 1.62705e+06
878 1.62726e+06
879 1.62738e+06
880 1.6274e+06
881 1.62742e+06
882 1.62744e+06
883 1.62746e+06
884 1.62753e+06
885 1.62758e+06
886 1.62758e+06
887 1.62758e+06
888 1.62764e+06
889 1.62774e+06
890 1.62776e+06
891 1.62777e+06
892 1.62781e+06
893 1.62783e+06
894 1.62784e+06
895 1.62788e+06
896 1.62791e+06
897 1.62797e+06
898 1.62797e+06
899 1.62797e+06
900 1.62799e+06
901 1.6281e+06
902 1.62818e+06
903 1.62822e+06
904 1.62821e+06
905 1.62832e+06
906 1.62837e+06
907 1.62849e+06
908 1.62852e+06
909 1.62861e+06
910 1.62861e+06
911 1.62862e+06
912 1.62862e+06
913 1.62866e+06
914 1.62868e+06
915 1.62878e+06
916 1.6288e+06
917 1.6288e+06
918 1.62885e+06
919 1.62885e+06
920 1.62886e+06
921 1.62899e+06
922 1.62905e+06
923 1.62911e+06
924 1.62915e+06
925 1.62915e+06
926 1.62916e+06
927 1.62918e+06
928 1.62924e+06
929 1.62924e+06
930 1.62925e+06
931 1.62931e+06
932 1.62936e+06
933 1.62936e+06
934 1.62943e+06
935 1.62945e+06
936 1.62944e+06
937 1.62944e+06
938 1.62948e+06
939 1.62951e+06
940 1.62962e+06
941 1.62962e+06
942 1.62968e+06
943 1.62978e+06
944 1.6298e+06
945 1.62986e+06
946 1.62994e+06
947 1.62997e+06
948 1.63003e+06
949 1.63008e+06
950 1.63012e+06
951 1.63014e+06
952 1.63015e+06
953 1.63022e+06
954 1.63022e+06
955 1.63025e+06
956 1.6303e+06
957 1.63036e+06
958 1.63039e+06
959 1.6304e+06
960 1.63042e+06
961 1.63042e+06
962 1.63046e+06
963 1.6306e+06
964 1.63066e+06
965 1.63066e+06
966 1.63081e+06
967 1.63085e+06
968 1.63092e+06
969 1.631e+06
970 1.63105e+06
971 1.63105e+06
972 1.6311e+06
973 1.63111e+06
974 1.63113e+06
975 1.63119e+06
976 1.63121e+06
977 1.63126e+06
978 1.63129e+06
979 1.63136e+06
980 1.63139e+06
981 1.63142e+06
982 1.63152e+06
983 1.63155e+06
984 1.63157e+06
985 1.6316e+06
986 1.63161e+06
987 1.63174e+06
988 1.63174e+06
989 1.6318e+06
990 1.63188e+06
991 1.63193e+06
992 1.63196e+06
993 1.63197e+06
994 1.63204e+06
995 1.63205e+06
996 1.63212e+06
997 1.63223e+06
998 1.63237e+06
999 1.63242e+06
1000 1.6325e+06
