128 0.3 0.444
0 156776
1 1.5679e+06
2 1.56794e+06
3 1.56795e+06
4 1.56802e+06
5 1.56804e+06
6 1.56806e+06
7 1.5682e+06
8 1.56841e+06
9 1.56843e+06
10 1.5685e+06
11 1.56863e+06
12 1.56877e+06
13 1.56899e+06
14 1.56899e+06
15 1.56909e+06
16 1.56917e+06
17 1.56934e+06
18 1.56942e+06
19 1.56953e+06
20 1.5696e+06
21 1.56963e+06
22 1.56982e+06
23 1.5699e+06
24 1.56996e+06
25 1.57002e+06
26 1.57026e+06
27 1.57061e+06
28 1.57069e+06
29 1.57076e+06
30 1.57088e+06
31 1.57088e+06
32 1.57104e+06
33 1.5712e+06
34 1.57127e+06
35 1.57138e+06
36 1.57156e+06
37 1.57169e+06
38 1.57171e+06
39 1.57176e+06
40 1.57182e+06
41 1.57191e+06
42 1.57197e+06
43 1.57213e+06
44 1.57223e+06
45 1.57225e+06
46 1.57237e+06
47 1.57246e+06
48 1.57253e+06
49 1.57273e+06
50 1.57287e+06
51 1.57293e+06
52 1.57297e+06
53 1.57303e+06
54 1.57306e+06
55 1.57316e+06
56 1.57325e+06
57 1.57331e+06
58 1.57336e+06
59 1.5734e+06
60 1.5735e+06
61 1.5736e+06
62 1.57372e+06
63 1.57381e+06
64 1.57395e+06
65 1.57402e+06
66 1.57416e+06
67 1.57425e+06
68 1.57435e+06
69 1.57442e+06
70 1.57463e+06
71 1.5748e+06
72 1.57505e+06
73 1.57522e+06
74 1.57527e+06
75 1.57547e+06
76 1.57558e+06
77 1.57563e+06
78 1.57577e+06
79 1.57579e+06
80 1.57598e+06
81 1.57616e+06
82 1.57619e+06
83 1.57625e+06
84 1.57626e+06
85 1.57627e+06
86 1.57633e+06
87 1.57636e+06
88 1.57639e+06
89 1.57657e+06
90 1.57659e+06
91 1.57676e+06
92 1.57693e+06
93 1.5771e+06
94 1.57729e+06
95 1.57736e+06
96 1.5774e+06
97 1.57753e+06
98 1.57759e+06
99 1.57768e+06
100 1.57776e+06
101 1.57805e+06
102 1.57819e+06
103 1.57824e+06
104 1.57851e+06
105 1.5786e+06
106 1.57871e+06
107 1.57883e+06
108 1.57892e+06
109 1.57897e+06
110 1.57905e+06
111 1.57911e+06
112 1.57911e+06
113 1.57918e+06
114 1.57932e+06
115 1.57934e+06
116 1.57939e+06
117 1.57949e+06
118 1.57957e+06
119 1.57971e+06
120 1.57976e+06
121 1.57991e+06
122 1.57994e+06
123 1.58005e+06
124 1.58009e+06
125 1.58019e+06
126 1.5802e+06
127 1.58027e+06
128 1.58035e+06
129 1.58051e+06
130 1.58057e+06
131 1.58065e+06
132 1.58077e+06
133 1.5809e+06
134 1.58095e+06
135 1.58102e+06
136 1.58121e+06
137 1.58129e+06
138 1.58137e+06
139 1.58144e+06
140 1.58148e+06
141 1.58154e+06
142 1.58159e+06
143 1.58169e+06
144 1.58174e+06
145 1.58182e+06
146 1.58187e+06
147 1.58196e+06
148 1.58201e+06
149 1.58209e+06
150 1.58219e+06
151 1.58223e+06
152 1.58226e+06
153 1.5823e+06
154 1.58241e+06
155 1.58245e+06
156 1.58258e+06
157 1.58258e+06
158 1.58269e+06
159 1.58282e+06
160 1.58284e+06
161 1.5829e+06
162 1.5829e+06
163 1.58296e+06
164 1.58315e+06
165 1.5832e+06
166 1.58323e+06
167 1.58325e+06
168 1.58328e+06
169 1.58333e+06
170 1.58338e+06
171 1.58351e+06
172 1.58362e+06
173 1.58371e+06
174 1.58378e+06
175 1.58386e+06
176 1.58388e+06
177 1.58397e+06
178 1.58405e+06
179 1.58426e+06
180 1.58441e+06
181 1.58446e+06
182 1.58453e+06
183 1.58458e+06
184 1.58463e+06
185 1.58466e+06
186 1.58476e+06
187 1.58482e+06
188 1.58482e+06
189 1.58485e+06
190 1.58493e+06
191 1.58511e+06
192 1.58516e+06
193 1.58519e+06
194 1.58532e+06
195 1.58539e+06
196 1.58554e+06
197 1.58561e+06
198 1.58563e+06
199 1.58569e+06
200 1.58578e+06
201 1.58584e+06
202 1.58595e+06
203 1.58606e+06
204 1.58609e+06
205 1.58614e+06
206 1.5862e+06
207 1.58627e+06
208 1.5863e+06
209 1.58634e+06
210 1.58642e+06
211 1.58652e+06
212 1.58658e+06
213 1.58666e+06
214 1.58676e+06
215 1.5869e+06
216 1.5869e+06
217 1.58712e+06
218 1.58716e+06
219 1.58722e+06
220 1.58733e+06
221 1.5874e+06
222 1.58742e+06
223 1.5875e+06
224 1.58754e+06
225 1.58756e+06
226 1.5876e+06
227 1.58772e+06
228 1.58777e+06
229 1.58783e+06
230 1.58784e+06
231 1.58788e+06
232 1.58796e+06
233 1.5881e+06
234 1.58816e+06
235 1.58829e+06
236 1.58842e+06
237 1.58848e+06
238 1.58855e+06
239 1.58862e+06
240 1.58869e+06
241 1.58873e+06
242 1.58878e+06
243 1.58882e+06
244 1.58884e+06
245 1.58891e+06
246 1.58896e+06
247 1.58901e+06
248 1.58905e+06
249 1.58914e+06
250 1.58923e+06
251 1.58927e+06
252 1.58934e+06
253 1.58938e+06
254 1.58944e+06
255 1.58951e+06
256 1.58964e+06
257 1.58968e+06
258 1.58973e+06
259 1.58977e+06
260 1.58976e+06
261 1.58988e+06
262 1.58994e+06
263 1.59015e+06
264 1.59019e+06
265 1.59023e+06
266 1.59027e+06
267 1.59036e+06
268 1.59046e+06
269 1.59054e+06
270 1.59055e+06
271 1.59068e+06
272 1.59078e+06
273 1.59082e+06
274 1.59091e+06
275 1.59103e+06
276 1.59103e+06
277 1.59113e+06
278 1.59119e+06
279 1.59127e+06
280 1.59138e+06
281 1.59146e+06
282 1.59159e+06
283 1.59165e+06
284 1.59175e+06
285 1.59177e+06
286 1.59186e+06
287 1.592e+06
288 1.59205e+06
289 1.5921e+06
290 1.5922e+06
291 1.59221e+06
292 1.5923e+06
293 1.59238e+06
294 1.59252e+06
295 1.59259e+06
296 1.59264e+06
297 1.59271e+06
298 1.59273e+06
299 1.59281e+06
300 1.59284e+06
301 1.5929e+06
302 1.593e+06
303 1.59309e+06
304 1.59321e+06
305 1.59335e+06
306 1.59342e+06
307 1.59347e+06
308 1.59354e+06
309 1.59364e+06
310 1.59372e+06
311 1.59378e+06
312 1.59386e+06
313 1.59394e+06
314 1.59399e+06
315 1.59402e+06
316 1.59404e+06
317 1.5941e+06
318 1.59413e+06
319 1.59413e+06
320 1.59417e+06
321 1.59418e+06
322 1.59419e+06
323 1.59426e+06
324 1.59426e+06
325 1.59435e+06
326 1.59444e+06
327 1.59445e+06
328 1.59457e+06
329 1.59464e+06
330 1.59467e+06
331 1.59477e+06
332 1.59486e+06
333 1.59502e+06
334 1.59507e+06
335 1.59514e+06
336 1.59521e+06
337 1.59525e+06
338 1.59533e+06
339 1.59541e+06
340 1.59543e+06
341 1.59547e+06
342 1.59548e+06
343 1.59564e+06
344 1.59574e+06
345 1.59582e+06
346 1.59586e+06
347 1.59595e+06
348 1.59599e+06
349 1.59604e+06
350 1.59612e+06
351 1.59623e+06
352 1.59626e+06
353 1.5964e+06
354 1.59646e+06
355 1.5966e+06
356 1.59664e+06
357 1.59673e+06
358 1.59683e+06
359 1.59693e+06
360 1.59699e+06
361 1.59707e+06
362 1.59713e+06
363 1.59716e+06
364 1.59726e+06
365 1.5973e+06
366 1.59742e+06
367 1.59744e+06
368 1.59754e+06
369 1.59768e+06
370 1.5977e+06
371 1.59777e+06
372 1.5979e+06
373 1.59803e+06
374 1.59807e+06
375 1.59818e+06
376 1.59822e+06
377 1.59828e+06
378 1.59834e+06
379 1.59842e+06
380 1.59849e+06
381 1.59858e+06
382 1.59866e+06
383 1.59878e+06
384 1.5988e+06
385 1.59883e+06
386 1.59885e+06
387 1.59896e+06
388 1.59898e+06
389 1.59902e+06
390 1.59907e+06
391 1.59915e+06
392 1.59926e+06
393 1.59936e+06
394 1.59942e+06
395 1.59942e+06
396 1.59943e+06
397 1.59951e+06
398 1.59953e+06
399 1.59959e+06
400 1.59965e+06
401 1.59968e+06
402 1.59975e+06
403 1.59979e+06
404 1.59988e+06
405 1.59994e+06
406 1.60002e+06
407 1.60008e+06
408 1.6001e+06
409 1.60017e+06
410 1.60025e+06
411 1.60029e+06
412 1.60035e+06
413 1.60042e+06
414 1.60049e+06
415 1.60061e+06
416 1.6007e+06
417 1.60076e+06
418 1.60077e+06
419 1.60077e+06
420 1.60086e+06
421 1.60089e+06
422 1.60102e+06
423 1.60109e+06
424 1.60115e+06
425 1.60116e+06
426 1.60127e+06
427 1.60137e+06
428 1.60136e+06
429 1.60145e+06
430 1.60152e+06
431 1.60158e+06
432 1.60171e+06
433 1.60176e+06
434 1.60179e+06
435 1.60191e+06
436 1.60194e+06
437 1.60201e+06
438 1.60214e+06
439 1.60215e+06
440 1.60224e+06
441 1.60238e+06
442 1.60248e+06
443 1.60252e+06
444 1.60254e+06
445 1.60262e+06
446 1.60267e+06
447 1.6027e+06
448 1.60272e+06
449 1.60277e+06
450 1.60281e+06
451 1.60288e+06
452 1.60298e+06
453 1.60301e+06
454 1.60306e+06
455 1.60317e+06
456 1.60325e+06
457 1.60329e+06
458 1.60336e+06
459 1.60339e+06
460 1.60344e+06
461 1.60361e+06
462 1.60367e+06
463 1.60373e+06
464 1.60374e+06
465 1.60379e+06
466 1.60387e+06
467 1.60387e+06
468 1.6039e+06
469 1.60396e+06
470 1.60402e+06
471 1.60412e+06
472 1.60417e+06
473 1.60425e+06
474 1.60431e+06
475 1.60432e+06
476 1.6044e+06
477 1.60444e+06
478 1.60447e+06
479 1.60456e+06
480 1.6046e+06
481 1.60464e+06
482 1.60464e+06
483 1.6048e+06
484 1.60491e+06
485 1.60495e+06
486 1.60504e+06
487 1.60505e+06
488 1.60506e+06
489 1.60514e+06
490 1.60523e+06
491 1.60526e+06
492 1.60531e+06
493 1.60536e+06
494 1.60542e+06
495 1.60551e+06
496 1.60559e+06
497 1.60564e+06
498 1.60574e+06
499 1.60579e+06
500 1.6059e+06
501 1.60602e+06
502 1.60609e+06
503 1.60612e+06
504 1.60615e+06
505 1.6062e+06
506 1.60622e+06
507 1.6063e+06
508 1.60643e+06
509 1.60647e+06
510 1.60649e+06
511 1.60664e+06
512 1.60668e+06
513 1.60676e+06
514 1.6068e+06
515 1.60683e+06
516 1.60689e+06
517 1.60693e+06
518 1.60703e+06
519 1.60708e+06
520 1.60715e+06
521 1.60717e+06
522 1.60724e+06
523 1.60726e+06
524 1.60727e+06
525 1.60739e+06
526 1.60749e+06
527 1.60754e+06
528 1.6076e+06
529 1.60762e+06
530 1.60776e+06
531 1.60784e+06
532 1.60787e+06
533 1.6079e+06
534 1.60789e+06
535 1.60795e+06
536 1.60797e+06
537 1.60802e+06
538 1.60808e+06
539 1.60808e+06
540 1.60821e+06
541 1.60835e+06
542 1.60842e+06
543 1.60849e+06
544 1.60853e+06
545 1.60856e+06
546 1.60863e+06
547 1.60869e+06
548 1.6087e+06
549 1.60887e+06
550 1.60898e+06
551 1.60906e+06
552 1.60918e+06
553 1.60925e+06
554 1.60929e+06
555 1.60932e+06
556 1.60941e+06
557 1.60946e+06
558 1.60951e+06
559 1.60961e+06
560 1.6097e+06
561 1.60977e+06
562 1.60981e+06
563 1.60991e+06
564 1.61e+06
565 1.61002e+06
566 1.61007e+06
567 1.61009e+06
568 1.61024e+06
569 1.61034e+06
570 1.61041e+06
571 1.61046e+06
572 1.61051e+06
573 1.61063e+06
574 1.61073e+06
575 1.61075e+06
576 1.61081e+06
577 1.61091e+06
578 1.61097e+06
579 1.61102e+06
580 1.61115e+06
581 1.61128e+06
582 1.61138e+06
583 1.6114e+06
584 1.61154e+06
585 1.61158e+06
586 1.61172e+06
587 1.61178e+06
588 1.61181e+06
589 1.61183e+06
590 1.61191e+06
591 1.61198e+06
592 1.61202e+06
593 1.61214e+06
594 1.61223e+06
595 1.61224e+06
596 1.61227e+06
597 1.61237e+06
598 1.61239e+06
599 1.61249e+06
600 1.61252e+06
601 1.61258e+06
602 1.61267e+06
603 1.61271e+06
604 1.61271e+06
605 1.61275e+06
606 1.61284e+06
607 1.61297e+06
608 1.61298e+06
609 1.61306e+06
610 1.61309e+06
611 1.61315e+06
612 1.61321e+06
613 1.61322e+06
614 1.61326e+06
615 1.6134e+06
616 1.61346e+06
617 1.6135e+06
618 1.61355e+06
619 1.6136e+06
620 1.61369e+06
621 1.61376e+06
622 1.61377e+06
623 1.61386e+06
624 1.6139e+06
625 1.61393e+06
626 1.61395e+06
627 1.61404e+06
628 1.61408e+06
629 1.61412e+06
630 1.61422e+06
631 1.61423e+06
632 1.61434e+06
633 1.61436e+06
634 1.61437e+06
635 1.6144e+06
636 1.61446e+06
637 1.6145e+06
638 1.61451e+06
639 1.61458e+06
640 1.61465e+06
641 1.61475e+06
642 1.61479e+06
643 1.61483e+06
644 1.6149e+06
645 1.61492e+06
646 1.615e+06
647 1.61499e+06
648 1.61502e+06
649 1.61505e+06
650 1.61507e+06
651 1.6151e+06
652 1.61515e+06
653 1.61521e+06
654 1.61521e+06
655 1.61529e+06
656 1.61537e+06
657 1.61542e+06
658 1.61543e+06
659 1.6155e+06
660 1.61554e+06
661 1.61561e+06
662 1.6157e+06
663 1.61584e+06
664 1.61585e+06
665 1.61594e+06
666 1.61594e+06
667 1.61601e+06
668 1.61608e+06
669 1.61618e+06
670 1.61626e+06
671 1.61627e+06
672 1.61627e+06
673 1.61631e+06
674 1.61639e+06
675 1.61639e+06
676 1.61648e+06
677 1.61652e+06
678 1.6166e+06
679 1.6166e+06
680 1.61666e+06
681 1.61668e+06
682 1.61676e+06
683 1.61681e+06
684 1.61687e+06
685 1.6169e+06
686 1.61693e+06
687 1.61693e+06
688 1.61701e+06
689 1.61713e+06
690 1.61714e+06
691 1.6172e+06
692 1.61724e+06
693 1.61732e+06
694 1.61736e+06
695 1.61736e+06
696 1.61741e+06
697 1.61744e+06
698 1.61747e+06
699 1.61752e+06
700 1.61754e+06
701 1.61755e+06
702 1.6176e+06
703 1.61767e+06
704 1.6177e+06
705 1.61773e+06
706 1.61785e+06
707 1.61791e+06
708 1.61791e+06
709 1.61801e+06
710 1.61804e+06
711 1.61818e+06
712 1.61821e+06
713 1.61827e+06
714 1.61835e+06
715 1.61837e+06
716 1.61837e+06
717 1.61844e+06
718 1.6185e+06
719 1.61855e+06
720 1.6186e+06
721 1.61871e+06
722 1.61876e+06
723 1.61883e+06
724 1.61892e+06
725 1.61901e+06
726 1.61902e+06
727 1.61908e+06
728 1.61909e+06
729 1.61914e+06
730 1.61916e+06
731 1.61918e+06
732 1.61932e+06
733 1.61932e+06
734 1.61943e+06
735 1.61945e+06
736 1.61949e+06
737 1.61949e+06
738 1.61962e+06
739 1.61969e+06
740 1.6197e+06
741 1.61976e+06
742 1.61982e+06
743 1.61984e+06
744 1.61988e+06
745 1.61994e+06
746 1.62006e+06
747 1.6201e+06
748 1.62011e+06
749 1.62019e+06
750 1.62021e+06
751 1.62026e+06
752 1.62029e+06
753 1.6204e+06
754 1.62044e+06
755 1.62048e+06
756 1.62054e+06
757 1.62055e+06
758 1.62058e+06
759 1.62062e+06
760 1.62063e+06
761 1.62068e+06
762 1.6207e+06
763 1.6207e+06
764 1.62075e+06
765 1.62078e+06
766 1.62082e+06
767 1.62092e+06
768 1.62095e+06
769 1.62096e+06
770 1.621e+06
771 1.62107e+06
772 1.62111e+06
773 1.62115e+06
774 1.62128e+06
775 1.62129e+06
776 1.62136e+06
777 1.62141e+06
778 1.62144e+06
779 1.62153e+06
780 1.62156e+06
781 1.62164e+06
782 1.62164e+06
783 1.6217e+06
784 1.62178e+06
785 1.6218e+06
786 1.6218e+06
787 1.62182e+06
788 1.62188e+06
789 1.6219e+06
790 1.62191e+06
791 1.62193e+06
792 1.622e+06
793 1.62204e+06
794 1.62206e+06
795 1.62212e+06
796 1.62215e+06
797 1.62218e+06
798 1.62221e+06
799 1.62227e+06
800 1.62237e+06
801 1.62244e+06
802 1.62248e+06
803 1.62256e+06
804 1.62266e+06
805 1.62278e+06
806 1.62283e+06
807 1.62284e+06
808 1.6229e+06
809 1.6229e+06
810 1.62296e+06
811 1.62312e+06
812 1.62316e+06
813 1.62317e+06
814 1.62319e+06
815 1.62327e+06
816 1.62332e+06
817 1.62342e+06
818 1.62347e+06
819 1.62349e+06
820 1.6235e+06
821 1.62353e+06
822 1.6236e+06
823 1.6236e+06
824 1.62366e+06
825 1.62369e+06
826 1.62371e+06
827 1.62384e+06
828 1.62388e+06
829 1.62391e+06
830 1.624e+06
831 1.62408e+06
832 1.62411e+06
833 1.62422e+06
834 1.62424e+06
835 1.62434e+06
836 1.62439e+06
837 1.62447e+06
838 1.6245e+06
839 1.62456e+06
840 1.62463e+06
841 1.62466e+06
842 1.62472e+06
843 1.62482e+06
844 1.62482e+06
845 1.62488e+06
846 1.62495e+06
847 1.62496e+06
848 1.62501e+06
849 1.62503e+06
850 1.6251e+06
851 1.62511e+06
852 1.62519e+06
853 1.62521e+06
854 1.62524e+06
855 1.62531e+06
856 1.6254e+06
857 1.62542e+06
858 1.62547e+06
859 1.62546e+06
860 1.62551e+06
861 1.62552e+06
862 1.62557e+06
863 1.62564e+06
864 1.62567e+06
865 1.62568e+06
866 1.6257e+06
867 1.6258e+06
868 1.62581e+06
869 1.62584e+06
870 1.62591e+06
871 1.62593e+06
872 1.62594e+06
873 1.62598e+06
874 1.62604e+06
875 1.62604e+06
876 1.62605e+06
877 1.62607e+06
878 1.62617e+06
879 1.6262e+06
880 1.62636e+06
881 1.62646e+06
882 1.62656e+06
883 1.62662e+06
884 1.62668e+06
885 1.62674e+06
886 1.6269e+06
887 1.62694e+06
888 1.62694e+06
889 1.62704e+06
890 1.62711e+06
891 1.62716e+06
892 1.62722e+06
893 1.62729e+06
894 1.62731e+06
895 1.62731e+06
896 1.62731e+06
897 1.62733e+06
898 1.62749e+06
899 1.62752e+06
900 1.62754e+06
901 1.62756e+06
902 1.62758e+06
903 1.62769e+06
904 1.62773e+06
905 1.62777e+06
906 1.62784e+06
907 1.62791e+06
908 1.62794e+06
909 1.62795e+06
910 1.62802e+06
911 1.62802e+06
912 1.62804e+06
913 1.62804e+06
914 1.62809e+06
915 1.62814e+06
916 1.62821e+06
917 1.62835e+06
918 1.62843e+06
919 1.62846e+06
920 1.62847e+06
921 1.62855e+06
922 1.62856e+06
923 1.6286e+06
924 1.6286e+06
925 1.62868e+06
926 1.62868e+06
927 1.62881e+06
928 1.62881e+06
929 1.62888e+06
930 1.6289e+06
931 1.62896e+06
932 1.62905e+06
933 1.62907e+06
934 1.62913e+06
935 1.62914e+06
936 1.62915e+06
937 1.6292e+06
938 1.6292e+06
939 1.62926e+06
940 1.62932e+06
941 1.62932e+06
942 1.62933e+06
943 1.62933e+06
944 1.62937e+06
945 1.6294e+06
946 1.62945e+06
947 1.62945e+06
948 1.62965e+06
949 1.62975e+06
950 1.62979e+06
951 1.62986e+06
952 1.62988e+06
953 1.6299e+06
954 1.62995e+06
955 1.62998e+06
956 1.62998e+06
957 1.63005e+06
958 1.63008e+06
959 1.63015e+06
960 1.63019e+06
961 1.63021e+06
962 1.63028e+06
963 1.63044e+06
964 1.63044e+06
965 1.63047e+06
966 1.63051e+06
967 1.63057e+06
968 1.63059e+06
969 1.63063e+06
970 1.63068e+06
971 1.63068e+06
972 1.63072e+06
973 1.63078e+06
974 1.63083e+06
975 1.63094e+06
976 1.631e+06
977 1.63101e+06
978 1.63107e+06
979 1.63115e+06
980 1.63117e+06
981 1.63132e+06
982 1.63133e+06
983 1.63144e+06
984 1.63153e+06
985 1.63158e+06
986 1.63167e+06
987 1.63167e+06
988 1.6317e+06
989 1.63172e+06
990 1.63183e+06
991 1.63186e+06
992 1.63186e+06
993 1.63197e+06
994 1.63202e+06
995 1.63212e+06
996 1.63227e+06
997 1.63235e+06
998 1.6325e+06
999 1.63259e+06
1000 1.63264e+06
