128 0.3 0.27
0 156776
1 1.56784e+06
2 1.56789e+06
3 1.56807e+06
4 1.56822e+06
5 1.56826e+06
6 1.56834e+06
7 1.56842e+06
8 1.56856e+06
9 1.56865e+06
10 1.56868e+06
11 1.56875e+06
12 1.56887e+06
13 1.56895e+06
14 1.56928e+06
15 1.5693e+06
16 1.56938e+06
17 1.56946e+06
18 1.56952e+06
19 1.56962e+06
20 1.56976e+06
21 1.56979e+06
22 1.56982e+06
23 1.56982e+06
24 1.56986e+06
25 1.56989e+06
26 1.56989e+06
27 1.56995e+06
28 1.57001e+06
29 1.57016e+06
30 1.57021e+06
31 1.57036e+06
32 1.57044e+06
33 1.57049e+06
34 1.57051e+06
35 1.57059e+06
36 1.57059e+06
37 1.5706e+06
38 1.5706e+06
39 1.57103e+06
40 1.57113e+06
41 1.57133e+06
42 1.57152e+06
43 1.57165e+06
44 1.57186e+06
45 1.57196e+06
46 1.57199e+06
47 1.57209e+06
48 1.57214e+06
49 1.57232e+06
50 1.57233e+06
51 1.57237e+06
52 1.57243e+06
53 1.57247e+06
54 1.5725e+06
55 1.57274e+06
56 1.57279e+06
57 1.57283e+06
58 1.57284e+06
59 1.57287e+06
60 1.57296e+06
61 1.5731e+06
62 1.57314e+06
63 1.57324e+06
64 1.57334e+06
65 1.57354e+06
66 1.57358e+06
67 1.57368e+06
68 1.57374e+06
69 1.57377e+06
70 1.57387e+06
71 1.574e+06
72 1.57408e+06
73 1.57415e+06
74 1.57427e+06
75 1.57431e+06
76 1.57444e+06
77 1.57449e+06
78 1.5745e+06
79 1.57454e+06
80 1.57463e+06
81 1.57477e+06
82 1.57485e+06
83 1.57494e+06
84 1.57502e+06
85 1.57523e+06
86 1.57531e+06
87 1.57531e+06
88 1.57537e+06
89 1.5755e+06
90 1.57552e+06
91 1.57565e+06
92 1.57576e+06
93 1.57583e+06
94 1.57584e+06
95 1.57596e+06
96 1.57611e+06
97 1.57615e+06
98 1.57619e+06
99 1.57632e+06
100 1.57644e+06
101 1.57647e+06
102 1.57652e+06
103 1.57663e+06
104 1.57672e+06
105 1.57679e+06
106 1.5769e+06
107 1.57703e+06
108 1.5772e+06
109 1.57724e+06
110 1.57736e+06
111 1.57742e+06
112 1.57744e+06
113 1.57751e+06
114 1.57752e+06
115 1.57754e+06
116 1.57758e+06
117 1.57761e+06
118 1.57765e+06
119 1.57778e+06
120 1.57794e+06
121 1.57805e+06
122 1.57813e+06
123 1.57825e+06
124 1.57834e+06
125 1.57842e+06
126 1.57852e+06
127 1.57864e+06
128 1.57868e+06
129 1.57871e+06
130 1.57879e+06
131 1.57884e+06
132 1.57896e+06
133 1.57899e+06
134 1.57902e+06
135 1.57907e+06
136 1.57915e+06
137 1.57924e+06
138 1.57941e+06
139 1.57952e+06
140 1.57954e+06
141 1.57964e+06
142 1.57971e+06
143 1.5798e+06
144 1.57995e+06
145 1.58008e+06
146 1.58016e+06
147 1.58022e+06
148 1.58026e+06
149 1.58032e+06
150 1.58047e+06
151 1.58053e+06
152 1.5806e+06
153 1.58063e+06
154 1.58071e+06
155 1.58083e+06
156 1.58103e+06
157 1.58109e+06
158 1.58109e+06
159 1.58113e+06
160 1.58115e+06
161 1.58124e+06
162 1.58131e+06
163 1.58137e+06
164 1.58149e+06
165 1.5815e+06
166 1.58151e+06
167 1.58168e+06
168 1.58171e+06
169 1.58178e+06
170 1.58184e+06
171 1.58194e+06
172 1.58205e+06
173 1.58211e+06
174 1.58212e+06
175 1.58212e+06
176 1.58226e+06
177 1.5823e+06
178 1.5825e+06
179 1.58257e+06
180 1.58267e+06
181 1.58282e+06
182 1.58284e+06
183 1.58299e+06
184 1.58311e+06
185 1.58314e+06
186 1.58332e+06
187 1.58332e+06
188 1.58338e+06
189 1.5834e+06
190 1.58355e+06
191 1.5836e+06
192 1.58376e+06
193 1.5839e+06
194 1.5839e+06
195 1.58394e+06
196 1.58393e+06
197 1.58414e+06
198 1.58427e+06
199 1.58431e+06
200 1.58437e+06
201 1.58438e+06
202 1.58446e+06
203 1.58476e+06
204 1.58481e+06
205 1.58482e+06
206 1.58484e+06
207 1.5849e+06
208 1.58506e+06
209 1.58516e+06
210 1.58528e+06
211 1.58539e+06
212 1.58553e+06
213 1.5857e+06
214 1.58582e+06
215 1.58588e+06
216 1.58605e+06
217 1.58609e+06
218 1.58614e+06
219 1.58625e+06
220 1.5863e+06
221 1.58637e+06
222 1.58654e+06
223 1.5866e+06
224 1.5866e+06
225 1.58664e+06
226 1.58667e+06
227 1.58675e+06
228 1.58679e+06
229 1.58677e+06
230 1.58681e+06
231 1.58683e+06
232 1.58684e+06
233 1.58696e+06
234 1.58698e+06
235 1.58697e+06
236 1.58702e+06
237 1.58707e+06
238 1.58716e+06
239 1.58718e+06
240 1.58728e+06
241 1.58744e+06
242 1.58754e+06
243 1.5877e+06
244 1.58777e+06
245 1.58781e+06
246 1.58786e+06
247 1.58792e+06
248 1.58805e+06
249 1.58814e+06
250 1.58826e+06
251 1.58834e+06
252 1.58832e+06
253 1.58831e+06
254 1.58837e+06
255 1.58842e+06
256 1.58865e+06
257 1.58877e+06
258 1.58877e+06
259 1.58882e+06
260 1.5889e+06
261 1.58901e+06
262 1.58908e+06
263 1.58914e+06
264 1.58917e+06
265 1.58918e+06
266 1.58922e+06
267 1.58927e+06
268 1.58933e+06
269 1.58938e+06
270 1.58941e+06
271 1.58942e+06
272 1.5895e+06
273 1.58952e+06
274 1.58958e+06
275 1.58966e+06
276 1.58969e+06
277 1.58985e+06
278 1.58985e+06
279 1.58988e+06
280 1.58993e+06
281 1.58993e+06
282 1.59003e+06
283 1.59013e+06
284 1.59024e+06
285 1.59032e+06
286 1.59042e+06
287 1.59041e+06
288 1.59051e+06
289 1.59057e+06
290 1.59063e+06
291 1.59066e+06
292 1.59074e+06
293 1.59079e+06
294 1.59091e+06
295 1.59096e+06
296 1.59115e+06
297 1.59126e+06
298 1.59128e+06
299 1.5913e+06
300 1.59135e+06
301 1.59135e+06
302 1.5914e+06
303 1.59149e+06
304 1.5915e+06
305 1.59152e+06
306 1.5916e+06
307 1.5918e+06
308 1.59186e+06
309 1.59193e+06
310 1.59197e+06
311 1.59204e+06
312 1.59215e+06
313 1.59222e+06
314 1.59227e+06
315 1.59239e+06
316 1.59245e+06
317 1.59255e+06
318 1.59265e+06
319 1.59271e+06
320 1.59286e+06
321 1.59285e+06
322 1.59284e+06
323 1.5929e+06
324 1.59301e+06
325 1.59308e+06
326 1.59324e+06
327 1.59331e+06
328 1.59344e+06
329 1.59349e+06
330 1.59352e+06
331 1.5936e+06
332 1.59362e+06
333 1.59365e+06
334 1.59364e+06
335 1.59377e+06
336 1.59399e+06
337 1.59406e+06
338 1.59409e+06
339 1.59414e+06
340 1.59424e+06
341 1.59428e+06
342 1.59434e+06
343 1.59445e+06
344 1.59454e+06
345 1.59458e+06
346 1.59466e+06
347 1.59473e+06
348 1.59474e+06
349 1.59485e+06
350 1.59492e+06
351 1.59496e+06
352 1.595e+06
353 1.59505e+06
354 1.59508e+06
355 1.5952e+06
356 1.59521e+06
357 1.59526e+06
358 1.59534e+06
359 1.59541e+06
360 1.59554e+06
361 1.59564e+06
362 1.59573e+06
363 1.59584e+06
364 1.59594e+06
365 1.59596e+06
366 1.59599e+06
367 1.59613e+06
368 1.59622e+06
369 1.59635e+06
370 1.59642e+06
371 1.59642e+06
372 1.59651e+06
373 1.59659e+06
374 1.59666e+06
375 1.59668e+06
376 1.59676e+06
377 1.5968e+06
378 1.59683e+06
379 1.59688e+06
380 1.5969e+06
381 1.59693e+06
382 1.59693e+06
383 1.59706e+06
384 1.59711e+06
385 1.59723e+06
386 1.59724e+06
387 1.59726e+06
388 1.59728e+06
389 1.59729e+06
390 1.59731e+06
391 1.59743e+06
392 1.59744e+06
393 1.59752e+06
394 1.59754e+06
395 1.59764e+06
396 1.59772e+06
397 1.59781e+06
398 1.59782e+06
399 1.59791e+06
400 1.59798e+06
401 1.5981e+06
402 1.59812e+06
403 1.59822e+06
404 1.59823e+06
405 1.59823e+06
406 1.59833e+06
407 1.59836e+06
408 1.59845e+06
409 1.59848e+06
410 1.59861e+06
411 1.59865e+06
412 1.59872e+06
413 1.59878e+06
414 1.59884e+06
415 1.59887e+06
416 1.59896e+06
417 1.59915e+06
418 1.59924e+06
419 1.59927e+06
420 1.59934e+06
421 1.5994e+06
422 1.59949e+06
423 1.59952e+06
424 1.59952e+06
425 1.59966e+06
426 1.59967e+06
427 1.59981e+06
428 1.59981e+06
429 1.5999e+06
430 1.59989e+06
431 1.59997e+06
432 1.59999e+06
433 1.60001e+06
434 1.60007e+06
435 1.60016e+06
436 1.60015e+06
437 1.60014e+06
438 1.60015e+06
439 1.60018e+06
440 1.60026e+06
441 1.60031e+06
442 1.60041e+06
443 1.60049e+06
444 1.60054e+06
445 1.60063e+06
446 1.60067e+06
447 1.60072e+06
448 1.60078e+06
449 1.60089e+06
450 1.60091e+06
451 1.60101e+06
452 1.60115e+06
453 1.60121e+06
454 1.60127e+06
455 1.60128e+06
456 1.60138e+06
457 1.60138e+06
458 1.60146e+06
459 1.60154e+06
460 1.60154e+06
461 1.60159e+06
462 1.60159e+06
463 1.60165e+06
464 1.60165e+06
465 1.60167e+06
466 1.60185e+06
467 1.60192e+06
468 1.60197e+06
469 1.60196e+06
470 1.60199e+06
471 1.60213e+06
472 1.6022e+06
473 1.60225e+06
474 1.60236e+06
475 1.6024e+06
476 1.60247e+06
477 1.6026e+06
478 1.60264e+06
479 1.60267e+06
480 1.60276e+06
481 1.60282e+06
482 1.60283e+06
483 1.60288e+06
484 1.60293e+06
485 1.60298e+06
486 1.60306e+06
487 1.60306e+06
488 1.6032e+06
489 1.60323e+06
490 1.60338e+06
491 1.60348e+06
492 1.6035e+06
493 1.60358e+06
494 1.60364e+06
495 1.60364e+06
496 1.60373e+06
497 1.60377e+06
498 1.60382e+06
499 1.60382e+06
500 1.60386e+06
501 1.60388e+06
502 1.60395e+06
503 1.60397e+06
504 1.60405e+06
505 1.60411e+06
506 1.60415e+06
507 1.60417e+06
508 1.60426e+06
509 1.6043e+06
510 1.6044e+06
511 1.60444e+06
512 1.60444e+06
513 1.60447e+06
514 1.60452e+06
515 1.60452e+06
516 1.60458e+06
517 1.60465e+06
518 1.60465e+06
519 1.6047e+06
520 1.60473e+06
521 1.60472e+06
522 1.60476e+06
523 1.60478e+06
524 1.60479e+06
525 1.60481e+06
526 1.60489e+06
527 1.60495e+06
528 1.60499e+06
529 1.605e+06
530 1.60505e+06
531 1.60519e+06
532 1.6052e+06
533 1.6052e+06
534 1.60526e+06
535 1.6053e+06
536 1.60538e+06
537 1.60545e+06
538 1.60548e+06
539 1.60549e+06
540 1.60552e+06
541 1.60557e+06
542 1.60565e+06
543 1.60573e+06
544 1.60592e+06
545 1.60601e+06
546 1.60605e+06
547 1.6061e+06
548 1.60619e+06
549 1.60621e+06
550 1.60629e+06
551 1.6063e+06
552 1.60637e+06
553 1.60638e+06
554 1.60647e+06
555 1.60654e+06
556 1.60658e+06
557 1.60659e+06
558 1.60658e+06
559 1.60669e+06
560 1.60669e+06
561 1.6067e+06
562 1.60675e+06
563 1.60679e+06
564 1.60689e+06
565 1.60689e+06
566 1.60694e+06
567 1.607e+06
568 1.60714e+06
569 1.60718e+06
570 1.6072e+06
571 1.60726e+06
572 1.60727e+06
573 1.6073e+06
574 1.6073e+06
575 1.60736e+06
576 1.60738e+06
577 1.60738e+06
578 1.6074e+06
579 1.60746e+06
580 1.60754e+06
581 1.60759e+06
582 1.60762e+06
583 1.60763e+06
584 1.60771e+06
585 1.60778e+06
586 1.60777e+06
587 1.60787e+06
588 1.60804e+06
589 1.60806e+06
590 1.60806e+06
591 1.60811e+06
592 1.60813e+06
593 1.60821e+06
594 1.6083e+06
595 1.60843e+06
596 1.6085e+06
597 1.60864e+06
598 1.60866e+06
599 1.60876e+06
600 1.60878e+06
601 1.60888e+06
602 1.60914e+06
603 1.60925e+06
604 1.60933e+06
605 1.60941e+06
606 1.6094e+06
607 1.60944e+06
608 1.60946e+06
609 1.60955e+06
610 1.60961e+06
611 1.60974e+06
612 1.60975e+06
613 1.6098e+06
614 1.60991e+06
615 1.60994e+06
616 1.61008e+06
617 1.6101e+06
618 1.6102e+06
619 1.61024e+06
620 1.61026e+06
621 1.61035e+06
622 1.61046e+06
623 1.61057e+06
624 1.61059e+06
625 1.6107e+06
626 1.61075e+06
627 1.61077e+06
628 1.61078e+06
629 1.61087e+06
630 1.61092e+06
631 1.61093e+06
632 1.61101e+06
633 1.61102e+06
634 1.61104e+06
635 1.61107e+06
636 1.6113e+06
637 1.61132e+06
638 1.6114e+06
639 1.61145e+06
640 1.61156e+06
641 1.61161e+06
642 1.61167e+06
643 1.6117e+06
644 1.61171e+06
645 1.61172e+06
646 1.61182e+06
647 1.61186e+06
648 1.61185e+06
649 1.61193e+06
650 1.61197e+06
651 1.61206e+06
652 1.61234e+06
653 1.61234e+06
654 1.6124e+06
655 1.61243e+06
656 1.61246e+06
657 1.61257e+06
658 1.6126e+06
659 1.61268e+06
660 1.61285e+06
661 1.61287e+06
662 1.61288e+06
663 1.6129e+06
664 1.61291e+06
665 1.61297e+06
666 1.61298e+06
667 1.61302e+06
668 1.61306e+06
669 1.61318e+06
670 1.61325e+06
671 1.61336e+06
672 1.61349e+06
673 1.6135e+06
674 1.61354e+06
675 1.61366e+06
676 1.61369e+06
677 1.61376e+06
678 1.61386e+06
679 1.61387e+06
680 1.61395e+06
681 1.61395e+06
682 1.61398e+06
683 1.61401e+06
684 1.61415e+06
685 1.6142e+06
686 1.61428e+06
687 1.61434e+06
688 1.61444e+06
689 1.61451e+06
690 1.61457e+06
691 1.61464e+06
692 1.61469e+06
693 1.61471e+06
694 1.61476e+06
695 1.61476e+06
696 1.61488e+06
697 1.61496e+06
698 1.61498e+06
699 1.61505e+06
700 1.61508e+06
701 1.61512e+06
702 1.61527e+06
703 1.61528e+06
704 1.61528e+06
705 1.61536e+06
706 1.61536e+06
707 1.61548e+06
708 1.61547e+06
709 1.61556e+06
710 1.61562e+06
711 1.61571e+06
712 1.61577e+06
713 1.61581e+06
714 1.61587e+06
715 1.61588e+06
716 1.616e+06
717 1.61612e+06
718 1.61613e+06
719 1.61614e+06
720 1.61616e+06
721 1.61625e+06
722 1.61627e+06
723 1.61636e+06
724 1.61638e+06
725 1.6164e+06
726 1.61642e+06
727 1.61643e+06
728 1.61649e+06
729 1.61662e+06
730 1.61667e+06
731 1.61678e+06
732 1.61682e+06
733 1.61691e+06
734 1.61692e+06
735 1.61714e+06
736 1.61716e+06
737 1.61722e+06
738 1.61722e+06
739 1.61727e+06
740 1.61734e+06
741 1.61734e+06
742 1.61736e+06
743 1.61738e+06
744 1.6174e+06
745 1.61747e+06
746 1.61755e+06
747 1.61764e+06
748 1.6177e+06
749 1.6178e+06
750 1.61781e+06
751 1.61784e+06
752 1.61791e+06
753 1.61794e+06
754 1.61801e+06
755 1.61808e+06
756 1.61808e+06
757 1.61809e+06
758 1.61819e+06
759 1.61822e+06
760 1.61824e+06
761 1.61825e+06
762 1.61834e+06
763 1.61835e+06
764 1.61839e+06
765 1.61844e+06
766 1.61845e+06
767 1.61846e+06
768 1.61847e+06
769 1.61851e+06
770 1.61856e+06
771 1.6186e+06
772 1.61869e+06
773 1.61874e+06
774 1.61887e+06
775 1.61912e+06
776 1.61912e+06
777 1.61919e+06
778 1.61922e+06
779 1.61928e+06
780 1.61929e+06
781 1.61937e+06
782 1.61944e+06
783 1.61951e+06
784 1.61956e+06
785 1.61967e+06
786 1.61968e+06
787 1.61971e+06
788 1.61973e+06
789 1.61973e+06
790 1.61973e+06
791 1.61975e+06
792 1.61978e+06
793 1.6198e+06
794 1.61987e+06
795 1.61988e+06
796 1.61987e+06
797 1.61989e+06
798 1.61991e+06
799 1.62e+06
800 1.61999e+06
801 1.62002e+06
802 1.62006e+06
803 1.62012e+06
804 1.62013e+06
805 1.62017e+06
806 1.62024e+06
807 1.62036e+06
808 1.62042e+06
809 1.62044e+06
810 1.62046e+06
811 1.62054e+06
812 1.62069e+06
813 1.62069e+06
814 1.62072e+06
815 1.62079e+06
816 1.62088e+06
817 1.6209e+06
818 1.6209e+06
819 1.62094e+06
820 1.62102e+06
821 1.62107e+06
822 1.62113e+06
823 1.62121e+06
824 1.6213e+06
825 1.62133e+06
826 1.62139e+06
827 1.62151e+06
828 1.62155e+06
829 1.62159e+06
830 1.62168e+06
831 1.62168e+06
832 1.62171e+06
833 1.62172e+06
834 1.62174e+06
835 1.62174e+06
836 1.62178e+06
837 1.62178e+06
838 1.62184e+06
839 1.62185e+06
840 1.62194e+06
841 1.622e+06
842 1.62201e+06
843 1.62202e+06
844 1.62211e+06
845 1.62214e+06
846 1.62216e+06
847 1.62218e+06
848 1.62221e+06
849 1.62224e+06
850 1.62224e+06
851 1.62229e+06
852 1.62232e+06
853 1.62231e+06
854 1.62238e+06
855 1.62239e+06
856 1.62249e+06
857 1.62251e+06
858 1.62259e+06
859 1.62265e+06
860 1.6227e+06
861 1.62278e+06
862 1.62282e+06
863 1.62283e+06
864 1.62285e+06
865 1.62292e+06
866 1.62297e+06
867 1.62305e+06
868 1.62308e+06
869 1.62318e+06
870 1.6232e+06
871 1.6232e+06
872 1.62326e+06
873 1.62332e+06
874 1.62343e+06
875 1.62359e+06
876 1.62366e+06
877 1.62372e+06
878 1.62385e+06
879 1.6239e+06
880 1.62392e+06
881 1.62397e+06
882 1.62407e+06
883 1.62407e+06
884 1.62415e+06
885 1.62416e+06
886 1.6242e+06
887 1.62423e+06
888 1.62432e+06
889 1.62439e+06
890 1.6245e+06
891 1.62454e+06
892 1.62456e+06
893 1.62465e+06
894 1.62466e+06
895 1.62473e+06
896 1.62486e+06
897 1.62494e+06
898 1.62504e+06
899 1.62514e+06
900 1.62521e+06
901 1.62521e+06
902 1.62522e+06
903 1.62523e+06
904 1.62528e+06
905 1.62531e+06
906 1.62532e+06
907 1.62542e+06
908 1.62546e+06
909 1.62552e+06
910 1.62559e+06
911 1.62559e+06
912 1.6257e+06
913 1.62569e+06
914 1.62576e+06
915 1.6258e+06
916 1.62587e+06
917 1.62587e+06
918 1.62594e+06
919 1.62598e+06
920 1.62611e+06
921 1.62613e+06
922 1.62623e+06
923 1.62632e+06
924 1.62633e+06
925 1.62635e+06
926 1.6264e+06
927 1.62648e+06
928 1.62654e+06
929 1.62666e+06
930 1.6267e+06
931 1.62675e+06
932 1.62675e+06
933 1.62678e+06
934 1.62681e+06
935 1.62686e+06
936 1.62691e+06
937 1.62691e+06
938 1.62694e+06
939 1.62702e+06
940 1.62717e+06
941 1.62731e+06
942 1.62734e+06
943 1.62736e+06
944 1.62741e+06
945 1.62748e+06
946 1.62749e+06
947 1.62749e+06
948 1.62755e+06
949 1.6276e+06
950 1.62768e+06
951 1.6277e+06
952 1.62774e+06
953 1.62785e+06
954 1.62788e+06
955 1.62789e+06
956 1.62794e+06
957 1.62797e+06
958 1.62802e+06
959 1.62807e+06
960 1.6281e+06
961 1.62814e+06
962 1.6282e+06
963 1.62823e+06
964 1.62833e+06
965 1.62843e+06
966 1.62843e+06
967 1.62844e+06
968 1.62846e+06
969 1.62854e+06
970 1.6286e+06
971 1.62863e+06
972 1.62866e+06
973 1.62868e+06
974 1.62874e+06
975 1.62879e+06
976 1.62882e+06
977 1.6289e+06
978 1.6289e+06
979 1.62897e+06
980 1.62903e+06
981 1.62906e+06
982 1.62915e+06
983 1.62923e+06
984 1.62924e+06
985 1.62927e+06
986 1.62929e+06
987 1.62942e+06
988 1.62945e+06
989 1.6295e+06
990 1.62956e+06
991 1.62968e+06
992 1.6297e+06
993 1.62983e+06
994 1.62983e+06
995 1.62983e+06
996 1.62986e+06
997 1.62988e+06
998 1.62994e+06
999 1.63e+06
1000 1.63002e+06
