128 0.3 0.432
0 156776
1 1.56776e+06
2 1.56779e+06
3 1.5678e+06
4 1.56792e+06
5 1.56797e+06
6 1.5681e+06
7 1.56822e+06
8 1.56831e+06
9 1.56833e+06
10 1.56847e+06
11 1.56858e+06
12 1.56872e+06
13 1.5688e+06
14 1.56898e+06
15 1.56906e+06
16 1.5691e+06
17 1.56917e+06
18 1.56921e+06
19 1.56928e+06
20 1.56929e+06
21 1.56931e+06
22 1.56932e+06
23 1.56938e+06
24 1.56942e+06
25 1.5695e+06
26 1.56953e+06
27 1.56972e+06
28 1.56984e+06
29 1.57002e+06
30 1.57003e+06
31 1.57009e+06
32 1.57012e+06
33 1.57017e+06
34 1.57021e+06
35 1.57029e+06
36 1.57043e+06
37 1.57051e+06
38 1.5706e+06
39 1.57075e+06
40 1.5708e+06
41 1.57104e+06
42 1.57115e+06
43 1.57121e+06
44 1.57131e+06
45 1.57138e+06
46 1.57141e+06
47 1.5714e+06
48 1.5716e+06
49 1.57166e+06
50 1.5717e+06
51 1.57185e+06
52 1.57193e+06
53 1.572e+06
54 1.57205e+06
55 1.57212e+06
56 1.5722e+06
57 1.5722e+06
58 1.57256e+06
59 1.57261e+06
60 1.57262e+06
61 1.57267e+06
62 1.57278e+06
63 1.57283e+06
64 1.57287e+06
65 1.57293e+06
66 1.57298e+06
67 1.57312e+06
68 1.57322e+06
69 1.5733e+06
70 1.57352e+06
71 1.57351e+06
72 1.57359e+06
73 1.57368e+06
74 1.57381e+06
75 1.57386e+06
76 1.57392e+06
77 1.57396e+06
78 1.57404e+06
79 1.57428e+06
80 1.57436e+06
81 1.57441e+06
82 1.57469e+06
83 1.5748e+06
84 1.57484e+06
85 1.57492e+06
86 1.57497e+06
87 1.57504e+06
88 1.57509e+06
89 1.57515e+06
90 1.57525e+06
91 1.57529e+06
92 1.57536e+06
93 1.5754e+06
94 1.57548e+06
95 1.57565e+06
96 1.57584e+06
97 1.57596e+06
98 1.57597e+06
99 1.57606e+06
100 1.57611e+06
101 1.57619e+06
102 1.57624e+06
103 1.57625e+06
104 1.5763e+06
105 1.57637e+06
106 1.57638e+06
107 1.57644e+06
108 1.57652e+06
109 1.57659e+06
110 1.57664e+06
111 1.57666e+06
112 1.57673e+06
113 1.57681e+06
114 1.577e+06
115 1.5771e+06
116 1.57719e+06
117 1.57734e+06
118 1.57747e+06
119 1.57761e+06
120 1.57767e+06
121 1.57768e+06
122 1.57783e+06
123 1.57783e+06
124 1.57792e+06
125 1.57796e+06
126 1.57797e+06
127 1.57816e+06
128 1.57823e+06
129 1.57832e+06
130 1.57843e+06
131 1.57848e+06
132 1.57851e+06
133 1.57861e+06
134 1.57869e+06
135 1.57872e+06
136 1.57888e+06
137 1.579e+06
138 1.579e+06
139 1.57912e+06
140 1.57914e+06
141 1.57917e+06
142 1.57921e+06
143 1.57926e+06
144 1.57931e+06
145 1.57935e+06
146 1.57942e+06
147 1.57948e+06
148 1.57951e+06
149 1.57963e+06
150 1.57964e+06
151 1.57982e+06
152 1.57993e+06
153 1.57999e+06
154 1.58008e+06
155 1.58021e+06
156 1.58033e+06
157 1.58044e+06
158 1.58052e+06
159 1.58063e+06
160 1.5807e+06
161 1.58076e+06
162 1.58087e+06
163 1.58097e+06
164 1.58107e+06
165 1.58127e+06
166 1.58138e+06
167 1.58145e+06
168 1.58148e+06
169 1.58164e+06
170 1.58165e+06
171 1.58168e+06
172 1.58176e+06
173 1.5818e+06
174 1.58188e+06
175 1.58191e+06
176 1.582e+06
177 1.58207e+06
178 1.58218e+06
179 1.58229e+06
180 1.58237e+06
181 1.58238e+06
182 1.58248e+06
183 1.58265e+06
184 1.58267e+06
185 1.58278e+06
186 1.58286e+06
187 1.58289e+06
188 1.58301e+06
189 1.58306e+06
190 1.58312e+06
191 1.58314e+06
192 1.58316e+06
193 1.58319e+06
194 1.58324e+06
195 1.58336e+06
196 1.58346e+06
197 1.58353e+06
198 1.58373e+06
199 1.58378e+06
200 1.58384e+06
201 1.58398e+06
202 1.58406e+06
203 1.58414e+06
204 1.5843e+06
205 1.58445e+06
206 1.58447e+06
207 1.58459e+06
208 1.58477e+06
209 1.58479e+06
210 1.5848e+06
211 1.58483e+06
212 1.58486e+06
213 1.58491e+06
214 1.585e+06
215 1.58509e+06
216 1.58519e+06
217 1.58526e+06
218 1.58533e+06
219 1.58536e+06
220 1.58545e+06
221 1.58561e+06
222 1.58561e+06
223 1.58571e+06
224 1.58584e+06
225 1.58593e+06
226 1.58604e+06
227 1.58605e+06
228 1.58609e+06
229 1.5861e+06
230 1.58624e+06
231 1.58635e+06
232 1.58649e+06
233 1.58654e+06
234 1.58656e+06
235 1.58671e+06
236 1.58678e+06
237 1.58693e+06
238 1.58707e+06
239 1.58712e+06
240 1.58718e+06
241 1.58723e+06
242 1.58723e+06
243 1.5873e+06
244 1.58743e+06
245 1.58755e+06
246 1.58764e+06
247 1.58772e+06
248 1.58778e+06
249 1.58796e+06
250 1.58803e+06
251 1.58817e+06
252 1.58819e+06
253 1.58828e+06
254 1.58834e+06
255 1.58841e+06
256 1.58846e+06
257 1.5886e+06
258 1.58874e+06
259 1.58878e+06
260 1.58885e+06
261 1.58894e+06
262 1.58903e+06
263 1.58907e+06
264 1.58909e+06
265 1.58918e+06
266 1.58927e+06
267 1.58939e+06
268 1.58944e+06
269 1.58959e+06
270 1.58974e+06
271 1.58977e+06
272 1.58998e+06
273 1.59008e+06
274 1.59012e+06
275 1.5902e+06
276 1.59022e+06
277 1.59031e+06
278 1.59035e+06
279 1.59038e+06
280 1.59039e+06
281 1.5904e+06
282 1.59045e+06
283 1.59054e+06
284 1.59057e+06
285 1.59064e+06
286 1.59072e+06
287 1.59082e+06
288 1.59095e+06
289 1.59095e+06
290 1.591e+06
291 1.59107e+06
292 1.59115e+06
293 1.59126e+06
294 1.59133e+06
295 1.59138e+06
296 1.59141e+06
297 1.59155e+06
298 1.5916e+06
299 1.59172e+06
300 1.59177e+06
301 1.59189e+06
302 1.59192e+06
303 1.59193e+06
304 1.59197e+06
305 1.59204e+06
306 1.59205e+06
307 1.5921e+06
308 1.59224e+06
309 1.59227e+06
310 1.5924e+06
311 1.59242e+06
312 1.59254e+06
313 1.59266e+06
314 1.59282e+06
315 1.59283e+06
316 1.5929e+06
317 1.593e+06
318 1.59301e+06
319 1.59302e+06
320 1.59307e+06
321 1.59312e+06
322 1.59318e+06
323 1.59326e+06
324 1.59332e+06
325 1.59335e+06
326 1.59344e+06
327 1.59345e+06
328 1.59354e+06
329 1.59357e+06
330 1.59357e+06
331 1.59364e+06
332 1.59364e+06
333 1.5938e+06
334 1.59381e+06
335 1.5938e+06
336 1.59391e+06
337 1.59401e+06
338 1.59411e+06
339 1.59421e+06
340 1.59436e+06
341 1.59444e+06
342 1.59444e+06
343 1.59451e+06
344 1.59459e+06
345 1.59462e+06
346 1.59468e+06
347 1.5948e+06
348 1.59496e+06
349 1.595e+06
350 1.59507e+06
351 1.5952e+06
352 1.59524e+06
353 1.59534e+06
354 1.59545e+06
355 1.59546e+06
356 1.59555e+06
357 1.5956e+06
358 1.59563e+06
359 1.5957e+06
360 1.59571e+06
361 1.59573e+06
362 1.59578e+06
363 1.59591e+06
364 1.59595e+06
365 1.59598e+06
366 1.59598e+06
367 1.59601e+06
368 1.59608e+06
369 1.59616e+06
370 1.59631e+06
371 1.59635e+06
372 1.59641e+06
373 1.5965e+06
374 1.59652e+06
375 1.59656e+06
376 1.59663e+06
377 1.59669e+06
378 1.59669e+06
379 1.59681e+06
380 1.59696e+06
381 1.59705e+06
382 1.59707e+06
383 1.59712e+06
384 1.59725e+06
385 1.59728e+06
386 1.59728e+06
387 1.59733e+06
388 1.59739e+06
389 1.59751e+06
390 1.59755e+06
391 1.59759e+06
392 1.59769e+06
393 1.59773e+06
394 1.59777e+06
395 1.59784e+06
396 1.59793e+06
397 1.59803e+06
398 1.59816e+06
399 1.5982e+06
400 1.59831e+06
401 1.59833e+06
402 1.59838e+06
403 1.59838e+06
404 1.59838e+06
405 1.59846e+06
406 1.59853e+06
407 1.59858e+06
408 1.59861e+06
409 1.59865e+06
410 1.59878e+06
411 1.59878e+06
412 1.5988e+06
413 1.59888e+06
414 1.59894e+06
415 1.59909e+06
416 1.59924e+06
417 1.59928e+06
418 1.59935e+06
419 1.59946e+06
420 1.59951e+06
421 1.59958e+06
422 1.59966e+06
423 1.5997e+06
424 1.59979e+06
425 1.59982e+06
426 1.59996e+06
427 1.59999e+06
428 1.60002e+06
429 1.60019e+06
430 1.60028e+06
431 1.60029e+06
432 1.60031e+06
433 1.60033e+06
434 1.60033e+06
435 1.60048e+06
436 1.60055e+06
437 1.60066e+06
438 1.60071e+06
439 1.60079e+06
440 1.60091e+06
441 1.60098e+06
442 1.60114e+06
443 1.60119e+06
444 1.60119e+06
445 1.60127e+06
446 1.60133e+06
447 1.60133e+06
448 1.60137e+06
449 1.60144e+06
450 1.60154e+06
451 1.60156e+06
452 1.60161e+06
453 1.60171e+06
454 1.60171e+06
455 1.60173e+06
456 1.60179e+06
457 1.60182e+06
458 1.60192e+06
459 1.60192e+06
460 1.60198e+06
461 1.60202e+06
462 1.60205e+06
463 1.60208e+06
464 1.60209e+06
465 1.60212e+06
466 1.60216e+06
467 1.60225e+06
468 1.60228e+06
469 1.60228e+06
470 1.60227e+06
471 1.60236e+06
472 1.60244e+06
473 1.60244e+06
474 1.60246e+06
475 1.60254e+06
476 1.60266e+06
477 1.60271e+06
478 1.60274e+06
479 1.60279e+06
480 1.60282e+06
481 1.6029e+06
482 1.60306e+06
483 1.60315e+06
484 1.60325e+06
485 1.60334e+06
486 1.6034e+06
487 1.60349e+06
488 1.60356e+06
489 1.60356e+06
490 1.60363e+06
491 1.60372e+06
492 1.60384e+06
493 1.60396e+06
494 1.60396e+06
495 1.60398e+06
496 1.60404e+06
497 1.60413e+06
498 1.60424e+06
499 1.60426e+06
500 1.60435e+06
501 1.60445e+06
502 1.60446e+06
503 1.60456e+06
504 1.60466e+06
505 1.60469e+06
506 1.60471e+06
507 1.60488e+06
508 1.60488e+06
509 1.60491e+06
510 1.60498e+06
511 1.60501e+06
512 1.60504e+06
513 1.60518e+06
514 1.6052e+06
515 1.60525e+06
516 1.6053e+06
517 1.60532e+06
518 1.60536e+06
519 1.60541e+06
520 1.60549e+06
521 1.60551e+06
522 1.60559e+06
523 1.60571e+06
524 1.60577e+06
525 1.60578e+06
526 1.60587e+06
527 1.60593e+06
528 1.60603e+06
529 1.60608e+06
530 1.60619e+06
531 1.60622e+06
532 1.60633e+06
533 1.60634e+06
534 1.60651e+06
535 1.60661e+06
536 1.60667e+06
537 1.60674e+06
538 1.60675e+06
539 1.60678e+06
540 1.60678e+06
541 1.60681e+06
542 1.60683e+06
543 1.60686e+06
544 1.60688e+06
545 1.60694e+06
546 1.60703e+06
547 1.60709e+06
548 1.6072e+06
549 1.60733e+06
550 1.60736e+06
551 1.60744e+06
552 1.60744e+06
553 1.60746e+06
554 1.60752e+06
555 1.60756e+06
556 1.60765e+06
557 1.60769e+06
558 1.60774e+06
559 1.60779e+06
560 1.6078e+06
561 1.60782e+06
562 1.60784e+06
563 1.60792e+06
564 1.60793e+06
565 1.60798e+06
566 1.60804e+06
567 1.60816e+06
568 1.60828e+06
569 1.60834e+06
570 1.60843e+06
571 1.60848e+06
572 1.6085e+06
573 1.60858e+06
574 1.60862e+06
575 1.60864e+06
576 1.60869e+06
577 1.60872e+06
578 1.60885e+06
579 1.60893e+06
580 1.60894e+06
581 1.60902e+06
582 1.60905e+06
583 1.60921e+06
584 1.60928e+06
585 1.60934e+06
586 1.60937e+06
587 1.60938e+06
588 1.60942e+06
589 1.60949e+06
590 1.60952e+06
591 1.60953e+06
592 1.60961e+06
593 1.6097e+06
594 1.60975e+06
595 1.60975e+06
596 1.6098e+06
597 1.60991e+06
598 1.60991e+06
599 1.60997e+06
600 1.61002e+06
601 1.61012e+06
602 1.61017e+06
603 1.61027e+06
604 1.6104e+06
605 1.61045e+06
606 1.61064e+06
607 1.61071e+06
608 1.61071e+06
609 1.6108e+06
610 1.61086e+06
611 1.61092e+06
612 1.61109e+06
613 1.61109e+06
614 1.61111e+06
615 1.61121e+06
616 1.61125e+06
617 1.61135e+06
618 1.61136e+06
619 1.61143e+06
620 1.61145e+06
621 1.61148e+06
622 1.6115e+06
623 1.61151e+06
624 1.61163e+06
625 1.61179e+06
626 1.61184e+06
627 1.61188e+06
628 1.61196e+06
629 1.61197e+06
630 1.61209e+06
631 1.61211e+06
632 1.61211e+06
633 1.61221e+06
634 1.61225e+06
635 1.6123e+06
636 1.6123e+06
637 1.61233e+06
638 1.61235e+06
639 1.61235e+06
640 1.61239e+06
641 1.61246e+06
642 1.61261e+06
643 1.61271e+06
644 1.61278e+06
645 1.61281e+06
646 1.61289e+06
647 1.61294e+06
648 1.61304e+06
649 1.61312e+06
650 1.61316e+06
651 1.61321e+06
652 1.61321e+06
653 1.61322e+06
654 1.61323e+06
655 1.61329e+06
656 1.6133e+06
657 1.61329e+06
658 1.61333e+06
659 1.61339e+06
660 1.61346e+06
661 1.61356e+06
662 1.61368e+06
663 1.61376e+06
664 1.61382e+06
665 1.61387e+06
666 1.61389e+06
667 1.61396e+06
668 1.614e+06
669 1.61415e+06
670 1.61417e+06
671 1.61424e+06
672 1.6143e+06
673 1.6144e+06
674 1.61457e+06
675 1.61465e+06
676 1.61469e+06
677 1.61474e+06
678 1.61479e+06
679 1.61483e+06
680 1.61491e+06
681 1.61494e+06
682 1.61501e+06
683 1.61505e+06
684 1.61506e+06
685 1.61513e+06
686 1.61523e+06
687 1.61528e+06
688 1.61532e+06
689 1.61532e+06
690 1.6154e+06
691 1.61548e+06
692 1.61556e+06
693 1.61558e+06
694 1.61564e+06
695 1.61566e+06
696 1.61579e+06
697 1.6158e+06
698 1.61583e+06
699 1.61598e+06
700 1.61599e+06
701 1.61603e+06
702 1.61608e+06
703 1.61612e+06
704 1.61616e+06
705 1.61616e+06
706 1.61622e+06
707 1.61623e+06
708 1.61623e+06
709 1.6163e+06
710 1.61633e+06
711 1.61637e+06
712 1.61646e+06
713 1.61655e+06
714 1.61663e+06
715 1.61666e+06
716 1.61667e+06
717 1.61668e+06
718 1.61681e+06
719 1.61682e+06
720 1.61684e+06
721 1.61687e+06
722 1.61687e+06
723 1.61697e+06
724 1.61713e+06
725 1.61717e+06
726 1.61736e+06
727 1.61739e+06
728 1.61748e+06
729 1.61761e+06
730 1.61765e+06
731 1.61776e+06
732 1.61776e+06
733 1.61788e+06
734 1.61802e+06
735 1.61806e+06
736 1.61811e+06
737 1.61813e+06
738 1.61817e+06
739 1.61818e+06
740 1.61822e+06
741 1.61822e+06
742 1.61831e+06
743 1.61831e+06
744 1.61837e+06
745 1.61847e+06
746 1.6185e+06
747 1.6185e+06
748 1.61856e+06
749 1.6186e+06
750 1.6187e+06
751 1.61875e+06
752 1.61883e+06
753 1.61895e+06
754 1.61896e+06
755 1.619e+06
756 1.61906e+06
757 1.61913e+06
758 1.61917e+06
759 1.61917e+06
760 1.61922e+06
761 1.61929e+06
762 1.61937e+06
763 1.61944e+06
764 1.61944e+06
765 1.61948e+06
766 1.61961e+06
767 1.6197e+06
768 1.61973e+06
769 1.61973e+06
770 1.61976e+06
771 1.61978e+06
772 1.61989e+06
773 1.61996e+06
774 1.61999e+06
775 1.61999e+06
776 1.61999e+06
777 1.61998e+06
778 1.61998e+06
779 1.62003e+06
780 1.62008e+06
781 1.62016e+06
782 1.62016e+06
783 1.62025e+06
784 1.62025e+06
785 1.62026e+06
786 1.62029e+06
787 1.62031e+06
788 1.62033e+06
789 1.62043e+06
790 1.62052e+06
791 1.62058e+06
792 1.62062e+06
793 1.62066e+06
794 1.6207e+06
795 1.62076e+06
796 1.62078e+06
797 1.62082e+06
798 1.62092e+06
799 1.62092e+06
800 1.62098e+06
801 1.62097e+06
802 1.62104e+06
803 1.62111e+06
804 1.62128e+06
805 1.62144e+06
806 1.62164e+06
807 1.62179e+06
808 1.62192e+06
809 1.622e+06
810 1.62202e+06
811 1.62211e+06
812 1.62217e+06
813 1.62225e+06
814 1.62229e+06
815 1.62235e+06
816 1.62236e+06
817 1.6225e+06
818 1.62252e+06
819 1.62258e+06
820 1.62266e+06
821 1.62278e+06
822 1.62285e+06
823 1.62301e+06
824 1.62321e+06
825 1.62326e+06
826 1.62337e+06
827 1.62339e+06
828 1.62344e+06
829 1.62357e+06
830 1.62362e+06
831 1.62366e+06
832 1.62381e+06
833 1.62385e+06
834 1.62402e+06
835 1.62406e+06
836 1.62417e+06
837 1.62421e+06
838 1.62423e+06
839 1.62424e+06
840 1.62426e+06
841 1.62433e+06
842 1.62436e+06
843 1.62442e+06
844 1.62446e+06
845 1.62448e+06
846 1.62448e+06
847 1.6245e+06
848 1.6245e+06
849 1.62474e+06
850 1.62481e+06
851 1.62485e+06
852 1.62488e+06
853 1.62489e+06
854 1.625e+06
855 1.62517e+06
856 1.62523e+06
857 1.62537e+06
858 1.62538e+06
859 1.62541e+06
860 1.62544e+06
861 1.62547e+06
862 1.62558e+06
863 1.62557e+06
864 1.62568e+06
865 1.62576e+06
866 1.62576e+06
867 1.62577e+06
868 1.62579e+06
869 1.62579e+06
870 1.62586e+06
871 1.62588e+06
872 1.62588e+06
873 1.62589e+06
874 1.62597e+06
875 1.62599e+06
876 1.62604e+06
877 1.62607e+06
878 1.62608e+06
879 1.6261e+06
880 1.62623e+06
881 1.62629e+06
882 1.62629e+06
883 1.62629e+06
884 1.62629e+06
885 1.62636e+06
886 1.62642e+06
887 1.62648e+06
888 1.62653e+06
889 1.62656e+06
890 1.62668e+06
891 1.62672e+06
892 1.62685e+06
893 1.6269e+06
894 1.62699e+06
895 1.62699e+06
896 1.62701e+06
897 1.62704e+06
898 1.62706e+06
899 1.62708e+06
900 1.62712e+06
901 1.62711e+06
902 1.62717e+06
903 1.62726e+06
904 1.62733e+06
905 1.62736e+06
906 1.6274e+06
907 1.62743e+06
908 1.62758e+06
909 1.62759e+06
910 1.62761e+06
911 1.6277e+06
912 1.62774e+06
913 1.62776e+06
914 1.62775e+06
915 1.62792e+06
916 1.628e+06
917 1.62801e+06
918 1.62814e+06
919 1.62823e+06
920 1.62834e+06
921 1.6284e+06
922 1.62846e+06
923 1.62848e+06
924 1.62852e+06
925 1.62852e+06
926 1.62862e+06
927 1.62863e+06
928 1.62867e+06
929 1.62867e+06
930 1.62873e+06
931 1.62877e+06
932 1.6288e+06
933 1.62881e+06
934 1.62894e+06
935 1.62894e+06
936 1.62898e+06
937 1.62906e+06
938 1.62906e+06
939 1.62909e+06
940 1.62914e+06
941 1.6292e+06
942 1.62922e+06
943 1.62924e+06
944 1.62932e+06
945 1.62936e+06
946 1.62943e+06
947 1.62943e+06
948 1.62947e+06
949 1.62952e+06
950 1.62952e+06
951 1.62952e+06
952 1.62961e+06
953 1.62962e+06
954 1.62963e+06
955 1.62963e+06
956 1.62964e+06
957 1.62971e+06
958 1.62976e+06
959 1.6298e+06
960 1.62991e+06
961 1.63003e+06
962 1.63003e+06
963 1.63006e+06
964 1.63008e+06
965 1.63016e+06
966 1.63021e+06
967 1.63028e+06
968 1.6303e+06
969 1.63033e+06
970 1.63038e+06
971 1.63041e+06
972 1.63058e+06
973 1.63063e+06
974 1.63079e+06
975 1.63086e+06
976 1.63092e+06
977 1.63097e+06
978 1.63106e+06
979 1.63117e+06
980 1.63122e+06
981 1.63139e+06
982 1.63142e+06
983 1.63146e+06
984 1.63153e+06
985 1.6316e+06
986 1.63171e+06
987 1.63186e+06
988 1.63188e+06
989 1.6319e+06
990 1.63193e+06
991 1.632e+06
992 1.63209e+06
993 1.6321e+06
994 1.63227e+06
995 1.63233e+06
996 1.63234e+06
997 1.63243e+06
998 1.63243e+06
999 1.63245e+06
1000 1.63245e+06
