128 0.3 0.333
0 156776
1 1.56778e+06
2 1.56779e+06
3 1.56815e+06
4 1.56827e+06
5 1.56839e+06
6 1.56847e+06
7 1.5686e+06
8 1.56867e+06
9 1.56883e+06
10 1.56886e+06
11 1.56888e+06
12 1.56905e+06
13 1.56918e+06
14 1.56934e+06
15 1.56946e+06
16 1.56971e+06
17 1.56987e+06
18 1.56987e+06
19 1.57002e+06
20 1.57011e+06
21 1.57018e+06
22 1.57031e+06
23 1.57042e+06
24 1.57048e+06
25 1.57066e+06
26 1.5708e+06
27 1.57086e+06
28 1.57094e+06
29 1.57101e+06
30 1.57104e+06
31 1.57113e+06
32 1.57126e+06
33 1.57141e+06
34 1.57145e+06
35 1.57159e+06
36 1.57177e+06
37 1.57184e+06
38 1.57186e+06
39 1.57191e+06
40 1.57199e+06
41 1.57206e+06
42 1.57216e+06
43 1.57224e+06
44 1.57229e+06
45 1.57237e+06
46 1.57237e+06
47 1.57249e+06
48 1.57255e+06
49 1.57256e+06
50 1.57269e+06
51 1.57271e+06
52 1.57279e+06
53 1.57286e+06
54 1.57293e+06
55 1.57304e+06
56 1.57322e+06
57 1.57339e+06
58 1.5735e+06
59 1.57364e+06
60 1.57368e+06
61 1.57371e+06
62 1.57375e+06
63 1.57385e+06
64 1.57392e+06
65 1.57407e+06
66 1.57416e+06
67 1.57429e+06
68 1.57445e+06
69 1.57453e+06
70 1.57459e+06
71 1.57475e+06
72 1.5748e+06
73 1.57484e+06
74 1.57493e+06
75 1.57512e+06
76 1.57518e+06
77 1.57529e+06
78 1.57534e+06
79 1.57539e+06
80 1.57548e+06
81 1.57558e+06
82 1.57572e+06
83 1.57573e+06
84 1.57576e+06
85 1.57588e+06
86 1.57588e+06
87 1.57595e+06
88 1.57611e+06
89 1.57615e+06
90 1.57632e+06
91 1.57641e+06
92 1.57647e+06
93 1.57651e+06
94 1.57663e+06
95 1.57684e+06
96 1.5769e+06
97 1.57699e+06
98 1.57709e+06
99 1.57714e+06
100 1.57718e+06
101 1.57737e+06
102 1.57751e+06
103 1.5776e+06
104 1.57774e+06
105 1.57776e+06
106 1.5778e+06
107 1.57784e+06
108 1.5779e+06
109 1.57798e+06
110 1.57802e+06
111 1.57806e+06
112 1.57816e+06
113 1.57823e+06
114 1.57825e+06
115 1.57829e+06
116 1.57836e+06
117 1.57849e+06
118 1.57857e+06
119 1.57868e+06
120 1.57879e+06
121 1.57882e+06
122 1.57894e+06
123 1.57906e+06
124 1.5791e+06
125 1.57915e+06
126 1.57921e+06
127 1.57926e+06
128 1.57934e+06
129 1.57952e+06
130 1.57959e+06
131 1.57965e+06
132 1.57973e+06
133 1.57981e+06
134 1.57985e+06
135 1.58001e+06
136 1.58012e+06
137 1.58028e+06
138 1.58038e+06
139 1.58052e+06
140 1.58062e+06
141 1.58071e+06
142 1.5808e+06
143 1.58086e+06
144 1.58094e+06
145 1.58099e+06
146 1.58101e+06
147 1.58108e+06
148 1.58125e+06
149 1.58142e+06
150 1.5815e+06
151 1.58153e+06
152 1.58169e+06
153 1.58174e+06
154 1.5819e+06
155 1.58192e+06
156 1.58193e+06
157 1.58201e+06
158 1.5821e+06
159 1.5822e+06
160 1.58222e+06
161 1.58232e+06
162 1.58239e+06
163 1.58242e+06
164 1.58245e+06
165 1.58258e+06
166 1.58261e+06
167 1.5827e+06
168 1.58278e+06
169 1.5829e+06
170 1.58291e+06
171 1.58304e+06
172 1.58312e+06
173 1.58315e+06
174 1.58327e+06
175 1.58333e+06
176 1.58341e+06
177 1.58344e+06
178 1.58351e+06
179 1.58352e+06
180 1.5837e+06
181 1.58377e+06
182 1.58383e+06
183 1.58391e+06
184 1.58393e+06
185 1.58398e+06
186 1.58402e+06
187 1.58411e+06
188 1.58413e+06
189 1.58419e+06
190 1.58426e+06
191 1.58444e+06
192 1.58447e+06
193 1.58457e+06
194 1.58462e+06
195 1.5847e+06
196 1.5848e+06
197 1.58484e+06
198 1.58488e+06
199 1.58498e+06
200 1.58503e+06
201 1.58508e+06
202 1.58518e+06
203 1.58532e+06
204 1.5854e+06
205 1.5854e+06
206 1.58544e+06
207 1.58553e+06
208 1.58561e+06
209 1.58564e+06
210 1.58565e+06
211 1.58567e+06
212 1.58571e+06
213 1.5858e+06
214 1.58588e+06
215 1.5859e+06
216 1.5859e+06
217 1.58599e+06
218 1.58608e+06
219 1.58621e+06
220 1.58632e+06
221 1.58637e+06
222 1.58645e+06
223 1.58649e+06
224 1.58658e+06
225 1.58667e+06
226 1.58675e+06
227 1.58678e+06
228 1.58686e+06
229 1.58694e+06
230 1.587e+06
231 1.58712e+06
232 1.58726e+06
233 1.5873e+06
234 1.58735e+06
235 1.58752e+06
236 1.58755e+06
237 1.58761e+06
238 1.58773e+06
239 1.58777e+06
240 1.58779e+06
241 1.58789e+06
242 1.58793e+06
243 1.58798e+06
244 1.58807e+06
245 1.58813e+06
246 1.5882e+06
247 1.58822e+06
248 1.58829e+06
249 1.58834e+06
250 1.58838e+06
251 1.58853e+06
252 1.58869e+06
253 1.58873e+06
254 1.5888e+06
255 1.58886e+06
256 1.58893e+06
257 1.58912e+06
258 1.58917e+06
259 1.58922e+06
260 1.58924e+06
261 1.58929e+06
262 1.58936e+06
263 1.58947e+06
264 1.5895e+06
265 1.58952e+06
266 1.58955e+06
267 1.5896e+06
268 1.58978e+06
269 1.58979e+06
270 1.58987e+06
271 1.5899e+06
272 1.58997e+06
273 1.59e+06
274 1.59004e+06
275 1.59007e+06
276 1.59014e+06
277 1.59016e+06
278 1.59017e+06
279 1.59022e+06
280 1.59026e+06
281 1.59028e+06
282 1.59033e+06
283 1.59041e+06
284 1.59049e+06
285 1.59056e+06
286 1.59064e+06
287 1.59067e+06
288 1.59076e+06
289 1.59084e+06
290 1.59096e+06
291 1.59101e+06
292 1.5911e+06
293 1.59119e+06
294 1.59128e+06
295 1.59141e+06
296 1.59145e+06
297 1.5915e+06
298 1.59154e+06
299 1.59168e+06
300 1.59172e+06
301 1.59185e+06
302 1.59186e+06
303 1.59193e+06
304 1.592e+06
305 1.59216e+06
306 1.59223e+06
307 1.59226e+06
308 1.59234e+06
309 1.59243e+06
310 1.59251e+06
311 1.59254e+06
312 1.59266e+06
313 1.59274e+06
314 1.59281e+06
315 1.59288e+06
316 1.59289e+06
317 1.59291e+06
318 1.59294e+06
319 1.59294e+06
320 1.59298e+06
321 1.593e+06
322 1.59305e+06
323 1.59311e+06
324 1.5932e+06
325 1.59324e+06
326 1.59329e+06
327 1.59332e+06
328 1.59341e+06
329 1.59348e+06
330 1.5935e+06
331 1.59355e+06
332 1.59363e+06
333 1.59369e+06
334 1.59375e+06
335 1.59383e+06
336 1.59394e+06
337 1.59407e+06
338 1.59408e+06
339 1.59412e+06
340 1.59416e+06
341 1.59437e+06
342 1.59438e+06
343 1.5944e+06
344 1.59441e+06
345 1.59449e+06
346 1.59449e+06
347 1.5946e+06
348 1.59466e+06
349 1.59476e+06
350 1.59488e+06
351 1.5949e+06
352 1.59502e+06
353 1.59506e+06
354 1.59507e+06
355 1.59514e+06
356 1.59517e+06
357 1.59521e+06
358 1.59532e+06
359 1.5954e+06
360 1.59549e+06
361 1.59557e+06
362 1.59563e+06
363 1.59573e+06
364 1.59584e+06
365 1.59591e+06
366 1.59593e+06
367 1.59599e+06
368 1.59604e+06
369 1.5962e+06
370 1.59622e+06
371 1.59626e+06
372 1.59634e+06
373 1.59634e+06
374 1.59635e+06
375 1.59643e+06
376 1.59651e+06
377 1.59656e+06
378 1.59669e+06
379 1.59678e+06
380 1.59692e+06
381 1.59697e+06
382 1.59704e+06
383 1.59708e+06
384 1.59726e+06
385 1.59732e+06
386 1.59736e+06
387 1.59741e+06
388 1.59744e+06
389 1.59747e+06
390 1.59748e+06
391 1.59757e+06
392 1.59774e+06
393 1.59781e+06
394 1.59784e+06
395 1.59792e+06
396 1.59792e+06
397 1.59796e+06
398 1.59798e+06
399 1.59824e+06
400 1.59828e+06
401 1.59831e+06
402 1.59843e+06
403 1.59852e+06
404 1.59855e+06
405 1.59858e+06
406 1.59859e+06
407 1.5986e+06
408 1.59875e+06
409 1.59876e+06
410 1.59881e+06
411 1.59888e+06
412 1.59897e+06
413 1.59902e+06
414 1.59908e+06
415 1.59916e+06
416 1.59924e+06
417 1.59929e+06
418 1.59934e+06
419 1.5994e+06
420 1.59946e+06
421 1.59948e+06
422 1.59958e+06
423 1.59972e+06
424 1.59978e+06
425 1.59984e+06
426 1.59988e+06
427 1.59997e+06
428 1.60001e+06
429 1.60002e+06
430 1.60018e+06
431 1.60033e+06
432 1.60034e+06
433 1.60041e+06
434 1.60054e+06
435 1.60065e+06
436 1.60068e+06
437 1.60068e+06
438 1.60075e+06
439 1.60078e+06
440 1.60086e+06
441 1.60091e+06
442 1.60098e+06
443 1.6011e+06
444 1.60114e+06
445 1.60114e+06
446 1.60119e+06
447 1.60132e+06
448 1.60135e+06
449 1.6014e+06
450 1.60147e+06
451 1.60155e+06
452 1.60155e+06
453 1.60173e+06
454 1.60176e+06
455 1.60187e+06
456 1.60192e+06
457 1.60193e+06
458 1.60195e+06
459 1.60204e+06
460 1.60213e+06
461 1.60216e+06
462 1.60219e+06
463 1.60225e+06
464 1.60226e+06
465 1.6023e+06
466 1.60238e+06
467 1.60242e+06
468 1.60242e+06
469 1.60244e+06
470 1.60246e+06
471 1.60249e+06
472 1.60256e+06
473 1.60268e+06
474 1.60272e+06
475 1.60274e+06
476 1.60275e+06
477 1.60284e+06
478 1.60292e+06
479 1.60299e+06
480 1.60309e+06
481 1.60315e+06
482 1.60319e+06
483 1.60342e+06
484 1.60361e+06
485 1.6037e+06
486 1.6038e+06
487 1.60398e+06
488 1.60408e+06
489 1.60415e+06
490 1.60422e+06
491 1.60422e+06
492 1.6043e+06
493 1.60437e+06
494 1.60441e+06
495 1.60456e+06
496 1.6047e+06
497 1.60478e+06
498 1.6049e+06
499 1.6049e+06
500 1.60495e+06
501 1.60501e+06
502 1.60508e+06
503 1.60508e+06
504 1.60512e+06
505 1.60514e+06
506 1.60524e+06
507 1.6053e+06
508 1.6053e+06
509 1.60533e+06
510 1.60538e+06
511 1.60548e+06
512 1.60554e+06
513 1.60559e+06
514 1.60565e+06
515 1.60575e+06
516 1.60578e+06
517 1.6058e+06
518 1.60586e+06
519 1.60589e+06
520 1.60608e+06
521 1.60612e+06
522 1.6062e+06
523 1.60621e+06
524 1.60622e+06
525 1.60623e+06
526 1.60632e+06
527 1.60643e+06
528 1.60644e+06
529 1.60663e+06
530 1.6068e+06
531 1.60683e+06
532 1.60685e+06
533 1.60689e+06
534 1.60688e+06
535 1.60705e+06
536 1.60708e+06
537 1.60708e+06
538 1.60712e+06
539 1.60714e+06
540 1.60733e+06
541 1.60743e+06
542 1.60758e+06
543 1.60766e+06
544 1.6078e+06
545 1.60783e+06
546 1.60783e+06
547 1.60785e+06
548 1.60789e+06
549 1.60792e+06
550 1.60793e+06
551 1.608e+06
552 1.60804e+06
553 1.60806e+06
554 1.60815e+06
555 1.60821e+06
556 1.60823e+06
557 1.60829e+06
558 1.60835e+06
559 1.60835e+06
560 1.60836e+06
561 1.60836e+06
562 1.60838e+06
563 1.60838e+06
564 1.60841e+06
565 1.60847e+06
566 1.60848e+06
567 1.60848e+06
568 1.60849e+06
569 1.6086e+06
570 1.60864e+06
571 1.60873e+06
572 1.60878e+06
573 1.60887e+06
574 1.60896e+06
575 1.60906e+06
576 1.60915e+06
577 1.60915e+06
578 1.60924e+06
579 1.60939e+06
580 1.60949e+06
581 1.60951e+06
582 1.60964e+06
583 1.60968e+06
584 1.60971e+06
585 1.60978e+06
586 1.60982e+06
587 1.60983e+06
588 1.60988e+06
589 1.60989e+06
590 1.60993e+06
591 1.61e+06
592 1.61003e+06
593 1.61007e+06
594 1.61013e+06
595 1.61018e+06
596 1.6102e+06
597 1.61025e+06
598 1.6103e+06
599 1.61038e+06
600 1.61038e+06
601 1.61042e+06
602 1.61052e+06
603 1.61055e+06
604 1.61059e+06
605 1.61068e+06
606 1.61071e+06
607 1.61074e+06
608 1.61075e+06
609 1.61092e+06
610 1.611e+06
611 1.61111e+06
612 1.6112e+06
613 1.61126e+06
614 1.61127e+06
615 1.61134e+06
616 1.61146e+06
617 1.61151e+06
618 1.61154e+06
619 1.61159e+06
620 1.61167e+06
621 1.61167e+06
622 1.61172e+06
623 1.61179e+06
624 1.61179e+06
625 1.61187e+06
626 1.6119e+06
627 1.61193e+06
628 1.61197e+06
629 1.61203e+06
630 1.6121e+06
631 1.6121e+06
632 1.61214e+06
633 1.61218e+06
634 1.61218e+06
635 1.61234e+06
636 1.61241e+06
637 1.61242e+06
638 1.61255e+06
639 1.61257e+06
640 1.6126e+06
641 1.61269e+06
642 1.61281e+06
643 1.61282e+06
644 1.61288e+06
645 1.61299e+06
646 1.61315e+06
647 1.61332e+06
648 1.61337e+06
649 1.61348e+06
650 1.61359e+06
651 1.6137e+06
652 1.61372e+06
653 1.61372e+06
654 1.61377e+06
655 1.61384e+06
656 1.61386e+06
657 1.61388e+06
658 1.61393e+06
659 1.61393e+06
660 1.61394e+06
661 1.61396e+06
662 1.61401e+06
663 1.61408e+06
664 1.61409e+06
665 1.61411e+06
666 1.61416e+06
667 1.61428e+06
668 1.61439e+06
669 1.6144e+06
670 1.61442e+06
671 1.6145e+06
672 1.61458e+06
673 1.61459e+06
674 1.61473e+06
675 1.61475e+06
676 1.61476e+06
677 1.61477e+06
678 1.61477e+06
679 1.61487e+06
680 1.61489e+06
681 1.61494e+06
682 1.61504e+06
683 1.61508e+06
684 1.61519e+06
685 1.6153e+06
686 1.61532e+06
687 1.61534e+06
688 1.61538e+06
689 1.6154e+06
690 1.61545e+06
691 1.61545e+06
692 1.61551e+06
693 1.61559e+06
694 1.61566e+06
695 1.61569e+06
696 1.61569e+06
697 1.61584e+06
698 1.61589e+06
699 1.61594e+06
700 1.61598e+06
701 1.61611e+06
702 1.61619e+06
703 1.61622e+06
704 1.61629e+06
705 1.61646e+06
706 1.61649e+06
707 1.6165e+06
708 1.61666e+06
709 1.6167e+06
710 1.61674e+06
711 1.61679e+06
712 1.61685e+06
713 1.61686e+06
714 1.61693e+06
715 1.61701e+06
716 1.61702e+06
717 1.61705e+06
718 1.61708e+06
719 1.6171e+06
720 1.61718e+06
721 1.61719e+06
722 1.61725e+06
723 1.61736e+06
724 1.61742e+06
725 1.61758e+06
726 1.61767e+06
727 1.61772e+06
728 1.61773e+06
729 1.61779e+06
730 1.6178e+06
731 1.61782e+06
732 1.61784e+06
733 1.61789e+06
734 1.61792e+06
735 1.61795e+06
736 1.61806e+06
737 1.61818e+06
738 1.61822e+06
739 1.61823e+06
740 1.61833e+06
741 1.61841e+06
742 1.61857e+06
743 1.61867e+06
744 1.61877e+06
745 1.61881e+06
746 1.61886e+06
747 1.61889e+06
748 1.61893e+06
749 1.61898e+06
750 1.619e+06
751 1.61902e+06
752 1.61904e+06
753 1.6191e+06
754 1.6191e+06
755 1.61911e+06
756 1.61918e+06
757 1.61918e+06
758 1.61923e+06
759 1.61929e+06
760 1.61931e+06
761 1.61934e+06
762 1.61938e+06
763 1.61941e+06
764 1.61944e+06
765 1.61957e+06
766 1.61959e+06
767 1.61961e+06
768 1.61965e+06
769 1.61973e+06
770 1.61979e+06
771 1.61988e+06
772 1.61994e+06
773 1.61998e+06
774 1.62002e+06
775 1.62017e+06
776 1.6203e+06
777 1.62038e+06
778 1.62049e+06
779 1.62052e+06
780 1.6206e+06
781 1.62064e+06
782 1.6208e+06
783 1.62083e+06
784 1.62084e+06
785 1.62086e+06
786 1.6209e+06
787 1.62096e+06
788 1.6211e+06
789 1.62112e+06
790 1.62121e+06
791 1.62129e+06
792 1.62131e+06
793 1.62134e+06
794 1.62139e+06
795 1.62142e+06
796 1.62144e+06
797 1.62144e+06
798 1.62148e+06
799 1.6215e+06
800 1.62153e+06
801 1.62158e+06
802 1.62166e+06
803 1.62169e+06
804 1.62175e+06
805 1.62179e+06
806 1.62179e+06
807 1.62183e+06
808 1.62186e+06
809 1.62192e+06
810 1.62192e+06
811 1.62195e+06
812 1.62199e+06
813 1.62205e+06
814 1.62208e+06
815 1.6221e+06
816 1.62216e+06
817 1.62223e+06
818 1.62228e+06
819 1.62239e+06
820 1.62242e+06
821 1.62254e+06
822 1.62257e+06
823 1.62258e+06
824 1.62258e+06
825 1.62263e+06
826 1.62263e+06
827 1.6227e+06
828 1.62277e+06
829 1.62284e+06
830 1.62288e+06
831 1.62294e+06
832 1.62305e+06
833 1.62304e+06
834 1.62309e+06
835 1.62321e+06
836 1.62333e+06
837 1.62351e+06
838 1.62364e+06
839 1.62367e+06
840 1.62372e+06
841 1.62378e+06
842 1.62378e+06
843 1.62382e+06
844 1.62383e+06
845 1.62393e+06
846 1.62399e+06
847 1.62399e+06
848 1.62399e+06
849 1.624e+06
850 1.624e+06
851 1.6241e+06
852 1.62412e+06
853 1.62413e+06
854 1.62419e+06
855 1.62423e+06
856 1.62424e+06
857 1.62428e+06
858 1.62436e+06
859 1.62442e+06
860 1.6245e+06
861 1.62454e+06
862 1.62461e+06
863 1.62466e+06
864 1.62471e+06
865 1.62474e+06
866 1.62483e+06
867 1.62487e+06
868 1.62487e+06
869 1.6249e+06
870 1.62493e+06
871 1.62499e+06
872 1.625e+06
873 1.62501e+06
874 1.62507e+06
875 1.62513e+06
876 1.62518e+06
877 1.62524e+06
878 1.62525e+06
879 1.62532e+06
880 1.62549e+06
881 1.62558e+06
882 1.62559e+06
883 1.6256e+06
884 1.62564e+06
885 1.62573e+06
886 1.62578e+06
887 1.62582e+06
888 1.62584e+06
889 1.62597e+06
890 1.62597e+06
891 1.62601e+06
892 1.62602e+06
893 1.62604e+06
894 1.6261e+06
895 1.62617e+06
896 1.6262e+06
897 1.62623e+06
898 1.62628e+06
899 1.62634e+06
900 1.62643e+06
901 1.62653e+06
902 1.62661e+06
903 1.62671e+06
904 1.62678e+06
905 1.6269e+06
906 1.62693e+06
907 1.62696e+06
908 1.62704e+06
909 1.62705e+06
910 1.62709e+06
911 1.62718e+06
912 1.6272e+06
913 1.62732e+06
914 1.62734e+06
915 1.62734e+06
916 1.62735e+06
917 1.6274e+06
918 1.62744e+06
919 1.62747e+06
920 1.62747e+06
921 1.62749e+06
922 1.62752e+06
923 1.62754e+06
924 1.6277e+06
925 1.62773e+06
926 1.62781e+06
927 1.62784e+06
928 1.62794e+06
929 1.62794e+06
930 1.62794e+06
931 1.62798e+06
932 1.628e+06
933 1.62807e+06
934 1.62809e+06
935 1.6282e+06
936 1.62824e+06
937 1.62825e+06
938 1.62828e+06
939 1.62831e+06
940 1.62834e+06
941 1.62837e+06
942 1.62849e+06
943 1.62851e+06
944 1.62854e+06
945 1.62862e+06
946 1.62867e+06
947 1.62875e+06
948 1.62879e+06
949 1.62885e+06
950 1.62888e+06
951 1.62897e+06
952 1.62902e+06
953 1.62916e+06
954 1.62922e+06
955 1.62931e+06
956 1.62937e+06
957 1.62943e+06
958 1.62944e+06
959 1.6295e+06
960 1.6295e+06
961 1.62961e+06
962 1.62961e+06
963 1.62963e+06
964 1.62963e+06
965 1.6297e+06
966 1.62974e+06
967 1.6298e+06
968 1.6298e+06
969 1.6298e+06
970 1.62982e+06
971 1.6299e+06
972 1.62995e+06
973 1.63002e+06
974 1.63009e+06
975 1.63014e+06
976 1.6302e+06
977 1.63026e+06
978 1.63028e+06
979 1.63033e+06
980 1.63033e+06
981 1.63036e+06
982 1.63037e+06
983 1.63047e+06
984 1.63056e+06
985 1.63056e+06
986 1.63067e+06
987 1.63073e+06
988 1.63087e+06
989 1.63092e+06
990 1.63104e+06
991 1.63104e+06
992 1.63107e+06
993 1.63111e+06
994 1.6312e+06
995 1.63131e+06
996 1.63138e+06
997 1.6314e+06
998 1.63145e+06
999 1.63145e+06
1000 1.63147e+06
