128 0.3 0.359
0 156776
1 1.56782e+06
2 1.56807e+06
3 1.5681e+06
4 1.5683e+06
5 1.5683e+06
6 1.56828e+06
7 1.56846e+06
8 1.56848e+06
9 1.56871e+06
10 1.56883e+06
11 1.56886e+06
12 1.56887e+06
13 1.5689e+06
14 1.56894e+06
15 1.5691e+06
16 1.56934e+06
17 1.56938e+06
18 1.5694e+06
19 1.56949e+06
20 1.56958e+06
21 1.56963e+06
22 1.56976e+06
23 1.56977e+06
24 1.56981e+06
25 1.56991e+06
26 1.57004e+06
27 1.57004e+06
28 1.57004e+06
29 1.57024e+06
30 1.57027e+06
31 1.57042e+06
32 1.57068e+06
33 1.57071e+06
34 1.57074e+06
35 1.57083e+06
36 1.57084e+06
37 1.57085e+06
38 1.57088e+06
39 1.57096e+06
40 1.57117e+06
41 1.57124e+06
42 1.57126e+06
43 1.5714e+06
44 1.57154e+06
45 1.5716e+06
46 1.57166e+06
47 1.57169e+06
48 1.57187e+06
49 1.57193e+06
50 1.57202e+06
51 1.57202e+06
52 1.57203e+06
53 1.57206e+06
54 1.57218e+06
55 1.5723e+06
56 1.57242e+06
57 1.57251e+06
58 1.57253e+06
59 1.57262e+06
60 1.57275e+06
61 1.57278e+06
62 1.57289e+06
63 1.57301e+06
64 1.57308e+06
65 1.57314e+06
66 1.57318e+06
67 1.57326e+06
68 1.57352e+06
69 1.57359e+06
70 1.57362e+06
71 1.57369e+06
72 1.57369e+06
73 1.57383e+06
74 1.57395e+06
75 1.57399e+06
76 1.57402e+06
77 1.57406e+06
78 1.57415e+06
79 1.57434e+06
80 1.5745e+06
81 1.57464e+06
82 1.57468e+06
83 1.5747e+06
84 1.57477e+06
85 1.57493e+06
86 1.57498e+06
87 1.57503e+06
88 1.57508e+06
89 1.57515e+06
90 1.57522e+06
91 1.57525e+06
92 1.57525e+06
93 1.57534e+06
94 1.57536e+06
95 1.57537e+06
96 1.57543e+06
97 1.57554e+06
98 1.57562e+06
99 1.57572e+06
100 1.57574e+06
101 1.57583e+06
102 1.57608e+06
103 1.57612e+06
104 1.57627e+06
105 1.57631e+06
106 1.57639e+06
107 1.57646e+06
108 1.57653e+06
109 1.57659e+06
110 1.57674e+06
111 1.57687e+06
112 1.5769e+06
113 1.57693e+06
114 1.577e+06
115 1.57709e+06
116 1.57716e+06
117 1.57729e+06
118 1.57746e+06
119 1.57752e+06
120 1.5777e+06
121 1.57783e+06
122 1.5779e+06
123 1.57795e+06
124 1.57796e+06
125 1.57802e+06
126 1.57808e+06
127 1.5783e+06
128 1.57836e+06
129 1.57846e+06
130 1.57854e+06
131 1.57861e+06
132 1.57874e+06
133 1.57884e+06
134 1.57894e+06
135 1.57902e+06
136 1.57904e+06
137 1.57916e+06
138 1.57934e+06
139 1.57941e+06
140 1.57946e+06
141 1.57954e+06
142 1.57959e+06
143 1.57974e+06
144 1.57974e+06
145 1.57986e+06
146 1.57994e+06
147 1.57995e+06
148 1.58012e+06
149 1.58014e+06
150 1.58018e+06
151 1.58029e+06
152 1.58034e+06
153 1.5804e+06
154 1.58052e+06
155 1.5806e+06
156 1.58061e+06
157 1.5807e+06
158 1.58074e+06
159 1.58078e+06
160 1.58088e+06
161 1.5809e+06
162 1.58092e+06
163 1.58092e+06
164 1.58097e+06
165 1.58099e+06
166 1.58113e+06
167 1.58117e+06
168 1.5812e+06
169 1.58138e+06
170 1.58142e+06
171 1.58149e+06
172 1.58169e+06
173 1.58185e+06
174 1.58192e+06
175 1.58198e+06
176 1.5821e+06
177 1.5822e+06
178 1.58226e+06
179 1.58231e+06
180 1.58241e+06
181 1.58251e+06
182 1.58257e+06
183 1.58261e+06
184 1.5827e+06
185 1.58275e+06
186 1.5828e+06
187 1.5828e+06
188 1.58282e+06
189 1.58288e+06
190 1.58304e+06
191 1.58307e+06
192 1.58314e+06
193 1.58328e+06
194 1.58337e+06
195 1.5834e+06
196 1.58363e+06
197 1.58371e+06
198 1.58386e+06
199 1.58391e+06
200 1.58406e+06
201 1.58413e+06
202 1.58434e+06
203 1.58436e+06
204 1.58444e+06
205 1.5845e+06
206 1.58456e+06
207 1.5846e+06
208 1.58477e+06
209 1.5848e+06
210 1.58489e+06
211 1.5849e+06
212 1.58499e+06
213 1.58509e+06
214 1.58519e+06
215 1.58525e+06
216 1.58531e+06
217 1.58534e+06
218 1.58549e+06
219 1.58551e+06
220 1.58562e+06
221 1.58566e+06
222 1.58574e+06
223 1.58575e+06
224 1.58578e+06
225 1.58588e+06
226 1.58594e+06
227 1.58604e+06
228 1.58621e+06
229 1.5863e+06
230 1.58632e+06
231 1.58638e+06
232 1.58646e+06
233 1.58651e+06
234 1.58663e+06
235 1.58671e+06
236 1.58673e+06
237 1.58678e+06
238 1.58689e+06
239 1.58696e+06
240 1.58696e+06
241 1.58702e+06
242 1.58706e+06
243 1.58711e+06
244 1.5872e+06
245 1.58733e+06
246 1.58738e+06
247 1.58747e+06
248 1.58755e+06
249 1.58764e+06
250 1.58769e+06
251 1.58782e+06
252 1.58784e+06
253 1.58786e+06
254 1.58795e+06
255 1.58803e+06
256 1.58811e+06
257 1.5882e+06
258 1.58824e+06
259 1.58828e+06
260 1.58833e+06
261 1.58838e+06
262 1.58846e+06
263 1.58855e+06
264 1.58861e+06
265 1.58867e+06
266 1.58874e+06
267 1.58877e+06
268 1.58884e+06
269 1.58892e+06
270 1.589e+06
271 1.58907e+06
272 1.58913e+06
273 1.58926e+06
274 1.58926e+06
275 1.58927e+06
276 1.58934e+06
277 1.58951e+06
278 1.58956e+06
279 1.58961e+06
280 1.58973e+06
281 1.5898e+06
282 1.58983e+06
283 1.58992e+06
284 1.58997e+06
285 1.59004e+06
286 1.59014e+06
287 1.59026e+06
288 1.59033e+06
289 1.59037e+06
290 1.59045e+06
291 1.59058e+06
292 1.59064e+06
293 1.5907e+06
294 1.59076e+06
295 1.59078e+06
296 1.59083e+06
297 1.59093e+06
298 1.59096e+06
299 1.59099e+06
300 1.59105e+06
301 1.59123e+06
302 1.59132e+06
303 1.59137e+06
304 1.59143e+06
305 1.59146e+06
306 1.59157e+06
307 1.59169e+06
308 1.59178e+06
309 1.5918e+06
310 1.59184e+06
311 1.5919e+06
312 1.59193e+06
313 1.59203e+06
314 1.59204e+06
315 1.59204e+06
316 1.59209e+06
317 1.59218e+06
318 1.59222e+06
319 1.59226e+06
320 1.59235e+06
321 1.59237e+06
322 1.59245e+06
323 1.59254e+06
324 1.59259e+06
325 1.59262e+06
326 1.59276e+06
327 1.59286e+06
328 1.59293e+06
329 1.59297e+06
330 1.59304e+06
331 1.59308e+06
332 1.59317e+06
333 1.59323e+06
334 1.59338e+06
335 1.59346e+06
336 1.59354e+06
337 1.5936e+06
338 1.59365e+06
339 1.59383e+06
340 1.59387e+06
341 1.59389e+06
342 1.59391e+06
343 1.59394e+06
344 1.59403e+06
345 1.59404e+06
346 1.59409e+06
347 1.59414e+06
348 1.59421e+06
349 1.59424e+06
350 1.59428e+06
351 1.59444e+06
352 1.59455e+06
353 1.59475e+06
354 1.59482e+06
355 1.59482e+06
356 1.59485e+06
357 1.5949e+06
358 1.59495e+06
359 1.59495e+06
360 1.59502e+06
361 1.59502e+06
362 1.59506e+06
363 1.59515e+06
364 1.59528e+06
365 1.59531e+06
366 1.59538e+06
367 1.59543e+06
368 1.59547e+06
369 1.59551e+06
370 1.59553e+06
371 1.59557e+06
372 1.5957e+06
373 1.59573e+06
374 1.59578e+06
375 1.59582e+06
376 1.5959e+06
377 1.59601e+06
378 1.59606e+06
379 1.59612e+06
380 1.5962e+06
381 1.59625e+06
382 1.5964e+06
383 1.59644e+06
384 1.59648e+06
385 1.59652e+06
386 1.59664e+06
387 1.59667e+06
388 1.59674e+06
389 1.5968e+06
390 1.59688e+06
391 1.597e+06
392 1.59705e+06
393 1.59712e+06
394 1.5972e+06
395 1.59729e+06
396 1.59734e+06
397 1.59739e+06
398 1.59754e+06
399 1.59759e+06
400 1.59764e+06
401 1.59769e+06
402 1.59769e+06
403 1.59772e+06
404 1.59779e+06
405 1.59787e+06
406 1.5979e+06
407 1.59799e+06
408 1.59806e+06
409 1.59809e+06
410 1.59811e+06
411 1.59813e+06
412 1.59826e+06
413 1.59836e+06
414 1.59839e+06
415 1.59852e+06
416 1.59863e+06
417 1.59878e+06
418 1.59885e+06
419 1.59892e+06
420 1.59902e+06
421 1.59913e+06
422 1.59923e+06
423 1.59934e+06
424 1.59938e+06
425 1.59943e+06
426 1.59948e+06
427 1.59962e+06
428 1.59984e+06
429 1.59991e+06
430 1.59995e+06
431 1.59999e+06
432 1.60004e+06
433 1.6001e+06
434 1.60012e+06
435 1.60018e+06
436 1.60021e+06
437 1.6003e+06
438 1.6004e+06
439 1.60049e+06
440 1.60049e+06
441 1.60065e+06
442 1.60072e+06
443 1.60084e+06
444 1.60096e+06
445 1.60097e+06
446 1.60099e+06
447 1.60102e+06
448 1.60104e+06
449 1.6011e+06
450 1.60119e+06
451 1.60121e+06
452 1.60129e+06
453 1.60129e+06
454 1.60137e+06
455 1.60147e+06
456 1.6015e+06
457 1.60151e+06
458 1.60163e+06
459 1.6017e+06
460 1.6017e+06
461 1.60174e+06
462 1.60181e+06
463 1.60186e+06
464 1.60191e+06
465 1.602e+06
466 1.60214e+06
467 1.60232e+06
468 1.60236e+06
469 1.6025e+06
470 1.60264e+06
471 1.60275e+06
472 1.60275e+06
473 1.6029e+06
474 1.60296e+06
475 1.60305e+06
476 1.60316e+06
477 1.6032e+06
478 1.6032e+06
479 1.60323e+06
480 1.60328e+06
481 1.6033e+06
482 1.60335e+06
483 1.60336e+06
484 1.60338e+06
485 1.60346e+06
486 1.60346e+06
487 1.60351e+06
488 1.60355e+06
489 1.60368e+06
490 1.60373e+06
491 1.6038e+06
492 1.60383e+06
493 1.60386e+06
494 1.6039e+06
495 1.60395e+06
496 1.60396e+06
497 1.60396e+06
498 1.604e+06
499 1.60412e+06
500 1.60419e+06
501 1.60421e+06
502 1.60426e+06
503 1.60431e+06
504 1.60438e+06
505 1.60441e+06
506 1.60452e+06
507 1.60463e+06
508 1.60471e+06
509 1.60477e+06
510 1.60476e+06
511 1.60478e+06
512 1.60482e+06
513 1.6049e+06
514 1.60492e+06
515 1.60496e+06
516 1.60499e+06
517 1.60505e+06
518 1.60512e+06
519 1.6052e+06
520 1.60522e+06
521 1.60532e+06
522 1.60532e+06
523 1.60536e+06
524 1.6054e+06
525 1.60553e+06
526 1.60558e+06
527 1.60562e+06
528 1.60572e+06
529 1.60573e+06
530 1.6058e+06
531 1.6058e+06
532 1.60583e+06
533 1.60596e+06
534 1.60601e+06
535 1.60609e+06
536 1.60615e+06
537 1.60622e+06
538 1.60628e+06
539 1.60631e+06
540 1.6064e+06
541 1.60647e+06
542 1.60652e+06
543 1.60663e+06
544 1.60666e+06
545 1.60666e+06
546 1.6067e+06
547 1.60672e+06
548 1.60676e+06
549 1.6068e+06
550 1.60685e+06
551 1.60689e+06
552 1.60697e+06
553 1.60703e+06
554 1.60717e+06
555 1.60719e+06
556 1.60726e+06
557 1.60732e+06
558 1.60742e+06
559 1.60747e+06
560 1.6075e+06
561 1.60756e+06
562 1.60765e+06
563 1.60767e+06
564 1.60782e+06
565 1.60788e+06
566 1.60796e+06
567 1.60796e+06
568 1.60807e+06
569 1.60814e+06
570 1.60827e+06
571 1.60836e+06
572 1.60849e+06
573 1.60857e+06
574 1.6086e+06
575 1.60865e+06
576 1.60871e+06
577 1.60877e+06
578 1.60885e+06
579 1.60896e+06
580 1.60902e+06
581 1.60906e+06
582 1.60916e+06
583 1.60923e+06
584 1.60926e+06
585 1.60927e+06
586 1.60937e+06
587 1.60952e+06
588 1.60956e+06
589 1.60964e+06
590 1.60984e+06
591 1.60991e+06
592 1.60992e+06
593 1.6101e+06
594 1.61017e+06
595 1.61018e+06
596 1.61034e+06
597 1.61041e+06
598 1.61044e+06
599 1.61048e+06
600 1.61049e+06
601 1.61055e+06
602 1.61061e+06
603 1.61068e+06
604 1.6107e+06
605 1.61074e+06
606 1.61078e+06
607 1.61088e+06
608 1.61089e+06
609 1.6109e+06
610 1.61097e+06
611 1.61099e+06
612 1.611e+06
613 1.61109e+06
614 1.61119e+06
615 1.61136e+06
616 1.61145e+06
617 1.61155e+06
618 1.61158e+06
619 1.61158e+06
620 1.61165e+06
621 1.61174e+06
622 1.61179e+06
623 1.6118e+06
624 1.61184e+06
625 1.61194e+06
626 1.61195e+06
627 1.61206e+06
628 1.61209e+06
629 1.61221e+06
630 1.61222e+06
631 1.61224e+06
632 1.61226e+06
633 1.61235e+06
634 1.61242e+06
635 1.61259e+06
636 1.61268e+06
637 1.61278e+06
638 1.61278e+06
639 1.61286e+06
640 1.61289e+06
641 1.61292e+06
642 1.61295e+06
643 1.61301e+06
644 1.61304e+06
645 1.61306e+06
646 1.61308e+06
647 1.61309e+06
648 1.61315e+06
649 1.61325e+06
650 1.61325e+06
651 1.61342e+06
652 1.61348e+06
653 1.61351e+06
654 1.61359e+06
655 1.61371e+06
656 1.61375e+06
657 1.61395e+06
658 1.61396e+06
659 1.61402e+06
660 1.61413e+06
661 1.61416e+06
662 1.6143e+06
663 1.61434e+06
664 1.61439e+06
665 1.61451e+06
666 1.61451e+06
667 1.61457e+06
668 1.61462e+06
669 1.61471e+06
670 1.61482e+06
671 1.61494e+06
672 1.61496e+06
673 1.61496e+06
674 1.61502e+06
675 1.61506e+06
676 1.61512e+06
677 1.61515e+06
678 1.61523e+06
679 1.61535e+06
680 1.61545e+06
681 1.61546e+06
682 1.61548e+06
683 1.61563e+06
684 1.61569e+06
685 1.6157e+06
686 1.6158e+06
687 1.61585e+06
688 1.61592e+06
689 1.616e+06
690 1.61612e+06
691 1.61623e+06
692 1.61628e+06
693 1.61631e+06
694 1.61637e+06
695 1.61641e+06
696 1.6165e+06
697 1.6166e+06
698 1.61679e+06
699 1.61681e+06
700 1.61687e+06
701 1.61702e+06
702 1.61707e+06
703 1.61712e+06
704 1.61716e+06
705 1.61718e+06
706 1.61722e+06
707 1.61723e+06
708 1.6173e+06
709 1.61746e+06
710 1.61752e+06
711 1.61755e+06
712 1.61764e+06
713 1.61764e+06
714 1.61779e+06
715 1.61786e+06
716 1.61791e+06
717 1.61795e+06
718 1.6181e+06
719 1.61813e+06
720 1.61822e+06
721 1.61827e+06
722 1.6183e+06
723 1.61835e+06
724 1.61836e+06
725 1.61847e+06
726 1.6185e+06
727 1.61866e+06
728 1.61866e+06
729 1.61878e+06
730 1.61885e+06
731 1.61904e+06
732 1.61908e+06
733 1.61916e+06
734 1.61921e+06
735 1.61927e+06
736 1.61933e+06
737 1.6194e+06
738 1.61944e+06
739 1.61959e+06
740 1.61966e+06
741 1.61973e+06
742 1.61974e+06
743 1.61984e+06
744 1.61996e+06
745 1.61999e+06
746 1.62005e+06
747 1.62007e+06
748 1.6201e+06
749 1.62028e+06
750 1.6203e+06
751 1.62032e+06
752 1.62035e+06
753 1.62041e+06
754 1.62046e+06
755 1.62048e+06
756 1.62059e+06
757 1.62063e+06
758 1.62069e+06
759 1.62069e+06
760 1.62072e+06
761 1.62077e+06
762 1.62088e+06
763 1.62101e+06
764 1.62111e+06
765 1.62116e+06
766 1.62124e+06
767 1.62132e+06
768 1.62136e+06
769 1.62139e+06
770 1.62154e+06
771 1.62158e+06
772 1.6216e+06
773 1.62171e+06
774 1.62174e+06
775 1.6218e+06
776 1.6218e+06
777 1.62184e+06
778 1.62194e+06
779 1.62206e+06
780 1.6221e+06
781 1.62213e+06
782 1.62224e+06
783 1.62228e+06
784 1.62229e+06
785 1.62237e+06
786 1.6224e+06
787 1.62245e+06
788 1.62255e+06
789 1.62258e+06
790 1.62263e+06
791 1.62266e+06
792 1.6227e+06
793 1.6228e+06
794 1.62283e+06
795 1.62285e+06
796 1.62295e+06
797 1.62299e+06
798 1.623e+06
799 1.62312e+06
800 1.62315e+06
801 1.62316e+06
802 1.62317e+06
803 1.62328e+06
804 1.62333e+06
805 1.62342e+06
806 1.62344e+06
807 1.62352e+06
808 1.62354e+06
809 1.62354e+06
810 1.62371e+06
811 1.62375e+06
812 1.62386e+06
813 1.62385e+06
814 1.62394e+06
815 1.62398e+06
816 1.62407e+06
817 1.62411e+06
818 1.62412e+06
819 1.62414e+06
820 1.62418e+06
821 1.6242e+06
822 1.62429e+06
823 1.62437e+06
824 1.62438e+06
825 1.62445e+06
826 1.62454e+06
827 1.62461e+06
828 1.62468e+06
829 1.62475e+06
830 1.62477e+06
831 1.62479e+06
832 1.62489e+06
833 1.62497e+06
834 1.62508e+06
835 1.62518e+06
836 1.62528e+06
837 1.62535e+06
838 1.62542e+06
839 1.62545e+06
840 1.62555e+06
841 1.62559e+06
842 1.6256e+06
843 1.62568e+06
844 1.62574e+06
845 1.62577e+06
846 1.62585e+06
847 1.62603e+06
848 1.62604e+06
849 1.62609e+06
850 1.62611e+06
851 1.62622e+06
852 1.62629e+06
853 1.62632e+06
854 1.62634e+06
855 1.62644e+06
856 1.62652e+06
857 1.62659e+06
858 1.62674e+06
859 1.62676e+06
860 1.6268e+06
861 1.62681e+06
862 1.62684e+06
863 1.62688e+06
864 1.62691e+06
865 1.62692e+06
866 1.62699e+06
867 1.62703e+06
868 1.62703e+06
869 1.62709e+06
870 1.62711e+06
871 1.62716e+06
872 1.62725e+06
873 1.62737e+06
874 1.62739e+06
875 1.62739e+06
876 1.62739e+06
877 1.62742e+06
878 1.62745e+06
879 1.62752e+06
880 1.62765e+06
881 1.62765e+06
882 1.62778e+06
883 1.62784e+06
884 1.62789e+06
885 1.62794e+06
886 1.62798e+06
887 1.62801e+06
888 1.62809e+06
889 1.62812e+06
890 1.62821e+06
891 1.62821e+06
892 1.62825e+06
893 1.62833e+06
894 1.62845e+06
895 1.62849e+06
896 1.62863e+06
897 1.62872e+06
898 1.62877e+06
899 1.62883e+06
900 1.62884e+06
901 1.62884e+06
902 1.62889e+06
903 1.62889e+06
904 1.62891e+06
905 1.62892e+06
906 1.62891e+06
907 1.62895e+06
908 1.62898e+06
909 1.62899e+06
910 1.62904e+06
911 1.62909e+06
912 1.62921e+06
913 1.62925e+06
914 1.62928e+06
915 1.62928e+06
916 1.62932e+06
917 1.62938e+06
918 1.62948e+06
919 1.62954e+06
920 1.62954e+06
921 1.62955e+06
922 1.62959e+06
923 1.62965e+06
924 1.62972e+06
925 1.6299e+06
926 1.6299e+06
927 1.62991e+06
928 1.62995e+06
929 1.63002e+06
930 1.63014e+06
931 1.63018e+06
932 1.63018e+06
933 1.63022e+06
934 1.63023e+06
935 1.63026e+06
936 1.63041e+06
937 1.63056e+06
938 1.6306e+06
939 1.6306e+06
940 1.63066e+06
941 1.63068e+06
942 1.63073e+06
943 1.63082e+06
944 1.63082e+06
945 1.63091e+06
946 1.63103e+06
947 1.63103e+06
948 1.63111e+06
949 1.63113e+06
950 1.63117e+06
951 1.63127e+06
952 1.6314e+06
953 1.63146e+06
954 1.63149e+06
955 1.63152e+06
956 1.63157e+06
957 1.63164e+06
958 1.63164e+06
959 1.63174e+06
960 1.63183e+06
961 1.63183e+06
962 1.6319e+06
963 1.6319e+06
964 1.63192e+06
965 1.632e+06
966 1.63206e+06
967 1.63208e+06
968 1.63212e+06
969 1.63214e+06
970 1.6322e+06
971 1.63225e+06
972 1.6323e+06
973 1.63235e+06
974 1.63241e+06
975 1.63244e+06
976 1.63253e+06
977 1.63257e+06
978 1.63259e+06
979 1.63271e+06
980 1.63274e+06
981 1.63279e+06
982 1.63283e+06
983 1.63283e+06
984 1.63283e+06
985 1.6329e+06
986 1.6329e+06
987 1.6329e+06
988 1.63293e+06
989 1.63295e+06
990 1.63302e+06
991 1.63308e+06
992 1.63309e+06
993 1.63312e+06
994 1.63322e+06
995 1.63322e+06
996 1.63325e+06
997 1.63325e+06
998 1.63329e+06
999 1.6333e+06
1000 1.63333e+06
