128 0.3 0.222
0 156776
1 1.568e+06
2 1.56812e+06
3 1.56823e+06
4 1.56838e+06
5 1.56838e+06
6 1.56839e+06
7 1.56844e+06
8 1.56854e+06
9 1.56871e+06
10 1.56879e+06
11 1.56894e+06
12 1.56896e+06
13 1.56905e+06
14 1.56917e+06
15 1.5692e+06
16 1.56924e+06
17 1.56929e+06
18 1.56933e+06
19 1.56949e+06
20 1.56953e+06
21 1.56958e+06
22 1.56968e+06
23 1.56978e+06
24 1.56987e+06
25 1.56992e+06
26 1.57005e+06
27 1.57017e+06
28 1.57023e+06
29 1.57037e+06
30 1.57038e+06
31 1.5704e+06
32 1.57063e+06
33 1.57069e+06
34 1.57078e+06
35 1.57084e+06
36 1.57099e+06
37 1.57109e+06
38 1.57114e+06
39 1.57135e+06
40 1.57152e+06
41 1.57164e+06
42 1.57171e+06
43 1.57186e+06
44 1.57189e+06
45 1.57208e+06
46 1.57228e+06
47 1.57231e+06
48 1.57249e+06
49 1.57258e+06
50 1.57262e+06
51 1.57266e+06
52 1.57272e+06
53 1.57279e+06
54 1.57281e+06
55 1.57291e+06
56 1.57298e+06
57 1.57308e+06
58 1.57314e+06
59 1.57318e+06
60 1.57328e+06
61 1.57341e+06
62 1.57344e+06
63 1.57364e+06
64 1.57369e+06
65 1.57378e+06
66 1.57382e+06
67 1.57388e+06
68 1.57404e+06
69 1.57412e+06
70 1.57428e+06
71 1.57445e+06
72 1.57455e+06
73 1.57465e+06
74 1.5748e+06
75 1.57491e+06
76 1.57499e+06
77 1.57508e+06
78 1.57518e+06
79 1.57526e+06
80 1.57531e+06
81 1.57544e+06
82 1.57564e+06
83 1.57566e+06
84 1.5757e+06
85 1.57578e+06
86 1.5758e+06
87 1.57593e+06
88 1.57604e+06
89 1.5762e+06
90 1.57629e+06
91 1.57635e+06
92 1.57656e+06
93 1.57662e+06
94 1.5767e+06
95 1.57675e+06
96 1.57681e+06
97 1.57683e+06
98 1.57691e+06
99 1.57705e+06
100 1.57714e+06
101 1.57716e+06
102 1.57723e+06
103 1.57727e+06
104 1.57735e+06
105 1.57743e+06
106 1.57752e+06
107 1.57762e+06
108 1.57784e+06
109 1.57784e+06
110 1.5779e+06
111 1.57802e+06
112 1.57806e+06
113 1.57814e+06
114 1.57825e+06
115 1.57827e+06
116 1.57838e+06
117 1.57855e+06
118 1.57873e+06
119 1.57878e+06
120 1.57896e+06
121 1.57908e+06
122 1.57916e+06
123 1.57927e+06
124 1.57929e+06
125 1.57937e+06
126 1.57943e+06
127 1.57951e+06
128 1.57968e+06
129 1.57982e+06
130 1.57989e+06
131 1.58001e+06
132 1.58011e+06
133 1.58016e+06
134 1.58022e+06
135 1.58027e+06
136 1.58043e+06
137 1.5805e+06
138 1.58059e+06
139 1.58062e+06
140 1.58073e+06
141 1.5808e+06
142 1.58081e+06
143 1.58092e+06
144 1.58101e+06
145 1.58106e+06
146 1.58118e+06
147 1.58125e+06
148 1.58133e+06
149 1.58147e+06
150 1.58148e+06
151 1.58156e+06
152 1.58164e+06
153 1.58167e+06
154 1.58175e+06
155 1.5818e+06
156 1.58186e+06
157 1.58196e+06
158 1.58204e+06
159 1.58205e+06
160 1.58216e+06
161 1.58225e+06
162 1.58228e+06
163 1.5824e+06
164 1.58249e+06
165 1.5825e+06
166 1.58258e+06
167 1.58262e+06
168 1.58264e+06
169 1.58268e+06
170 1.58276e+06
171 1.5829e+06
172 1.5829e+06
173 1.58297e+06
174 1.58301e+06
175 1.58306e+06
176 1.58308e+06
177 1.58316e+06
178 1.58324e+06
179 1.58327e+06
180 1.58332e+06
181 1.58343e+06
182 1.58351e+06
183 1.58358e+06
184 1.58373e+06
185 1.58378e+06
186 1.58393e+06
187 1.58394e+06
188 1.58402e+06
189 1.58411e+06
190 1.58431e+06
191 1.58436e+06
192 1.58451e+06
193 1.58456e+06
194 1.5846e+06
195 1.58463e+06
196 1.5847e+06
197 1.58482e+06
198 1.5849e+06
199 1.58494e+06
200 1.58518e+06
201 1.58523e+06
202 1.58528e+06
203 1.5853e+06
204 1.58536e+06
205 1.58537e+06
206 1.58548e+06
207 1.5855e+06
208 1.58556e+06
209 1.58569e+06
210 1.58573e+06
211 1.58581e+06
212 1.58591e+06
213 1.58592e+06
214 1.58594e+06
215 1.58605e+06
216 1.58613e+06
217 1.58619e+06
218 1.58619e+06
219 1.58634e+06
220 1.58634e+06
221 1.5864e+06
222 1.58646e+06
223 1.58655e+06
224 1.58662e+06
225 1.58674e+06
226 1.58675e+06
227 1.58682e+06
228 1.58685e+06
229 1.58688e+06
230 1.5869e+06
231 1.58694e+06
232 1.58709e+06
233 1.58714e+06
234 1.58719e+06
235 1.58722e+06
236 1.58725e+06
237 1.58732e+06
238 1.58743e+06
239 1.58758e+06
240 1.58766e+06
241 1.58772e+06
242 1.58785e+06
243 1.58789e+06
244 1.58789e+06
245 1.588e+06
246 1.58806e+06
247 1.58814e+06
248 1.58815e+06
249 1.58815e+06
250 1.58816e+06
251 1.58816e+06
252 1.58823e+06
253 1.58824e+06
254 1.58829e+06
255 1.58833e+06
256 1.58844e+06
257 1.58857e+06
258 1.58863e+06
259 1.58868e+06
260 1.58869e+06
261 1.58873e+06
262 1.58878e+06
263 1.58892e+06
264 1.58905e+06
265 1.5892e+06
266 1.58926e+06
267 1.58937e+06
268 1.5894e+06
269 1.5895e+06
270 1.58957e+06
271 1.58961e+06
272 1.58972e+06
273 1.5898e+06
274 1.58982e+06
275 1.58984e+06
276 1.58985e+06
277 1.58985e+06
278 1.5899e+06
279 1.58996e+06
280 1.59001e+06
281 1.59006e+06
282 1.59009e+06
283 1.59015e+06
284 1.59027e+06
285 1.59033e+06
286 1.59039e+06
287 1.59051e+06
288 1.59053e+06
289 1.59062e+06
290 1.59064e+06
291 1.59065e+06
292 1.59073e+06
293 1.59079e+06
294 1.59081e+06
295 1.5909e+06
296 1.59091e+06
297 1.59099e+06
298 1.5911e+06
299 1.5911e+06
300 1.59114e+06
301 1.5912e+06
302 1.59123e+06
303 1.59127e+06
304 1.5913e+06
305 1.59159e+06
306 1.59167e+06
307 1.59182e+06
308 1.5919e+06
309 1.59191e+06
310 1.59205e+06
311 1.59223e+06
312 1.59233e+06
313 1.59236e+06
314 1.59239e+06
315 1.59244e+06
316 1.59257e+06
317 1.59272e+06
318 1.59277e+06
319 1.59281e+06
320 1.59287e+06
321 1.59293e+06
322 1.59306e+06
323 1.59323e+06
324 1.59329e+06
325 1.59346e+06
326 1.59347e+06
327 1.59352e+06
328 1.59355e+06
329 1.59361e+06
330 1.59368e+06
331 1.59382e+06
332 1.59384e+06
333 1.59391e+06
334 1.59398e+06
335 1.59402e+06
336 1.59409e+06
337 1.59415e+06
338 1.59423e+06
339 1.59428e+06
340 1.59436e+06
341 1.59441e+06
342 1.59441e+06
343 1.59443e+06
344 1.59449e+06
345 1.59452e+06
346 1.59463e+06
347 1.59474e+06
348 1.59482e+06
349 1.59488e+06
350 1.59503e+06
351 1.59505e+06
352 1.59513e+06
353 1.59526e+06
354 1.59532e+06
355 1.59538e+06
356 1.5954e+06
357 1.5955e+06
358 1.59561e+06
359 1.59564e+06
360 1.59574e+06
361 1.59576e+06
362 1.59587e+06
363 1.59589e+06
364 1.59599e+06
365 1.59602e+06
366 1.59602e+06
367 1.59609e+06
368 1.59611e+06
369 1.59612e+06
370 1.59617e+06
371 1.59625e+06
372 1.59636e+06
373 1.59645e+06
374 1.59655e+06
375 1.59661e+06
376 1.59679e+06
377 1.5968e+06
378 1.59688e+06
379 1.597e+06
380 1.59714e+06
381 1.59724e+06
382 1.59724e+06
383 1.59727e+06
384 1.59732e+06
385 1.59746e+06
386 1.59762e+06
387 1.59762e+06
388 1.59767e+06
389 1.59774e+06
390 1.5979e+06
391 1.59795e+06
392 1.59805e+06
393 1.59815e+06
394 1.59822e+06
395 1.59824e+06
396 1.59828e+06
397 1.59831e+06
398 1.59833e+06
399 1.59833e+06
400 1.59843e+06
401 1.59857e+06
402 1.59861e+06
403 1.59871e+06
404 1.5988e+06
405 1.59887e+06
406 1.59895e+06
407 1.59901e+06
408 1.59907e+06
409 1.59908e+06
410 1.59916e+06
411 1.59922e+06
412 1.59929e+06
413 1.59948e+06
414 1.59949e+06
415 1.59962e+06
416 1.59965e+06
417 1.59969e+06
418 1.5998e+06
419 1.59995e+06
420 1.60006e+06
421 1.60015e+06
422 1.60022e+06
423 1.60034e+06
424 1.60038e+06
425 1.60044e+06
426 1.60047e+06
427 1.60053e+06
428 1.60062e+06
429 1.60063e+06
430 1.60067e+06
431 1.6009e+06
432 1.60092e+06
433 1.60097e+06
434 1.60105e+06
435 1.60119e+06
436 1.60124e+06
437 1.60128e+06
438 1.60129e+06
439 1.60137e+06
440 1.60138e+06
441 1.60143e+06
442 1.60151e+06
443 1.60153e+06
444 1.6016e+06
445 1.60168e+06
446 1.60177e+06
447 1.60178e+06
448 1.60184e+06
449 1.60198e+06
450 1.60201e+06
451 1.60204e+06
452 1.60208e+06
453 1.60219e+06
454 1.60229e+06
455 1.60234e+06
456 1.6024e+06
457 1.60241e+06
458 1.60242e+06
459 1.60248e+06
460 1.60252e+06
461 1.60256e+06
462 1.60267e+06
463 1.60269e+06
464 1.60276e+06
465 1.60292e+06
466 1.60302e+06
467 1.60316e+06
468 1.60328e+06
469 1.6033e+06
470 1.6033e+06
471 1.60333e+06
472 1.60338e+06
473 1.60344e+06
474 1.6035e+06
475 1.60362e+06
476 1.60366e+06
477 1.6038e+06
478 1.60386e+06
479 1.60398e+06
480 1.60402e+06
481 1.6041e+06
482 1.60414e+06
483 1.60429e+06
484 1.60441e+06
485 1.60453e+06
486 1.60455e+06
487 1.60465e+06
488 1.60476e+06
489 1.60482e+06
490 1.60489e+06
491 1.60498e+06
492 1.60501e+06
493 1.60508e+06
494 1.60514e+06
495 1.60519e+06
496 1.60525e+06
497 1.60528e+06
498 1.6053e+06
499 1.6054e+06
500 1.6055e+06
501 1.60558e+06
502 1.60565e+06
503 1.60578e+06
504 1.60585e+06
505 1.60594e+06
506 1.60594e+06
507 1.60597e+06
508 1.60598e+06
509 1.60611e+06
510 1.60618e+06
511 1.60622e+06
512 1.60629e+06
513 1.6064e+06
514 1.60643e+06
515 1.60646e+06
516 1.60648e+06
517 1.60657e+06
518 1.6067e+06
519 1.60672e+06
520 1.60675e+06
521 1.60679e+06
522 1.60697e+06
523 1.60702e+06
524 1.6071e+06
525 1.6072e+06
526 1.6072e+06
527 1.60723e+06
528 1.60731e+06
529 1.60736e+06
530 1.6074e+06
531 1.60751e+06
532 1.60755e+06
533 1.60765e+06
534 1.60766e+06
535 1.60768e+06
536 1.60774e+06
537 1.60777e+06
538 1.60781e+06
539 1.60781e+06
540 1.60791e+06
541 1.60795e+06
542 1.60798e+06
543 1.60803e+06
544 1.60808e+06
545 1.60811e+06
546 1.60817e+06
547 1.60825e+06
548 1.60829e+06
549 1.60831e+06
550 1.6084e+06
551 1.60845e+06
552 1.60847e+06
553 1.60856e+06
554 1.60863e+06
555 1.60866e+06
556 1.60874e+06
557 1.60874e+06
558 1.60878e+06
559 1.60884e+06
560 1.60885e+06
561 1.60895e+06
562 1.6091e+06
563 1.60916e+06
564 1.60926e+06
565 1.60926e+06
566 1.60929e+06
567 1.60931e+06
568 1.60936e+06
569 1.60943e+06
570 1.60946e+06
571 1.6096e+06
572 1.60962e+06
573 1.6098e+06
574 1.6098e+06
575 1.60988e+06
576 1.60996e+06
577 1.61009e+06
578 1.61011e+06
579 1.61025e+06
580 1.61027e+06
581 1.61041e+06
582 1.61057e+06
583 1.61062e+06
584 1.61064e+06
585 1.61073e+06
586 1.61076e+06
587 1.61078e+06
588 1.61083e+06
589 1.6109e+06
590 1.6109e+06
591 1.61091e+06
592 1.61095e+06
593 1.611e+06
594 1.61101e+06
595 1.61101e+06
596 1.61108e+06
597 1.61115e+06
598 1.61129e+06
599 1.61136e+06
600 1.61142e+06
601 1.61147e+06
602 1.61153e+06
603 1.61157e+06
604 1.61159e+06
605 1.61165e+06
606 1.61169e+06
607 1.61171e+06
608 1.61176e+06
609 1.6118e+06
610 1.61191e+06
611 1.61198e+06
612 1.61204e+06
613 1.61206e+06
614 1.61206e+06
615 1.61208e+06
616 1.61212e+06
617 1.61215e+06
618 1.61226e+06
619 1.61235e+06
620 1.61242e+06
621 1.61244e+06
622 1.61249e+06
623 1.61258e+06
624 1.61263e+06
625 1.61269e+06
626 1.61269e+06
627 1.61277e+06
628 1.61282e+06
629 1.61283e+06
630 1.61285e+06
631 1.61288e+06
632 1.61297e+06
633 1.61298e+06
634 1.61298e+06
635 1.61306e+06
636 1.61306e+06
637 1.61309e+06
638 1.61319e+06
639 1.61325e+06
640 1.61333e+06
641 1.61333e+06
642 1.61343e+06
643 1.61349e+06
644 1.61352e+06
645 1.61354e+06
646 1.61357e+06
647 1.61358e+06
648 1.6136e+06
649 1.61368e+06
650 1.61372e+06
651 1.61382e+06
652 1.61382e+06
653 1.61388e+06
654 1.61396e+06
655 1.614e+06
656 1.61406e+06
657 1.61411e+06
658 1.61411e+06
659 1.61411e+06
660 1.61413e+06
661 1.61417e+06
662 1.61418e+06
663 1.61419e+06
664 1.6143e+06
665 1.6143e+06
666 1.61432e+06
667 1.61437e+06
668 1.6144e+06
669 1.61446e+06
670 1.61447e+06
671 1.6145e+06
672 1.61451e+06
673 1.61464e+06
674 1.61466e+06
675 1.61472e+06
676 1.61482e+06
677 1.61494e+06
678 1.6151e+06
679 1.6151e+06
680 1.61521e+06
681 1.61528e+06
682 1.61535e+06
683 1.61535e+06
684 1.61544e+06
685 1.61544e+06
686 1.61549e+06
687 1.61554e+06
688 1.61563e+06
689 1.61564e+06
690 1.61564e+06
691 1.61574e+06
692 1.61581e+06
693 1.61588e+06
694 1.61592e+06
695 1.61593e+06
696 1.61595e+06
697 1.61606e+06
698 1.61614e+06
699 1.61625e+06
700 1.61634e+06
701 1.61636e+06
702 1.61649e+06
703 1.6165e+06
704 1.6165e+06
705 1.61657e+06
706 1.61665e+06
707 1.6167e+06
708 1.61672e+06
709 1.61678e+06
710 1.61689e+06
711 1.61691e+06
712 1.61701e+06
713 1.61708e+06
714 1.61713e+06
715 1.61727e+06
716 1.61735e+06
717 1.61751e+06
718 1.61754e+06
719 1.61755e+06
720 1.61758e+06
721 1.61773e+06
722 1.61797e+06
723 1.61806e+06
724 1.61819e+06
725 1.61823e+06
726 1.61824e+06
727 1.61829e+06
728 1.61839e+06
729 1.61843e+06
730 1.61848e+06
731 1.61859e+06
732 1.61863e+06
733 1.61868e+06
734 1.61888e+06
735 1.61892e+06
736 1.61896e+06
737 1.61899e+06
738 1.61905e+06
739 1.61916e+06
740 1.61918e+06
741 1.61923e+06
742 1.61928e+06
743 1.61929e+06
744 1.61937e+06
745 1.61939e+06
746 1.61939e+06
747 1.61948e+06
748 1.61971e+06
749 1.61974e+06
750 1.61979e+06
751 1.61986e+06
752 1.61993e+06
753 1.61995e+06
754 1.61999e+06
755 1.62001e+06
756 1.62004e+06
757 1.6201e+06
758 1.62014e+06
759 1.62017e+06
760 1.62022e+06
761 1.62024e+06
762 1.62031e+06
763 1.62033e+06
764 1.62047e+06
765 1.62047e+06
766 1.62048e+06
767 1.62062e+06
768 1.62065e+06
769 1.62081e+06
770 1.62086e+06
771 1.6209e+06
772 1.62093e+06
773 1.62105e+06
774 1.62104e+06
775 1.62109e+06
776 1.62114e+06
777 1.62113e+06
778 1.62121e+06
779 1.62126e+06
780 1.62129e+06
781 1.62133e+06
782 1.62134e+06
783 1.62151e+06
784 1.6216e+06
785 1.62172e+06
786 1.62172e+06
787 1.62174e+06
788 1.62175e+06
789 1.62175e+06
790 1.62184e+06
791 1.62191e+06
792 1.62191e+06
793 1.62194e+06
794 1.62195e+06
795 1.62197e+06
796 1.622e+06
797 1.62215e+06
798 1.62216e+06
799 1.62224e+06
800 1.62233e+06
801 1.62238e+06
802 1.62243e+06
803 1.62244e+06
804 1.62248e+06
805 1.62258e+06
806 1.62274e+06
807 1.62275e+06
808 1.62277e+06
809 1.62282e+06
810 1.62285e+06
811 1.62289e+06
812 1.62299e+06
813 1.62309e+06
814 1.62309e+06
815 1.62314e+06
816 1.6232e+06
817 1.6233e+06
818 1.62334e+06
819 1.62335e+06
820 1.6234e+06
821 1.62351e+06
822 1.62363e+06
823 1.62368e+06
824 1.6237e+06
825 1.6238e+06
826 1.62382e+06
827 1.62391e+06
828 1.62394e+06
829 1.62394e+06
830 1.62395e+06
831 1.62398e+06
832 1.62401e+06
833 1.62405e+06
834 1.62406e+06
835 1.62412e+06
836 1.62421e+06
837 1.62427e+06
838 1.62429e+06
839 1.62429e+06
840 1.62435e+06
841 1.62442e+06
842 1.62455e+06
843 1.62458e+06
844 1.62463e+06
845 1.62468e+06
846 1.62472e+06
847 1.62476e+06
848 1.62487e+06
849 1.62487e+06
850 1.62498e+06
851 1.62498e+06
852 1.62503e+06
853 1.62502e+06
854 1.62506e+06
855 1.62506e+06
856 1.6251e+06
857 1.6252e+06
858 1.62525e+06
859 1.62531e+06
860 1.62536e+06
861 1.62549e+06
862 1.62555e+06
863 1.62559e+06
864 1.62566e+06
865 1.62573e+06
866 1.62582e+06
867 1.62584e+06
868 1.62591e+06
869 1.62597e+06
870 1.62602e+06
871 1.62604e+06
872 1.62612e+06
873 1.62613e+06
874 1.62615e+06
875 1.62624e+06
876 1.62624e+06
877 1.62629e+06
878 1.62633e+06
879 1.62639e+06
880 1.62639e+06
881 1.62649e+06
882 1.62652e+06
883 1.62653e+06
884 1.62653e+06
885 1.62656e+06
886 1.62662e+06
887 1.62666e+06
888 1.62671e+06
889 1.62671e+06
890 1.62671e+06
891 1.62682e+06
892 1.62683e+06
893 1.62683e+06
894 1.62686e+06
895 1.62687e+06
896 1.62692e+06
897 1.62696e+06
898 1.627e+06
899 1.62704e+06
900 1.62707e+06
901 1.62714e+06
902 1.62717e+06
903 1.62728e+06
904 1.62744e+06
905 1.62757e+06
906 1.62757e+06
907 1.62757e+06
908 1.62758e+06
909 1.62763e+06
910 1.62772e+06
911 1.62776e+06
912 1.62785e+06
913 1.62791e+06
914 1.62797e+06
915 1.62797e+06
916 1.62801e+06
917 1.62802e+06
918 1.62807e+06
919 1.62808e+06
920 1.62811e+06
921 1.62811e+06
922 1.62818e+06
923 1.62819e+06
924 1.62832e+06
925 1.62835e+06
926 1.62838e+06
927 1.62858e+06
928 1.62861e+06
929 1.62865e+06
930 1.62866e+06
931 1.62876e+06
932 1.62879e+06
933 1.62878e+06
934 1.62878e+06
935 1.62878e+06
936 1.62879e+06
937 1.62885e+06
938 1.62901e+06
939 1.62914e+06
940 1.62913e+06
941 1.62916e+06
942 1.62923e+06
943 1.62928e+06
944 1.62932e+06
945 1.62935e+06
946 1.62939e+06
947 1.62948e+06
948 1.6295e+06
949 1.62955e+06
950 1.62958e+06
951 1.62976e+06
952 1.6298e+06
953 1.62984e+06
954 1.62988e+06
955 1.62989e+06
956 1.63003e+06
957 1.63009e+06
958 1.63012e+06
959 1.63019e+06
960 1.63029e+06
961 1.6303e+06
962 1.63035e+06
963 1.6304e+06
964 1.63042e+06
965 1.63053e+06
966 1.63069e+06
967 1.63074e+06
968 1.63076e+06
969 1.63081e+06
970 1.63086e+06
971 1.63088e+06
972 1.63088e+06
973 1.63102e+06
974 1.63102e+06
975 1.63106e+06
976 1.63111e+06
977 1.63114e+06
978 1.63122e+06
979 1.63122e+06
980 1.6313e+06
981 1.63142e+06
982 1.63147e+06
983 1.63147e+06
984 1.63147e+06
985 1.6315e+06
986 1.63154e+06
987 1.63163e+06
988 1.63168e+06
989 1.63175e+06
990 1.63178e+06
991 1.63179e+06
992 1.6318e+06
993 1.63191e+06
994 1.63191e+06
995 1.63198e+06
996 1.63205e+06
997 1.63206e+06
998 1.63207e+06
999 1.63206e+06
1000 1.63211e+06
