128 0.3 0.251
0 156776
1 1.56786e+06
2 1.56798e+06
3 1.56802e+06
4 1.56818e+06
5 1.56826e+06
6 1.56826e+06
7 1.56834e+06
8 1.56848e+06
9 1.56855e+06
10 1.5686e+06
11 1.56865e+06
12 1.56883e+06
13 1.5689e+06
14 1.56896e+06
15 1.56918e+06
16 1.56928e+06
17 1.56937e+06
18 1.56968e+06
19 1.56967e+06
20 1.56972e+06
21 1.56972e+06
22 1.56983e+06
23 1.56988e+06
24 1.57006e+06
25 1.57026e+06
26 1.57042e+06
27 1.57049e+06
28 1.57061e+06
29 1.57061e+06
30 1.57069e+06
31 1.57074e+06
32 1.5708e+06
33 1.57091e+06
34 1.57098e+06
35 1.57113e+06
36 1.57126e+06
37 1.57127e+06
38 1.57131e+06
39 1.57131e+06
40 1.57139e+06
41 1.57147e+06
42 1.57158e+06
43 1.5716e+06
44 1.57172e+06
45 1.57183e+06
46 1.57208e+06
47 1.57221e+06
48 1.57233e+06
49 1.57236e+06
50 1.57237e+06
51 1.57247e+06
52 1.57258e+06
53 1.57264e+06
54 1.57265e+06
55 1.57272e+06
56 1.57272e+06
57 1.5728e+06
58 1.57281e+06
59 1.57296e+06
60 1.57318e+06
61 1.57329e+06
62 1.57335e+06
63 1.57344e+06
64 1.57348e+06
65 1.57352e+06
66 1.5736e+06
67 1.57372e+06
68 1.5738e+06
69 1.57386e+06
70 1.57394e+06
71 1.57405e+06
72 1.57411e+06
73 1.57428e+06
74 1.5744e+06
75 1.57445e+06
76 1.57451e+06
77 1.57466e+06
78 1.57476e+06
79 1.57482e+06
80 1.57492e+06
81 1.57506e+06
82 1.57524e+06
83 1.57528e+06
84 1.57528e+06
85 1.57531e+06
86 1.57531e+06
87 1.57559e+06
88 1.57568e+06
89 1.57585e+06
90 1.57588e+06
91 1.57594e+06
92 1.57602e+06
93 1.57609e+06
94 1.57618e+06
95 1.57626e+06
96 1.57637e+06
97 1.57641e+06
98 1.57655e+06
99 1.57668e+06
100 1.57674e+06
101 1.57683e+06
102 1.57688e+06
103 1.57694e+06
104 1.57706e+06
105 1.57714e+06
106 1.57724e+06
107 1.57724e+06
108 1.57739e+06
109 1.57756e+06
110 1.5776e+06
111 1.57763e+06
112 1.57771e+06
113 1.57772e+06
114 1.57778e+06
115 1.5778e+06
116 1.5779e+06
117 1.57792e+06
118 1.57801e+06
119 1.57805e+06
120 1.5781e+06
121 1.57824e+06
122 1.57826e+06
123 1.57832e+06
124 1.57844e+06
125 1.5785e+06
126 1.57861e+06
127 1.57877e+06
128 1.57893e+06
129 1.57896e+06
130 1.57909e+06
131 1.5792e+06
132 1.57926e+06
133 1.57932e+06
134 1.5794e+06
135 1.57951e+06
136 1.57953e+06
137 1.57965e+06
138 1.57982e+06
139 1.57993e+06
140 1.58009e+06
141 1.58013e+06
142 1.58022e+06
143 1.5803e+06
144 1.58042e+06
145 1.58052e+06
146 1.58059e+06
147 1.58073e+06
148 1.5808e+06
149 1.58087e+06
150 1.58094e+06
151 1.58095e+06
152 1.58102e+06
153 1.58108e+06
154 1.58111e+06
155 1.58116e+06
156 1.58117e+06
157 1.58129e+06
158 1.58131e+06
159 1.58139e+06
160 1.5815e+06
161 1.58159e+06
162 1.58174e+06
163 1.58181e+06
164 1.58183e+06
165 1.58191e+06
166 1.58197e+06
167 1.58207e+06
168 1.58209e+06
169 1.5823e+06
170 1.5823e+06
171 1.58241e+06
172 1.58248e+06
173 1.58254e+06
174 1.58256e+06
175 1.5826e+06
176 1.58271e+06
177 1.58278e+06
178 1.58282e+06
179 1.58294e+06
180 1.58296e+06
181 1.58299e+06
182 1.583e+06
183 1.58318e+06
184 1.58338e+06
185 1.58354e+06
186 1.58366e+06
187 1.58368e+06
188 1.58373e+06
189 1.58395e+06
190 1.58403e+06
191 1.58417e+06
192 1.5842e+06
193 1.58433e+06
194 1.58438e+06
195 1.58447e+06
196 1.58454e+06
197 1.5846e+06
198 1.58471e+06
199 1.58476e+06
200 1.58489e+06
201 1.58497e+06
202 1.58507e+06
203 1.58529e+06
204 1.5853e+06
205 1.58539e+06
206 1.58546e+06
207 1.58556e+06
208 1.58558e+06
209 1.58569e+06
210 1.58573e+06
211 1.58587e+06
212 1.58592e+06
213 1.58602e+06
214 1.58604e+06
215 1.58609e+06
216 1.58618e+06
217 1.58624e+06
218 1.58626e+06
219 1.58628e+06
220 1.58637e+06
221 1.58646e+06
222 1.58658e+06
223 1.5866e+06
224 1.58668e+06
225 1.58676e+06
226 1.58683e+06
227 1.58694e+06
228 1.58697e+06
229 1.58704e+06
230 1.58705e+06
231 1.58714e+06
232 1.58722e+06
233 1.58722e+06
234 1.58733e+06
235 1.58738e+06
236 1.58738e+06
237 1.58742e+06
238 1.58767e+06
239 1.58768e+06
240 1.58779e+06
241 1.58787e+06
242 1.58791e+06
243 1.58808e+06
244 1.58817e+06
245 1.58829e+06
246 1.58836e+06
247 1.5884e+06
248 1.58848e+06
249 1.58855e+06
250 1.58867e+06
251 1.58873e+06
252 1.58886e+06
253 1.58887e+06
254 1.58896e+06
255 1.58903e+06
256 1.58909e+06
257 1.58918e+06
258 1.58926e+06
259 1.5893e+06
260 1.5894e+06
261 1.58941e+06
262 1.58951e+06
263 1.58961e+06
264 1.58971e+06
265 1.58976e+06
266 1.58983e+06
267 1.58993e+06
268 1.59012e+06
269 1.59019e+06
270 1.5903e+06
271 1.59046e+06
272 1.59057e+06
273 1.59065e+06
274 1.59065e+06
275 1.59073e+06
276 1.59081e+06
277 1.59091e+06
278 1.59099e+06
279 1.59106e+06
280 1.59114e+06
281 1.59117e+06
282 1.59121e+06
283 1.59129e+06
284 1.59136e+06
285 1.59138e+06
286 1.59157e+06
287 1.59171e+06
288 1.59174e+06
289 1.59183e+06
290 1.59187e+06
291 1.59201e+06
292 1.59222e+06
293 1.59225e+06
294 1.59238e+06
295 1.5924e+06
296 1.5925e+06
297 1.59256e+06
298 1.59262e+06
299 1.59262e+06
300 1.59265e+06
301 1.5927e+06
302 1.59272e+06
303 1.59276e+06
304 1.5928e+06
305 1.59286e+06
306 1.59304e+06
307 1.59314e+06
308 1.59318e+06
309 1.59327e+06
310 1.59341e+06
311 1.5935e+06
312 1.59359e+06
313 1.59373e+06
314 1.59382e+06
315 1.59382e+06
316 1.59385e+06
317 1.59387e+06
318 1.59397e+06
319 1.59402e+06
320 1.59404e+06
321 1.59408e+06
322 1.59411e+06
323 1.59422e+06
324 1.59431e+06
325 1.59435e+06
326 1.59443e+06
327 1.59448e+06
328 1.5945e+06
329 1.5946e+06
330 1.59466e+06
331 1.59474e+06
332 1.59476e+06
333 1.59483e+06
334 1.59492e+06
335 1.59496e+06
336 1.59505e+06
337 1.59513e+06
338 1.59518e+06
339 1.5953e+06
340 1.59532e+06
341 1.59536e+06
342 1.59538e+06
343 1.59546e+06
344 1.59552e+06
345 1.59561e+06
346 1.59563e+06
347 1.59571e+06
348 1.59577e+06
349 1.59587e+06
350 1.59597e+06
351 1.59605e+06
352 1.5961e+06
353 1.59611e+06
354 1.59611e+06
355 1.59611e+06
356 1.59623e+06
357 1.59626e+06
358 1.5963e+06
359 1.59632e+06
360 1.59637e+06
361 1.59656e+06
362 1.59663e+06
363 1.59674e+06
364 1.59688e+06
365 1.59692e+06
366 1.59692e+06
367 1.59704e+06
368 1.59714e+06
369 1.5972e+06
370 1.59723e+06
371 1.59731e+06
372 1.59733e+06
373 1.59742e+06
374 1.59749e+06
375 1.59751e+06
376 1.59752e+06
377 1.5976e+06
378 1.59765e+06
379 1.59765e+06
380 1.59775e+06
381 1.59775e+06
382 1.59781e+06
383 1.59791e+06
384 1.59791e+06
385 1.59795e+06
386 1.598e+06
387 1.59806e+06
388 1.59813e+06
389 1.59815e+06
390 1.59816e+06
391 1.59828e+06
392 1.59841e+06
393 1.59843e+06
394 1.59843e+06
395 1.59853e+06
396 1.59854e+06
397 1.59858e+06
398 1.59864e+06
399 1.5987e+06
400 1.5987e+06
401 1.5987e+06
402 1.59871e+06
403 1.59882e+06
404 1.59895e+06
405 1.59902e+06
406 1.59911e+06
407 1.5993e+06
408 1.59944e+06
409 1.59951e+06
410 1.59962e+06
411 1.59967e+06
412 1.59971e+06
413 1.5998e+06
414 1.59991e+06
415 1.59997e+06
416 1.6e+06
417 1.60004e+06
418 1.60012e+06
419 1.60019e+06
420 1.60032e+06
421 1.60034e+06
422 1.60053e+06
423 1.60057e+06
424 1.60073e+06
425 1.60085e+06
426 1.60086e+06
427 1.60093e+06
428 1.60101e+06
429 1.60101e+06
430 1.60111e+06
431 1.60125e+06
432 1.60132e+06
433 1.60139e+06
434 1.6015e+06
435 1.60158e+06
436 1.60164e+06
437 1.60181e+06
438 1.60192e+06
439 1.602e+06
440 1.6021e+06
441 1.60222e+06
442 1.60223e+06
443 1.6023e+06
444 1.60233e+06
445 1.60236e+06
446 1.60244e+06
447 1.60251e+06
448 1.60254e+06
449 1.60258e+06
450 1.60265e+06
451 1.60282e+06
452 1.60283e+06
453 1.60289e+06
454 1.60295e+06
455 1.60302e+06
456 1.60309e+06
457 1.60312e+06
458 1.60314e+06
459 1.60316e+06
460 1.60336e+06
461 1.60347e+06
462 1.60354e+06
463 1.60356e+06
464 1.60362e+06
465 1.60367e+06
466 1.60368e+06
467 1.60368e+06
468 1.60379e+06
469 1.60387e+06
470 1.60391e+06
471 1.60396e+06
472 1.6041e+06
473 1.60423e+06
474 1.6043e+06
475 1.60433e+06
476 1.60437e+06
477 1.60438e+06
478 1.60441e+06
479 1.60445e+06
480 1.60447e+06
481 1.60452e+06
482 1.60452e+06
483 1.60455e+06
484 1.60461e+06
485 1.60461e+06
486 1.6047e+06
487 1.60477e+06
488 1.60484e+06
489 1.60489e+06
490 1.60491e+06
491 1.60495e+06
492 1.60512e+06
493 1.60522e+06
494 1.60529e+06
495 1.60535e+06
496 1.60536e+06
497 1.60546e+06
498 1.60558e+06
499 1.6057e+06
500 1.60576e+06
501 1.60582e+06
502 1.60588e+06
503 1.60601e+06
504 1.6061e+06
505 1.60613e+06
506 1.60621e+06
507 1.60627e+06
508 1.60639e+06
509 1.60641e+06
510 1.60643e+06
511 1.60642e+06
512 1.60646e+06
513 1.60652e+06
514 1.6066e+06
515 1.60663e+06
516 1.60674e+06
517 1.60679e+06
518 1.60684e+06
519 1.60689e+06
520 1.60692e+06
521 1.607e+06
522 1.60704e+06
523 1.60712e+06
524 1.60723e+06
525 1.60722e+06
526 1.60729e+06
527 1.60733e+06
528 1.6074e+06
529 1.60742e+06
530 1.60745e+06
531 1.60747e+06
532 1.60753e+06
533 1.60752e+06
534 1.60758e+06
535 1.60766e+06
536 1.60772e+06
537 1.60775e+06
538 1.60776e+06
539 1.60779e+06
540 1.60786e+06
541 1.6079e+06
542 1.608e+06
543 1.60804e+06
544 1.60804e+06
545 1.60808e+06
546 1.6081e+06
547 1.60813e+06
548 1.60819e+06
549 1.6082e+06
550 1.60824e+06
551 1.60834e+06
552 1.60839e+06
553 1.60839e+06
554 1.60847e+06
555 1.6085e+06
556 1.6086e+06
557 1.60867e+06
558 1.60874e+06
559 1.60887e+06
560 1.60887e+06
561 1.60893e+06
562 1.60897e+06
563 1.60904e+06
564 1.60914e+06
565 1.60921e+06
566 1.60922e+06
567 1.60927e+06
568 1.60933e+06
569 1.60933e+06
570 1.60945e+06
571 1.6095e+06
572 1.60954e+06
573 1.60961e+06
574 1.60963e+06
575 1.60967e+06
576 1.60969e+06
577 1.60969e+06
578 1.60969e+06
579 1.60971e+06
580 1.60972e+06
581 1.60978e+06
582 1.60983e+06
583 1.60986e+06
584 1.60997e+06
585 1.61009e+06
586 1.61012e+06
587 1.61019e+06
588 1.61027e+06
589 1.61038e+06
590 1.61044e+06
591 1.61043e+06
592 1.61049e+06
593 1.61054e+06
594 1.61059e+06
595 1.61068e+06
596 1.61072e+06
597 1.61089e+06
598 1.61096e+06
599 1.611e+06
600 1.61114e+06
601 1.61126e+06
602 1.61132e+06
603 1.6114e+06
604 1.61146e+06
605 1.61157e+06
606 1.61162e+06
607 1.61166e+06
608 1.61167e+06
609 1.61176e+06
610 1.6119e+06
611 1.61196e+06
612 1.61202e+06
613 1.61205e+06
614 1.61211e+06
615 1.61215e+06
616 1.61218e+06
617 1.61233e+06
618 1.6124e+06
619 1.61245e+06
620 1.61248e+06
621 1.61254e+06
622 1.61259e+06
623 1.61268e+06
624 1.6128e+06
625 1.61287e+06
626 1.61296e+06
627 1.61301e+06
628 1.61302e+06
629 1.61305e+06
630 1.61308e+06
631 1.61315e+06
632 1.61324e+06
633 1.61325e+06
634 1.6133e+06
635 1.61334e+06
636 1.61338e+06
637 1.61342e+06
638 1.61348e+06
639 1.61366e+06
640 1.61369e+06
641 1.61383e+06
642 1.61392e+06
643 1.61399e+06
644 1.61407e+06
645 1.61412e+06
646 1.61416e+06
647 1.61422e+06
648 1.61427e+06
649 1.61438e+06
650 1.61442e+06
651 1.61453e+06
652 1.61454e+06
653 1.61456e+06
654 1.61458e+06
655 1.61461e+06
656 1.61467e+06
657 1.6147e+06
658 1.61476e+06
659 1.61485e+06
660 1.61496e+06
661 1.61499e+06
662 1.61503e+06
663 1.61504e+06
664 1.61504e+06
665 1.61506e+06
666 1.61516e+06
667 1.61521e+06
668 1.61531e+06
669 1.61534e+06
670 1.61536e+06
671 1.61539e+06
672 1.6155e+06
673 1.61558e+06
674 1.61563e+06
675 1.61572e+06
676 1.61581e+06
677 1.61583e+06
678 1.61586e+06
679 1.61609e+06
680 1.61613e+06
681 1.61624e+06
682 1.61626e+06
683 1.61627e+06
684 1.6163e+06
685 1.61634e+06
686 1.61644e+06
687 1.61647e+06
688 1.61656e+06
689 1.61659e+06
690 1.61668e+06
691 1.61677e+06
692 1.61681e+06
693 1.61695e+06
694 1.6171e+06
695 1.61714e+06
696 1.61717e+06
697 1.61728e+06
698 1.61735e+06
699 1.61744e+06
700 1.61754e+06
701 1.61759e+06
702 1.61759e+06
703 1.61759e+06
704 1.6177e+06
705 1.61774e+06
706 1.61775e+06
707 1.61786e+06
708 1.61787e+06
709 1.61796e+06
710 1.61802e+06
711 1.61807e+06
712 1.61819e+06
713 1.61824e+06
714 1.61824e+06
715 1.61826e+06
716 1.61829e+06
717 1.61829e+06
718 1.61832e+06
719 1.61833e+06
720 1.61834e+06
721 1.61836e+06
722 1.61847e+06
723 1.61858e+06
724 1.61866e+06
725 1.61873e+06
726 1.61878e+06
727 1.61878e+06
728 1.61882e+06
729 1.61882e+06
730 1.61889e+06
731 1.61893e+06
732 1.61904e+06
733 1.61904e+06
734 1.61907e+06
735 1.61915e+06
736 1.6192e+06
737 1.61923e+06
738 1.61924e+06
739 1.61927e+06
740 1.61929e+06
741 1.61932e+06
742 1.61938e+06
743 1.6194e+06
744 1.61946e+06
745 1.61952e+06
746 1.61956e+06
747 1.61958e+06
748 1.61958e+06
749 1.61962e+06
750 1.61967e+06
751 1.61974e+06
752 1.61979e+06
753 1.61986e+06
754 1.62001e+06
755 1.62004e+06
756 1.62012e+06
757 1.6202e+06
758 1.62026e+06
759 1.62028e+06
760 1.62028e+06
761 1.62036e+06
762 1.62039e+06
763 1.62045e+06
764 1.6205e+06
765 1.62054e+06
766 1.62063e+06
767 1.62068e+06
768 1.6207e+06
769 1.62088e+06
770 1.62098e+06
771 1.62099e+06
772 1.62104e+06
773 1.62107e+06
774 1.62115e+06
775 1.62125e+06
776 1.62128e+06
777 1.62144e+06
778 1.6215e+06
779 1.62154e+06
780 1.62156e+06
781 1.62168e+06
782 1.62171e+06
783 1.6218e+06
784 1.62184e+06
785 1.6219e+06
786 1.62202e+06
787 1.62215e+06
788 1.62222e+06
789 1.6223e+06
790 1.6223e+06
791 1.62236e+06
792 1.6224e+06
793 1.6224e+06
794 1.62241e+06
795 1.62251e+06
796 1.62251e+06
797 1.62255e+06
798 1.62256e+06
799 1.62261e+06
800 1.62266e+06
801 1.62274e+06
802 1.62275e+06
803 1.62275e+06
804 1.62283e+06
805 1.62297e+06
806 1.62304e+06
807 1.62304e+06
808 1.62317e+06
809 1.62323e+06
810 1.62339e+06
811 1.62343e+06
812 1.62348e+06
813 1.62351e+06
814 1.62358e+06
815 1.62359e+06
816 1.62371e+06
817 1.62386e+06
818 1.62392e+06
819 1.62397e+06
820 1.62397e+06
821 1.62404e+06
822 1.62409e+06
823 1.6241e+06
824 1.62413e+06
825 1.62418e+06
826 1.62431e+06
827 1.62437e+06
828 1.62437e+06
829 1.62445e+06
830 1.62447e+06
831 1.62452e+06
832 1.62452e+06
833 1.62455e+06
834 1.62471e+06
835 1.6248e+06
836 1.62484e+06
837 1.62483e+06
838 1.62484e+06
839 1.62487e+06
840 1.62493e+06
841 1.62499e+06
842 1.62504e+06
843 1.62514e+06
844 1.62518e+06
845 1.62518e+06
846 1.6252e+06
847 1.62525e+06
848 1.62525e+06
849 1.62527e+06
850 1.62529e+06
851 1.62533e+06
852 1.62536e+06
853 1.62536e+06
854 1.62544e+06
855 1.62557e+06
856 1.62562e+06
857 1.62568e+06
858 1.62578e+06
859 1.62578e+06
860 1.62583e+06
861 1.62584e+06
862 1.62593e+06
863 1.62598e+06
864 1.62601e+06
865 1.62612e+06
866 1.62617e+06
867 1.62626e+06
868 1.62636e+06
869 1.6264e+06
870 1.62645e+06
871 1.62652e+06
872 1.62652e+06
873 1.62654e+06
874 1.6266e+06
875 1.62664e+06
876 1.62667e+06
877 1.62675e+06
878 1.62678e+06
879 1.62679e+06
880 1.62687e+06
881 1.62695e+06
882 1.62696e+06
883 1.62702e+06
884 1.62707e+06
885 1.62711e+06
886 1.62712e+06
887 1.62718e+06
888 1.62719e+06
889 1.62724e+06
890 1.62731e+06
891 1.62738e+06
892 1.62739e+06
893 1.62748e+06
894 1.6275e+06
895 1.6275e+06
896 1.62756e+06
897 1.62759e+06
898 1.62762e+06
899 1.62769e+06
900 1.6277e+06
901 1.62774e+06
902 1.6278e+06
903 1.6278e+06
904 1.62781e+06
905 1.62788e+06
906 1.62789e+06
907 1.62788e+06
908 1.6279e+06
909 1.6279e+06
910 1.6279e+06
911 1.628e+06
912 1.628e+06
913 1.628e+06
914 1.62804e+06
915 1.62808e+06
916 1.62813e+06
917 1.62827e+06
918 1.6283e+06
919 1.62835e+06
920 1.62835e+06
921 1.6284e+06
922 1.62842e+06
923 1.62842e+06
924 1.62849e+06
925 1.62856e+06
926 1.62861e+06
927 1.62867e+06
928 1.62876e+06
929 1.62884e+06
930 1.62887e+06
931 1.62893e+06
932 1.62893e+06
933 1.62894e+06
934 1.62901e+06
935 1.62904e+06
936 1.62908e+06
937 1.62912e+06
938 1.62912e+06
939 1.62918e+06
940 1.62925e+06
941 1.62935e+06
942 1.62939e+06
943 1.62939e+06
944 1.6295e+06
945 1.62958e+06
946 1.62965e+06
947 1.62968e+06
948 1.62969e+06
949 1.62972e+06
950 1.62972e+06
951 1.62974e+06
952 1.62974e+06
953 1.62984e+06
954 1.62988e+06
955 1.62992e+06
956 1.62994e+06
957 1.62999e+06
958 1.63013e+06
959 1.63029e+06
960 1.63034e+06
961 1.63042e+06
962 1.63049e+06
963 1.63059e+06
964 1.6306e+06
965 1.63061e+06
966 1.63063e+06
967 1.63063e+06
968 1.63065e+06
969 1.63065e+06
970 1.6307e+06
971 1.63071e+06
972 1.63073e+06
973 1.63087e+06
974 1.63096e+06
975 1.63099e+06
976 1.63107e+06
977 1.63107e+06
978 1.63107e+06
979 1.63111e+06
980 1.63119e+06
981 1.63125e+06
982 1.63129e+06
983 1.63132e+06
984 1.63133e+06
985 1.63146e+06
986 1.63153e+06
987 1.63153e+06
988 1.63157e+06
989 1.63171e+06
990 1.63173e+06
991 1.63174e+06
992 1.63184e+06
993 1.63184e+06
994 1.63187e+06
995 1.63193e+06
996 1.63194e+06
997 1.63201e+06
998 1.63204e+06
999 1.63205e+06
1000 1.6321e+06
