128 0.3 0.213
0 156776
1 1.56794e+06
2 1.56796e+06
3 1.56809e+06
4 1.56832e+06
5 1.56836e+06
6 1.56843e+06
7 1.56852e+06
8 1.56864e+06
9 1.5687e+06
10 1.56887e+06
11 1.569e+06
12 1.56909e+06
13 1.56921e+06
14 1.56933e+06
15 1.56946e+06
16 1.5696e+06
17 1.5696e+06
18 1.56976e+06
19 1.56989e+06
20 1.57009e+06
21 1.57012e+06
22 1.57027e+06
23 1.57028e+06
24 1.57034e+06
25 1.57062e+06
26 1.57064e+06
27 1.57068e+06
28 1.57077e+06
29 1.57082e+06
30 1.57085e+06
31 1.57084e+06
32 1.57092e+06
33 1.571e+06
34 1.57105e+06
35 1.5712e+06
36 1.57127e+06
37 1.57135e+06
38 1.57147e+06
39 1.57149e+06
40 1.57157e+06
41 1.57159e+06
42 1.57161e+06
43 1.57181e+06
44 1.57183e+06
45 1.57225e+06
46 1.57227e+06
47 1.57239e+06
48 1.57242e+06
49 1.5727e+06
50 1.57286e+06
51 1.57295e+06
52 1.57306e+06
53 1.57308e+06
54 1.57316e+06
55 1.57319e+06
56 1.5734e+06
57 1.57344e+06
58 1.57348e+06
59 1.57351e+06
60 1.57359e+06
61 1.5736e+06
62 1.57362e+06
63 1.57366e+06
64 1.57382e+06
65 1.57385e+06
66 1.57386e+06
67 1.5739e+06
68 1.57406e+06
69 1.57415e+06
70 1.57426e+06
71 1.57441e+06
72 1.57444e+06
73 1.57464e+06
74 1.57467e+06
75 1.57468e+06
76 1.57476e+06
77 1.57489e+06
78 1.57502e+06
79 1.57509e+06
80 1.57527e+06
81 1.57529e+06
82 1.57544e+06
83 1.57549e+06
84 1.57555e+06
85 1.5757e+06
86 1.57574e+06
87 1.5758e+06
88 1.57589e+06
89 1.57606e+06
90 1.57608e+06
91 1.5761e+06
92 1.57616e+06
93 1.57627e+06
94 1.57633e+06
95 1.5764e+06
96 1.57644e+06
97 1.57659e+06
98 1.57669e+06
99 1.57674e+06
100 1.57683e+06
101 1.57699e+06
102 1.57708e+06
103 1.57714e+06
104 1.57725e+06
105 1.57728e+06
106 1.57737e+06
107 1.57747e+06
108 1.57753e+06
109 1.57752e+06
110 1.57761e+06
111 1.57767e+06
112 1.57774e+06
113 1.57785e+06
114 1.57794e+06
115 1.57804e+06
116 1.57812e+06
117 1.57816e+06
118 1.5782e+06
119 1.57826e+06
120 1.57836e+06
121 1.5784e+06
122 1.5785e+06
123 1.5788e+06
124 1.57889e+06
125 1.57903e+06
126 1.57909e+06
127 1.57917e+06
128 1.57929e+06
129 1.57938e+06
130 1.57951e+06
131 1.57956e+06
132 1.57964e+06
133 1.57968e+06
134 1.57977e+06
135 1.5798e+06
136 1.57996e+06
137 1.58009e+06
138 1.58019e+06
139 1.58023e+06
140 1.5803e+06
141 1.58049e+06
142 1.58059e+06
143 1.58064e+06
144 1.58073e+06
145 1.58078e+06
146 1.58079e+06
147 1.58099e+06
148 1.58111e+06
149 1.58128e+06
150 1.58133e+06
151 1.58138e+06
152 1.58153e+06
153 1.5817e+06
154 1.58172e+06
155 1.5818e+06
156 1.58186e+06
157 1.58188e+06
158 1.58191e+06
159 1.58193e+06
160 1.582e+06
161 1.58212e+06
162 1.58214e+06
163 1.58237e+06
164 1.58242e+06
165 1.58247e+06
166 1.58252e+06
167 1.58259e+06
168 1.58264e+06
169 1.58268e+06
170 1.5828e+06
171 1.58292e+06
172 1.58295e+06
173 1.58303e+06
174 1.58315e+06
175 1.58319e+06
176 1.58335e+06
177 1.5837e+06
178 1.58383e+06
179 1.58394e+06
180 1.58404e+06
181 1.5841e+06
182 1.58416e+06
183 1.5842e+06
184 1.58426e+06
185 1.58429e+06
186 1.58439e+06
187 1.58446e+06
188 1.58457e+06
189 1.58462e+06
190 1.58472e+06
191 1.58479e+06
192 1.58493e+06
193 1.58498e+06
194 1.58508e+06
195 1.58512e+06
196 1.58517e+06
197 1.5853e+06
198 1.58531e+06
199 1.58538e+06
200 1.58546e+06
201 1.58554e+06
202 1.58554e+06
203 1.58556e+06
204 1.58562e+06
205 1.58572e+06
206 1.58586e+06
207 1.58588e+06
208 1.58597e+06
209 1.58601e+06
210 1.58608e+06
211 1.58615e+06
212 1.58621e+06
213 1.58639e+06
214 1.58646e+06
215 1.58646e+06
216 1.58668e+06
217 1.58674e+06
218 1.58682e+06
219 1.58691e+06
220 1.58697e+06
221 1.58699e+06
222 1.58708e+06
223 1.58714e+06
224 1.58718e+06
225 1.58728e+06
226 1.58735e+06
227 1.58742e+06
228 1.58752e+06
229 1.58754e+06
230 1.58772e+06
231 1.58786e+06
232 1.58786e+06
233 1.5879e+06
234 1.58799e+06
235 1.5881e+06
236 1.58815e+06
237 1.58832e+06
238 1.58837e+06
239 1.58838e+06
240 1.58844e+06
241 1.58848e+06
242 1.58861e+06
243 1.58865e+06
244 1.58864e+06
245 1.58894e+06
246 1.58899e+06
247 1.58913e+06
248 1.58922e+06
249 1.58924e+06
250 1.58927e+06
251 1.58937e+06
252 1.58948e+06
253 1.58961e+06
254 1.58962e+06
255 1.58971e+06
256 1.58971e+06
257 1.58983e+06
258 1.58995e+06
259 1.58996e+06
260 1.59005e+06
261 1.59008e+06
262 1.59023e+06
263 1.59026e+06
264 1.59033e+06
265 1.59045e+06
266 1.59046e+06
267 1.59052e+06
268 1.59063e+06
269 1.59069e+06
270 1.59072e+06
271 1.59076e+06
272 1.59082e+06
273 1.591e+06
274 1.59112e+06
275 1.59114e+06
276 1.59114e+06
277 1.59122e+06
278 1.59123e+06
279 1.59127e+06
280 1.59138e+06
281 1.59145e+06
282 1.59148e+06
283 1.59154e+06
284 1.59156e+06
285 1.5916e+06
286 1.59163e+06
287 1.59162e+06
288 1.5917e+06
289 1.59176e+06
290 1.59176e+06
291 1.59178e+06
292 1.59182e+06
293 1.59183e+06
294 1.59192e+06
295 1.592e+06
296 1.59201e+06
297 1.59201e+06
298 1.59206e+06
299 1.5921e+06
300 1.59227e+06
301 1.59228e+06
302 1.5923e+06
303 1.59236e+06
304 1.59243e+06
305 1.59244e+06
306 1.59248e+06
307 1.5925e+06
308 1.59263e+06
309 1.5927e+06
310 1.59273e+06
311 1.59283e+06
312 1.59293e+06
313 1.59297e+06
314 1.59301e+06
315 1.59302e+06
316 1.59301e+06
317 1.59316e+06
318 1.59331e+06
319 1.59336e+06
320 1.5934e+06
321 1.59356e+06
322 1.5936e+06
323 1.59364e+06
324 1.59366e+06
325 1.59372e+06
326 1.5938e+06
327 1.59385e+06
328 1.59387e+06
329 1.5939e+06
330 1.59399e+06
331 1.59401e+06
332 1.59405e+06
333 1.59413e+06
334 1.59419e+06
335 1.59426e+06
336 1.59446e+06
337 1.59447e+06
338 1.59454e+06
339 1.59456e+06
340 1.59462e+06
341 1.59466e+06
342 1.59467e+06
343 1.59474e+06
344 1.59483e+06
345 1.59489e+06
346 1.59493e+06
347 1.59504e+06
348 1.59509e+06
349 1.59513e+06
350 1.59519e+06
351 1.5952e+06
352 1.59524e+06
353 1.59527e+06
354 1.59529e+06
355 1.5954e+06
356 1.59547e+06
357 1.59555e+06
358 1.59564e+06
359 1.59571e+06
360 1.59575e+06
361 1.59577e+06
362 1.59584e+06
363 1.59589e+06
364 1.59595e+06
365 1.59605e+06
366 1.59609e+06
367 1.59628e+06
368 1.5963e+06
369 1.59633e+06
370 1.59634e+06
371 1.59646e+06
372 1.59658e+06
373 1.59662e+06
374 1.59667e+06
375 1.59669e+06
376 1.5967e+06
377 1.59684e+06
378 1.59685e+06
379 1.59687e+06
380 1.59703e+06
381 1.59712e+06
382 1.59713e+06
383 1.59713e+06
384 1.59718e+06
385 1.59728e+06
386 1.59736e+06
387 1.59748e+06
388 1.5975e+06
389 1.59762e+06
390 1.59773e+06
391 1.59774e+06
392 1.59783e+06
393 1.59793e+06
394 1.59808e+06
395 1.59808e+06
396 1.5981e+06
397 1.59819e+06
398 1.59829e+06
399 1.59839e+06
400 1.59846e+06
401 1.59863e+06
402 1.59871e+06
403 1.59876e+06
404 1.59886e+06
405 1.59894e+06
406 1.59903e+06
407 1.59912e+06
408 1.59919e+06
409 1.59928e+06
410 1.59933e+06
411 1.59938e+06
412 1.59938e+06
413 1.59939e+06
414 1.59952e+06
415 1.59959e+06
416 1.59966e+06
417 1.59972e+06
418 1.59973e+06
419 1.59979e+06
420 1.59982e+06
421 1.5999e+06
422 1.59993e+06
423 1.60002e+06
424 1.60003e+06
425 1.60008e+06
426 1.60013e+06
427 1.60025e+06
428 1.60036e+06
429 1.60042e+06
430 1.60043e+06
431 1.60047e+06
432 1.60049e+06
433 1.60061e+06
434 1.60064e+06
435 1.60065e+06
436 1.6007e+06
437 1.60071e+06
438 1.60071e+06
439 1.60078e+06
440 1.6008e+06
441 1.60091e+06
442 1.60097e+06
443 1.60104e+06
444 1.60115e+06
445 1.60125e+06
446 1.60125e+06
447 1.60124e+06
448 1.60124e+06
449 1.60131e+06
450 1.60134e+06
451 1.60134e+06
452 1.60139e+06
453 1.60151e+06
454 1.60153e+06
455 1.60155e+06
456 1.60159e+06
457 1.6016e+06
458 1.60164e+06
459 1.60166e+06
460 1.60176e+06
461 1.60186e+06
462 1.6019e+06
463 1.60198e+06
464 1.602e+06
465 1.60205e+06
466 1.60204e+06
467 1.60213e+06
468 1.60215e+06
469 1.60225e+06
470 1.6024e+06
471 1.60244e+06
472 1.60247e+06
473 1.60247e+06
474 1.60254e+06
475 1.60256e+06
476 1.60265e+06
477 1.60266e+06
478 1.6028e+06
479 1.60283e+06
480 1.60288e+06
481 1.60293e+06
482 1.60301e+06
483 1.60318e+06
484 1.60326e+06
485 1.60329e+06
486 1.6033e+06
487 1.60332e+06
488 1.6035e+06
489 1.60357e+06
490 1.60367e+06
491 1.60377e+06
492 1.60384e+06
493 1.6039e+06
494 1.60395e+06
495 1.60408e+06
496 1.60415e+06
497 1.60428e+06
498 1.60432e+06
499 1.60436e+06
500 1.6044e+06
501 1.6045e+06
502 1.60453e+06
503 1.6046e+06
504 1.60472e+06
505 1.60478e+06
506 1.60478e+06
507 1.60482e+06
508 1.60484e+06
509 1.60495e+06
510 1.60495e+06
511 1.60499e+06
512 1.60499e+06
513 1.60506e+06
514 1.60509e+06
515 1.60514e+06
516 1.60515e+06
517 1.60515e+06
518 1.60521e+06
519 1.60528e+06
520 1.60538e+06
521 1.6054e+06
522 1.60543e+06
523 1.60544e+06
524 1.60551e+06
525 1.60553e+06
526 1.60566e+06
527 1.60568e+06
528 1.60572e+06
529 1.6058e+06
530 1.60584e+06
531 1.60594e+06
532 1.60603e+06
533 1.60605e+06
534 1.60609e+06
535 1.60617e+06
536 1.60619e+06
537 1.60628e+06
538 1.60635e+06
539 1.60644e+06
540 1.60648e+06
541 1.60647e+06
542 1.60659e+06
543 1.60661e+06
544 1.60664e+06
545 1.60667e+06
546 1.60672e+06
547 1.60675e+06
548 1.60679e+06
549 1.60682e+06
550 1.60702e+06
551 1.60706e+06
552 1.60721e+06
553 1.60725e+06
554 1.60729e+06
555 1.60732e+06
556 1.60743e+06
557 1.6076e+06
558 1.60759e+06
559 1.60761e+06
560 1.60764e+06
561 1.60767e+06
562 1.60769e+06
563 1.60777e+06
564 1.60775e+06
565 1.60776e+06
566 1.60783e+06
567 1.60788e+06
568 1.60791e+06
569 1.60792e+06
570 1.60803e+06
571 1.60805e+06
572 1.60822e+06
573 1.60828e+06
574 1.60832e+06
575 1.6084e+06
576 1.60856e+06
577 1.60857e+06
578 1.60864e+06
579 1.60877e+06
580 1.60876e+06
581 1.60877e+06
582 1.60879e+06
583 1.60883e+06
584 1.60883e+06
585 1.60885e+06
586 1.60885e+06
587 1.60885e+06
588 1.60902e+06
589 1.60909e+06
590 1.60913e+06
591 1.60915e+06
592 1.60925e+06
593 1.60929e+06
594 1.60932e+06
595 1.60935e+06
596 1.60939e+06
597 1.60945e+06
598 1.60948e+06
599 1.60948e+06
600 1.6095e+06
601 1.60952e+06
602 1.60958e+06
603 1.60964e+06
604 1.60966e+06
605 1.60969e+06
606 1.6098e+06
607 1.6099e+06
608 1.60994e+06
609 1.61009e+06
610 1.61014e+06
611 1.61013e+06
612 1.61018e+06
613 1.61019e+06
614 1.61023e+06
615 1.61027e+06
616 1.61036e+06
617 1.61035e+06
618 1.61042e+06
619 1.61048e+06
620 1.61062e+06
621 1.61065e+06
622 1.61068e+06
623 1.61079e+06
624 1.61087e+06
625 1.61094e+06
626 1.61099e+06
627 1.61113e+06
628 1.61117e+06
629 1.61132e+06
630 1.61145e+06
631 1.61152e+06
632 1.6116e+06
633 1.6117e+06
634 1.61186e+06
635 1.61191e+06
636 1.61198e+06
637 1.6121e+06
638 1.61218e+06
639 1.6122e+06
640 1.61225e+06
641 1.61237e+06
642 1.61239e+06
643 1.61245e+06
644 1.6125e+06
645 1.61251e+06
646 1.61252e+06
647 1.61262e+06
648 1.61262e+06
649 1.61264e+06
650 1.61268e+06
651 1.61273e+06
652 1.61273e+06
653 1.61278e+06
654 1.61287e+06
655 1.61292e+06
656 1.61295e+06
657 1.61295e+06
658 1.61299e+06
659 1.61301e+06
660 1.61305e+06
661 1.6131e+06
662 1.61313e+06
663 1.6132e+06
664 1.61338e+06
665 1.61342e+06
666 1.61348e+06
667 1.61358e+06
668 1.61372e+06
669 1.6138e+06
670 1.61389e+06
671 1.61393e+06
672 1.61397e+06
673 1.61398e+06
674 1.61398e+06
675 1.61402e+06
676 1.61409e+06
677 1.61421e+06
678 1.61426e+06
679 1.61426e+06
680 1.61428e+06
681 1.61436e+06
682 1.61442e+06
683 1.61448e+06
684 1.61451e+06
685 1.61457e+06
686 1.61457e+06
687 1.6147e+06
688 1.61477e+06
689 1.61479e+06
690 1.61488e+06
691 1.61494e+06
692 1.61499e+06
693 1.6151e+06
694 1.61511e+06
695 1.61512e+06
696 1.61515e+06
697 1.6152e+06
698 1.61523e+06
699 1.61525e+06
700 1.61528e+06
701 1.61539e+06
702 1.61542e+06
703 1.61558e+06
704 1.61569e+06
705 1.61569e+06
706 1.61575e+06
707 1.61581e+06
708 1.61594e+06
709 1.61598e+06
710 1.61601e+06
711 1.61603e+06
712 1.61604e+06
713 1.61608e+06
714 1.61609e+06
715 1.61615e+06
716 1.61624e+06
717 1.61625e+06
718 1.61636e+06
719 1.61638e+06
720 1.61643e+06
721 1.6165e+06
722 1.61654e+06
723 1.6166e+06
724 1.61661e+06
725 1.61669e+06
726 1.61669e+06
727 1.61672e+06
728 1.61672e+06
729 1.61678e+06
730 1.6169e+06
731 1.61697e+06
732 1.61708e+06
733 1.61714e+06
734 1.61714e+06
735 1.61718e+06
736 1.61726e+06
737 1.61725e+06
738 1.61728e+06
739 1.61729e+06
740 1.61728e+06
741 1.61732e+06
742 1.61736e+06
743 1.6174e+06
744 1.6175e+06
745 1.61751e+06
746 1.61751e+06
747 1.61755e+06
748 1.61757e+06
749 1.61762e+06
750 1.6177e+06
751 1.61774e+06
752 1.61785e+06
753 1.61788e+06
754 1.61788e+06
755 1.61796e+06
756 1.618e+06
757 1.61802e+06
758 1.61804e+06
759 1.61805e+06
760 1.61813e+06
761 1.61815e+06
762 1.61818e+06
763 1.6182e+06
764 1.61823e+06
765 1.61829e+06
766 1.61836e+06
767 1.61846e+06
768 1.61848e+06
769 1.61854e+06
770 1.61854e+06
771 1.61853e+06
772 1.61857e+06
773 1.61858e+06
774 1.61862e+06
775 1.61865e+06
776 1.6187e+06
777 1.61875e+06
778 1.61875e+06
779 1.61878e+06
780 1.6188e+06
781 1.61885e+06
782 1.61889e+06
783 1.61903e+06
784 1.61903e+06
785 1.61903e+06
786 1.61903e+06
787 1.61914e+06
788 1.61917e+06
789 1.61923e+06
790 1.61926e+06
791 1.6193e+06
792 1.61936e+06
793 1.6194e+06
794 1.61947e+06
795 1.6195e+06
796 1.61958e+06
797 1.61972e+06
798 1.61974e+06
799 1.61978e+06
800 1.61986e+06
801 1.61992e+06
802 1.61995e+06
803 1.62005e+06
804 1.62006e+06
805 1.62009e+06
806 1.62014e+06
807 1.62017e+06
808 1.62024e+06
809 1.62035e+06
810 1.62036e+06
811 1.62042e+06
812 1.62062e+06
813 1.62073e+06
814 1.62078e+06
815 1.62084e+06
816 1.62095e+06
817 1.62102e+06
818 1.62108e+06
819 1.62109e+06
820 1.62118e+06
821 1.62124e+06
822 1.62124e+06
823 1.62123e+06
824 1.62126e+06
825 1.62133e+06
826 1.62146e+06
827 1.62145e+06
828 1.62158e+06
829 1.62162e+06
830 1.62163e+06
831 1.62168e+06
832 1.62171e+06
833 1.62179e+06
834 1.62185e+06
835 1.62184e+06
836 1.62191e+06
837 1.62192e+06
838 1.62196e+06
839 1.62199e+06
840 1.62203e+06
841 1.62209e+06
842 1.62212e+06
843 1.62215e+06
844 1.62226e+06
845 1.62234e+06
846 1.62236e+06
847 1.62241e+06
848 1.62242e+06
849 1.62255e+06
850 1.62256e+06
851 1.62256e+06
852 1.62262e+06
853 1.62263e+06
854 1.62271e+06
855 1.6228e+06
856 1.62284e+06
857 1.62292e+06
858 1.62305e+06
859 1.62309e+06
860 1.62313e+06
861 1.62322e+06
862 1.62333e+06
863 1.62343e+06
864 1.6235e+06
865 1.62361e+06
866 1.62368e+06
867 1.62382e+06
868 1.62388e+06
869 1.62394e+06
870 1.62404e+06
871 1.62411e+06
872 1.62433e+06
873 1.62449e+06
874 1.6245e+06
875 1.62457e+06
876 1.62467e+06
877 1.62473e+06
878 1.62474e+06
879 1.62481e+06
880 1.6249e+06
881 1.62497e+06
882 1.625e+06
883 1.62503e+06
884 1.62507e+06
885 1.62513e+06
886 1.62514e+06
887 1.62515e+06
888 1.62517e+06
889 1.6252e+06
890 1.62527e+06
891 1.62533e+06
892 1.62537e+06
893 1.62543e+06
894 1.62545e+06
895 1.62546e+06
896 1.62549e+06
897 1.62557e+06
898 1.62565e+06
899 1.62565e+06
900 1.62579e+06
901 1.62584e+06
902 1.62593e+06
903 1.62602e+06
904 1.62607e+06
905 1.62618e+06
906 1.6262e+06
907 1.6262e+06
908 1.62636e+06
909 1.62652e+06
910 1.62652e+06
911 1.62654e+06
912 1.62654e+06
913 1.62662e+06
914 1.62664e+06
915 1.62665e+06
916 1.62671e+06
917 1.62676e+06
918 1.6268e+06
919 1.62692e+06
920 1.62695e+06
921 1.62705e+06
922 1.62708e+06
923 1.62723e+06
924 1.62731e+06
925 1.62734e+06
926 1.62738e+06
927 1.62747e+06
928 1.62757e+06
929 1.6276e+06
930 1.6276e+06
931 1.62761e+06
932 1.62768e+06
933 1.62776e+06
934 1.62777e+06
935 1.62777e+06
936 1.62783e+06
937 1.62785e+06
938 1.62794e+06
939 1.62797e+06
940 1.62799e+06
941 1.62801e+06
942 1.62801e+06
943 1.62801e+06
944 1.62804e+06
945 1.62816e+06
946 1.62823e+06
947 1.6283e+06
948 1.62833e+06
949 1.62837e+06
950 1.62848e+06
951 1.62862e+06
952 1.62863e+06
953 1.62867e+06
954 1.62877e+06
955 1.62882e+06
956 1.62887e+06
957 1.6289e+06
958 1.62896e+06
959 1.62902e+06
960 1.62907e+06
961 1.62909e+06
962 1.62919e+06
963 1.62927e+06
964 1.62929e+06
965 1.62932e+06
966 1.62933e+06
967 1.62934e+06
968 1.62947e+06
969 1.62948e+06
970 1.62949e+06
971 1.62952e+06
972 1.62955e+06
973 1.62962e+06
974 1.62963e+06
975 1.62969e+06
976 1.62974e+06
977 1.62983e+06
978 1.62983e+06
979 1.62991e+06
980 1.62995e+06
981 1.62998e+06
982 1.62998e+06
983 1.62998e+06
984 1.63003e+06
985 1.63018e+06
986 1.63017e+06
987 1.63018e+06
988 1.6302e+06
989 1.63031e+06
990 1.63034e+06
991 1.6304e+06
992 1.63042e+06
993 1.63054e+06
994 1.63058e+06
995 1.63061e+06
996 1.6306e+06
997 1.6306e+06
998 1.63066e+06
999 1.63065e+06
1000 1.6307e+06
