128 0.3 0.411
0 156776
1 1.56795e+06
2 1.56806e+06
3 1.56806e+06
4 1.56813e+06
5 1.5683e+06
6 1.56842e+06
7 1.5687e+06
8 1.56871e+06
9 1.56891e+06
10 1.56908e+06
11 1.56912e+06
12 1.56912e+06
13 1.56919e+06
14 1.56921e+06
15 1.56922e+06
16 1.56948e+06
17 1.56953e+06
18 1.56962e+06
19 1.56964e+06
20 1.56974e+06
21 1.56976e+06
22 1.56986e+06
23 1.56994e+06
24 1.56998e+06
25 1.57001e+06
26 1.57004e+06
27 1.57006e+06
28 1.57018e+06
29 1.57036e+06
30 1.57052e+06
31 1.57067e+06
32 1.57078e+06
33 1.57079e+06
34 1.57083e+06
35 1.57088e+06
36 1.57093e+06
37 1.57103e+06
38 1.57119e+06
39 1.5713e+06
40 1.57138e+06
41 1.57141e+06
42 1.57141e+06
43 1.57153e+06
44 1.57163e+06
45 1.57171e+06
46 1.57173e+06
47 1.57176e+06
48 1.57184e+06
49 1.57197e+06
50 1.57212e+06
51 1.57219e+06
52 1.57219e+06
53 1.57233e+06
54 1.5724e+06
55 1.57254e+06
56 1.57271e+06
57 1.57285e+06
58 1.57296e+06
59 1.57318e+06
60 1.57337e+06
61 1.57348e+06
62 1.57354e+06
63 1.57358e+06
64 1.57362e+06
65 1.57373e+06
66 1.5738e+06
67 1.57388e+06
68 1.57396e+06
69 1.57409e+06
70 1.57409e+06
71 1.57429e+06
72 1.57433e+06
73 1.57452e+06
74 1.57458e+06
75 1.57468e+06
76 1.57474e+06
77 1.57479e+06
78 1.57489e+06
79 1.57493e+06
80 1.57498e+06
81 1.57507e+06
82 1.57512e+06
83 1.57516e+06
84 1.57517e+06
85 1.5753e+06
86 1.57544e+06
87 1.57548e+06
88 1.57549e+06
89 1.57574e+06
90 1.5758e+06
91 1.57597e+06
92 1.57599e+06
93 1.5762e+06
94 1.5763e+06
95 1.57644e+06
96 1.5765e+06
97 1.57653e+06
98 1.5766e+06
99 1.57664e+06
100 1.57674e+06
101 1.5768e+06
102 1.5769e+06
103 1.577e+06
104 1.57712e+06
105 1.57711e+06
106 1.57717e+06
107 1.57731e+06
108 1.57747e+06
109 1.5775e+06
110 1.57753e+06
111 1.57757e+06
112 1.57771e+06
113 1.57779e+06
114 1.57789e+06
115 1.578e+06
116 1.57811e+06
117 1.57819e+06
118 1.57829e+06
119 1.57832e+06
120 1.57836e+06
121 1.57847e+06
122 1.5786e+06
123 1.57862e+06
124 1.57887e+06
125 1.57894e+06
126 1.57901e+06
127 1.57909e+06
128 1.57914e+06
129 1.57931e+06
130 1.57947e+06
131 1.5796e+06
132 1.5798e+06
133 1.57988e+06
134 1.57994e+06
135 1.57998e+06
136 1.58006e+06
137 1.58014e+06
138 1.58015e+06
139 1.58019e+06
140 1.58032e+06
141 1.58039e+06
142 1.58051e+06
143 1.58057e+06
144 1.58075e+06
145 1.58086e+06
146 1.58091e+06
147 1.58103e+06
148 1.58109e+06
149 1.58109e+06
150 1.58112e+06
151 1.58125e+06
152 1.58132e+06
153 1.58144e+06
154 1.58146e+06
155 1.58155e+06
156 1.58155e+06
157 1.58158e+06
158 1.58172e+06
159 1.58187e+06
160 1.58199e+06
161 1.58206e+06
162 1.58216e+06
163 1.58225e+06
164 1.58233e+06
165 1.58244e+06
166 1.58248e+06
167 1.58254e+06
168 1.58263e+06
169 1.58276e+06
170 1.5829e+06
171 1.58309e+06
172 1.58325e+06
173 1.5833e+06
174 1.58347e+06
175 1.58348e+06
176 1.58354e+06
177 1.58365e+06
178 1.58368e+06
179 1.58374e+06
180 1.58386e+06
181 1.58391e+06
182 1.58402e+06
183 1.58414e+06
184 1.58414e+06
185 1.58426e+06
186 1.58433e+06
187 1.58442e+06
188 1.5845e+06
189 1.58458e+06
190 1.58465e+06
191 1.58467e+06
192 1.58485e+06
193 1.58488e+06
194 1.58501e+06
195 1.58512e+06
196 1.58518e+06
197 1.58532e+06
198 1.5854e+06
199 1.58543e+06
200 1.58545e+06
201 1.5855e+06
202 1.5856e+06
203 1.5856e+06
204 1.58569e+06
205 1.58578e+06
206 1.58584e+06
207 1.5859e+06
208 1.58598e+06
209 1.58606e+06
210 1.58612e+06
211 1.58625e+06
212 1.58638e+06
213 1.58648e+06
214 1.58654e+06
215 1.58657e+06
216 1.58661e+06
217 1.58663e+06
218 1.58666e+06
219 1.58672e+06
220 1.58682e+06
221 1.58686e+06
222 1.58699e+06
223 1.58708e+06
224 1.58708e+06
225 1.58712e+06
226 1.58718e+06
227 1.58726e+06
228 1.58742e+06
229 1.58746e+06
230 1.58747e+06
231 1.58756e+06
232 1.58772e+06
233 1.58781e+06
234 1.58783e+06
235 1.58792e+06
236 1.58797e+06
237 1.58804e+06
238 1.58808e+06
239 1.58822e+06
240 1.58833e+06
241 1.58844e+06
242 1.58853e+06
243 1.58865e+06
244 1.58869e+06
245 1.5887e+06
246 1.5888e+06
247 1.5888e+06
248 1.58886e+06
249 1.58898e+06
250 1.58906e+06
251 1.58922e+06
252 1.58928e+06
253 1.58945e+06
254 1.58956e+06
255 1.5896e+06
256 1.5896e+06
257 1.58971e+06
258 1.58977e+06
259 1.58982e+06
260 1.58987e+06
261 1.5899e+06
262 1.58992e+06
263 1.59002e+06
264 1.59004e+06
265 1.59009e+06
266 1.59031e+06
267 1.59046e+06
268 1.59058e+06
269 1.59058e+06
270 1.59067e+06
271 1.59071e+06
272 1.59081e+06
273 1.59085e+06
274 1.59095e+06
275 1.59102e+06
276 1.59105e+06
277 1.59109e+06
278 1.5912e+06
279 1.59123e+06
280 1.59126e+06
281 1.59134e+06
282 1.59144e+06
283 1.59148e+06
284 1.59148e+06
285 1.59153e+06
286 1.59161e+06
287 1.59167e+06
288 1.59175e+06
289 1.59181e+06
290 1.59185e+06
291 1.59206e+06
292 1.59214e+06
293 1.59214e+06
294 1.59216e+06
295 1.59227e+06
296 1.59243e+06
297 1.59248e+06
298 1.59257e+06
299 1.59264e+06
300 1.59272e+06
301 1.59278e+06
302 1.59284e+06
303 1.59286e+06
304 1.59289e+06
305 1.59292e+06
306 1.59292e+06
307 1.593e+06
308 1.59314e+06
309 1.59315e+06
310 1.59324e+06
311 1.59326e+06
312 1.59332e+06
313 1.59335e+06
314 1.59341e+06
315 1.5935e+06
316 1.59364e+06
317 1.59368e+06
318 1.59376e+06
319 1.59379e+06
320 1.59379e+06
321 1.59387e+06
322 1.59388e+06
323 1.5939e+06
324 1.594e+06
325 1.59403e+06
326 1.59414e+06
327 1.59421e+06
328 1.59427e+06
329 1.59438e+06
330 1.59452e+06
331 1.59454e+06
332 1.59462e+06
333 1.59465e+06
334 1.59468e+06
335 1.59472e+06
336 1.59474e+06
337 1.59474e+06
338 1.59477e+06
339 1.59484e+06
340 1.59486e+06
341 1.5949e+06
342 1.59496e+06
343 1.59504e+06
344 1.59512e+06
345 1.59528e+06
346 1.59529e+06
347 1.59534e+06
348 1.59535e+06
349 1.59537e+06
350 1.5954e+06
351 1.59556e+06
352 1.59557e+06
353 1.5956e+06
354 1.59571e+06
355 1.59574e+06
356 1.5958e+06
357 1.5959e+06
358 1.59602e+06
359 1.59606e+06
360 1.59614e+06
361 1.59617e+06
362 1.5962e+06
363 1.59623e+06
364 1.59627e+06
365 1.59643e+06
366 1.59648e+06
367 1.5965e+06
368 1.59656e+06
369 1.59661e+06
370 1.59665e+06
371 1.59678e+06
372 1.59688e+06
373 1.59699e+06
374 1.59708e+06
375 1.59723e+06
376 1.59726e+06
377 1.59728e+06
378 1.59737e+06
379 1.59744e+06
380 1.59748e+06
381 1.59751e+06
382 1.59755e+06
383 1.59757e+06
384 1.59774e+06
385 1.59774e+06
386 1.59789e+06
387 1.59794e+06
388 1.59799e+06
389 1.59802e+06
390 1.59807e+06
391 1.5981e+06
392 1.59812e+06
393 1.59818e+06
394 1.59822e+06
395 1.59826e+06
396 1.59828e+06
397 1.59834e+06
398 1.59838e+06
399 1.59838e+06
400 1.59842e+06
401 1.59846e+06
402 1.59848e+06
403 1.59857e+06
404 1.5986e+06
405 1.5987e+06
406 1.59879e+06
407 1.59892e+06
408 1.59907e+06
409 1.59912e+06
410 1.59927e+06
411 1.5994e+06
412 1.59949e+06
413 1.59958e+06
414 1.59962e+06
415 1.59963e+06
416 1.59973e+06
417 1.59978e+06
418 1.59985e+06
419 1.59985e+06
420 1.60012e+06
421 1.6002e+06
422 1.60022e+06
423 1.60028e+06
424 1.6003e+06
425 1.6004e+06
426 1.60039e+06
427 1.60042e+06
428 1.60061e+06
429 1.60069e+06
430 1.6007e+06
431 1.60073e+06
432 1.60079e+06
433 1.60079e+06
434 1.60094e+06
435 1.60102e+06
436 1.60107e+06
437 1.60113e+06
438 1.60122e+06
439 1.60128e+06
440 1.60138e+06
441 1.60144e+06
442 1.60154e+06
443 1.6017e+06
444 1.60171e+06
445 1.60179e+06
446 1.60181e+06
447 1.60182e+06
448 1.60187e+06
449 1.60191e+06
450 1.60195e+06
451 1.60204e+06
452 1.60216e+06
453 1.60221e+06
454 1.60233e+06
455 1.60235e+06
456 1.6024e+06
457 1.60243e+06
458 1.6025e+06
459 1.60252e+06
460 1.60263e+06
461 1.60266e+06
462 1.60268e+06
463 1.60268e+06
464 1.60271e+06
465 1.60279e+06
466 1.60282e+06
467 1.60285e+06
468 1.60294e+06
469 1.603e+06
470 1.60302e+06
471 1.60305e+06
472 1.60312e+06
473 1.60323e+06
474 1.60329e+06
475 1.60332e+06
476 1.60342e+06
477 1.60351e+06
478 1.60352e+06
479 1.60357e+06
480 1.60359e+06
481 1.60361e+06
482 1.60366e+06
483 1.60369e+06
484 1.60374e+06
485 1.60378e+06
486 1.60388e+06
487 1.60397e+06
488 1.60397e+06
489 1.60408e+06
490 1.60411e+06
491 1.60419e+06
492 1.60428e+06
493 1.6044e+06
494 1.60443e+06
495 1.60452e+06
496 1.60452e+06
497 1.60454e+06
498 1.60455e+06
499 1.60458e+06
500 1.60464e+06
501 1.60465e+06
502 1.60466e+06
503 1.60478e+06
504 1.60494e+06
505 1.605e+06
506 1.605e+06
507 1.60506e+06
508 1.60506e+06
509 1.60514e+06
510 1.60525e+06
511 1.60528e+06
512 1.60532e+06
513 1.60538e+06
514 1.60544e+06
515 1.60549e+06
516 1.6056e+06
517 1.60562e+06
518 1.60573e+06
519 1.60578e+06
520 1.60593e+06
521 1.60599e+06
522 1.60605e+06
523 1.60614e+06
524 1.60624e+06
525 1.60631e+06
526 1.60633e+06
527 1.6064e+06
528 1.60651e+06
529 1.60658e+06
530 1.60659e+06
531 1.60662e+06
532 1.60668e+06
533 1.60675e+06
534 1.60676e+06
535 1.60683e+06
536 1.60691e+06
537 1.60695e+06
538 1.60697e+06
539 1.60704e+06
540 1.60716e+06
541 1.60724e+06
542 1.60728e+06
543 1.60736e+06
544 1.60739e+06
545 1.60745e+06
546 1.60756e+06
547 1.60758e+06
548 1.6076e+06
549 1.60769e+06
550 1.60771e+06
551 1.60772e+06
552 1.60773e+06
553 1.60776e+06
554 1.60783e+06
555 1.60788e+06
556 1.60788e+06
557 1.60793e+06
558 1.60793e+06
559 1.60798e+06
560 1.60823e+06
561 1.60827e+06
562 1.60838e+06
563 1.60843e+06
564 1.60854e+06
565 1.60854e+06
566 1.6087e+06
567 1.60874e+06
568 1.60879e+06
569 1.60879e+06
570 1.60882e+06
571 1.6089e+06
572 1.60892e+06
573 1.60902e+06
574 1.60902e+06
575 1.60904e+06
576 1.60914e+06
577 1.60929e+06
578 1.60929e+06
579 1.6093e+06
580 1.60933e+06
581 1.60935e+06
582 1.60941e+06
583 1.60948e+06
584 1.60952e+06
585 1.60952e+06
586 1.60955e+06
587 1.60958e+06
588 1.60965e+06
589 1.60967e+06
590 1.60969e+06
591 1.6097e+06
592 1.60971e+06
593 1.60986e+06
594 1.60989e+06
595 1.60996e+06
596 1.61002e+06
597 1.61007e+06
598 1.61009e+06
599 1.61015e+06
600 1.61018e+06
601 1.61026e+06
602 1.61032e+06
603 1.61036e+06
604 1.6104e+06
605 1.61043e+06
606 1.61049e+06
607 1.61052e+06
608 1.61053e+06
609 1.61056e+06
610 1.61058e+06
611 1.61066e+06
612 1.61077e+06
613 1.6108e+06
614 1.61087e+06
615 1.61089e+06
616 1.61094e+06
617 1.611e+06
618 1.61102e+06
619 1.61105e+06
620 1.61112e+06
621 1.61118e+06
622 1.61118e+06
623 1.6112e+06
624 1.61132e+06
625 1.61142e+06
626 1.61148e+06
627 1.61148e+06
628 1.61151e+06
629 1.61151e+06
630 1.61156e+06
631 1.61163e+06
632 1.61176e+06
633 1.61187e+06
634 1.61196e+06
635 1.61204e+06
636 1.61209e+06
637 1.6122e+06
638 1.61231e+06
639 1.61232e+06
640 1.6124e+06
641 1.61245e+06
642 1.61254e+06
643 1.61265e+06
644 1.6127e+06
645 1.61274e+06
646 1.61284e+06
647 1.61292e+06
648 1.61294e+06
649 1.61294e+06
650 1.61306e+06
651 1.61311e+06
652 1.61316e+06
653 1.61326e+06
654 1.61331e+06
655 1.61346e+06
656 1.61347e+06
657 1.6135e+06
658 1.61351e+06
659 1.6136e+06
660 1.61382e+06
661 1.61386e+06
662 1.61394e+06
663 1.61396e+06
664 1.61398e+06
665 1.61401e+06
666 1.61405e+06
667 1.61414e+06
668 1.61416e+06
669 1.61416e+06
670 1.61429e+06
671 1.61447e+06
672 1.61461e+06
673 1.61462e+06
674 1.61465e+06
675 1.61466e+06
676 1.61467e+06
677 1.61473e+06
678 1.61478e+06
679 1.61481e+06
680 1.61482e+06
681 1.61493e+06
682 1.61497e+06
683 1.61504e+06
684 1.61511e+06
685 1.61511e+06
686 1.61512e+06
687 1.61516e+06
688 1.61526e+06
689 1.61532e+06
690 1.61532e+06
691 1.61535e+06
692 1.61536e+06
693 1.6155e+06
694 1.61558e+06
695 1.61558e+06
696 1.61568e+06
697 1.61575e+06
698 1.61578e+06
699 1.61579e+06
700 1.61585e+06
701 1.61586e+06
702 1.6159e+06
703 1.61597e+06
704 1.61602e+06
705 1.61606e+06
706 1.6161e+06
707 1.61612e+06
708 1.61612e+06
709 1.61616e+06
710 1.61616e+06
711 1.61622e+06
712 1.6163e+06
713 1.61633e+06
714 1.61645e+06
715 1.61646e+06
716 1.61652e+06
717 1.6166e+06
718 1.61663e+06
719 1.61664e+06
720 1.61672e+06
721 1.61682e+06
722 1.61682e+06
723 1.61684e+06
724 1.61686e+06
725 1.61688e+06
726 1.61688e+06
727 1.6169e+06
728 1.617e+06
729 1.61704e+06
730 1.61705e+06
731 1.61709e+06
732 1.61713e+06
733 1.61721e+06
734 1.61721e+06
735 1.61723e+06
736 1.61734e+06
737 1.61738e+06
738 1.61738e+06
739 1.61738e+06
740 1.61752e+06
741 1.61762e+06
742 1.61768e+06
743 1.61779e+06
744 1.61781e+06
745 1.61791e+06
746 1.61794e+06
747 1.61802e+06
748 1.61813e+06
749 1.61816e+06
750 1.61818e+06
751 1.61818e+06
752 1.61828e+06
753 1.61837e+06
754 1.61842e+06
755 1.61849e+06
756 1.61856e+06
757 1.61858e+06
758 1.6186e+06
759 1.61865e+06
760 1.61867e+06
761 1.61871e+06
762 1.6188e+06
763 1.61888e+06
764 1.61897e+06
765 1.61906e+06
766 1.61906e+06
767 1.61914e+06
768 1.61918e+06
769 1.61932e+06
770 1.61945e+06
771 1.61953e+06
772 1.61955e+06
773 1.61967e+06
774 1.61972e+06
775 1.61981e+06
776 1.61983e+06
777 1.61988e+06
778 1.61998e+06
779 1.62007e+06
780 1.62011e+06
781 1.62013e+06
782 1.62014e+06
783 1.62018e+06
784 1.62018e+06
785 1.6202e+06
786 1.62027e+06
787 1.62032e+06
788 1.62039e+06
789 1.62044e+06
790 1.6205e+06
791 1.62055e+06
792 1.62059e+06
793 1.6206e+06
794 1.62061e+06
795 1.62061e+06
796 1.62063e+06
797 1.62066e+06
798 1.62066e+06
799 1.62072e+06
800 1.62081e+06
801 1.6209e+06
802 1.62093e+06
803 1.62096e+06
804 1.621e+06
805 1.6212e+06
806 1.62125e+06
807 1.62126e+06
808 1.6213e+06
809 1.62133e+06
810 1.62134e+06
811 1.6214e+06
812 1.62143e+06
813 1.62144e+06
814 1.62144e+06
815 1.62144e+06
816 1.62152e+06
817 1.62161e+06
818 1.62164e+06
819 1.62175e+06
820 1.62182e+06
821 1.62183e+06
822 1.62185e+06
823 1.62186e+06
824 1.62186e+06
825 1.6219e+06
826 1.622e+06
827 1.62212e+06
828 1.62212e+06
829 1.62212e+06
830 1.62216e+06
831 1.62216e+06
832 1.62222e+06
833 1.62229e+06
834 1.62239e+06
835 1.62246e+06
836 1.62247e+06
837 1.62255e+06
838 1.62255e+06
839 1.62259e+06
840 1.62264e+06
841 1.62265e+06
842 1.62271e+06
843 1.62275e+06
844 1.62279e+06
845 1.62282e+06
846 1.62289e+06
847 1.62295e+06
848 1.62301e+06
849 1.62302e+06
850 1.62302e+06
851 1.62305e+06
852 1.62319e+06
853 1.62319e+06
854 1.62321e+06
855 1.62321e+06
856 1.62323e+06
857 1.62328e+06
858 1.62334e+06
859 1.62336e+06
860 1.62336e+06
861 1.6234e+06
862 1.62351e+06
863 1.62356e+06
864 1.62363e+06
865 1.62365e+06
866 1.62368e+06
867 1.62368e+06
868 1.62372e+06
869 1.62374e+06
870 1.6238e+06
871 1.6238e+06
872 1.62391e+06
873 1.62395e+06
874 1.62407e+06
875 1.62412e+06
876 1.6242e+06
877 1.62423e+06
878 1.62432e+06
879 1.62441e+06
880 1.62444e+06
881 1.62449e+06
882 1.62453e+06
883 1.62458e+06
884 1.62464e+06
885 1.62467e+06
886 1.62467e+06
887 1.62475e+06
888 1.62482e+06
889 1.6249e+06
890 1.6249e+06
891 1.62494e+06
892 1.62499e+06
893 1.62502e+06
894 1.62512e+06
895 1.62515e+06
896 1.62518e+06
897 1.62522e+06
898 1.62527e+06
899 1.62533e+06
900 1.62533e+06
901 1.62533e+06
902 1.62542e+06
903 1.62546e+06
904 1.62551e+06
905 1.62555e+06
906 1.6256e+06
907 1.62565e+06
908 1.6257e+06
909 1.6258e+06
910 1.62583e+06
911 1.62585e+06
912 1.62592e+06
913 1.62599e+06
914 1.62603e+06
915 1.62611e+06
916 1.62615e+06
917 1.62616e+06
918 1.62624e+06
919 1.6263e+06
920 1.6263e+06
921 1.62655e+06
922 1.62664e+06
923 1.62668e+06
924 1.62678e+06
925 1.62693e+06
926 1.62697e+06
927 1.62703e+06
928 1.62705e+06
929 1.62707e+06
930 1.62713e+06
931 1.62713e+06
932 1.6272e+06
933 1.62724e+06
934 1.62731e+06
935 1.62736e+06
936 1.62737e+06
937 1.62741e+06
938 1.62743e+06
939 1.62749e+06
940 1.62749e+06
941 1.62758e+06
942 1.6276e+06
943 1.62764e+06
944 1.62765e+06
945 1.62766e+06
946 1.62774e+06
947 1.62777e+06
948 1.62778e+06
949 1.62782e+06
950 1.62784e+06
951 1.62797e+06
952 1.62809e+06
953 1.62811e+06
954 1.62813e+06
955 1.62814e+06
956 1.62832e+06
957 1.62833e+06
958 1.6284e+06
959 1.6285e+06
960 1.62854e+06
961 1.62859e+06
962 1.62868e+06
963 1.6288e+06
964 1.62882e+06
965 1.62889e+06
966 1.62891e+06
967 1.62899e+06
968 1.62911e+06
969 1.62914e+06
970 1.62932e+06
971 1.62937e+06
972 1.62952e+06
973 1.6296e+06
974 1.62964e+06
975 1.62968e+06
976 1.6297e+06
977 1.62973e+06
978 1.62979e+06
979 1.62989e+06
980 1.62991e+06
981 1.62999e+06
982 1.63005e+06
983 1.63019e+06
984 1.63021e+06
985 1.63024e+06
986 1.63028e+06
987 1.63032e+06
988 1.63041e+06
989 1.63048e+06
990 1.63048e+06
991 1.63058e+06
992 1.63066e+06
993 1.63077e+06
994 1.63079e+06
995 1.6309e+06
996 1.6311e+06
997 1.63114e+06
998 1.63123e+06
999 1.6313e+06
1000 1.63137e+06
