128 0.3 0.333
0 156776
1 1.56787e+06
2 1.56793e+06
3 1.56799e+06
4 1.56807e+06
5 1.56812e+06
6 1.56819e+06
7 1.56828e+06
8 1.56837e+06
9 1.56846e+06
10 1.56863e+06
11 1.56878e+06
12 1.56887e+06
13 1.56893e+06
14 1.569e+06
15 1.56909e+06
16 1.5692e+06
17 1.56944e+06
18 1.56959e+06
19 1.56968e+06
20 1.5698e+06
21 1.56992e+06
22 1.57014e+06
23 1.57028e+06
24 1.5704e+06
25 1.57052e+06
26 1.57068e+06
27 1.57072e+06
28 1.5708e+06
29 1.57082e+06
30 1.5709e+06
31 1.57103e+06
32 1.57105e+06
33 1.57116e+06
34 1.57124e+06
35 1.57131e+06
36 1.57135e+06
37 1.5715e+06
38 1.57162e+06
39 1.57176e+06
40 1.57178e+06
41 1.57182e+06
42 1.57196e+06
43 1.57206e+06
44 1.5722e+06
45 1.57226e+06
46 1.57232e+06
47 1.57246e+06
48 1.57261e+06
49 1.57277e+06
50 1.5729e+06
51 1.57295e+06
52 1.57299e+06
53 1.57316e+06
54 1.57318e+06
55 1.57326e+06
56 1.5733e+06
57 1.57335e+06
58 1.57347e+06
59 1.57352e+06
60 1.5737e+06
61 1.57378e+06
62 1.57377e+06
63 1.57386e+06
64 1.57396e+06
65 1.57406e+06
66 1.57414e+06
67 1.57416e+06
68 1.57425e+06
69 1.57438e+06
70 1.57443e+06
71 1.57459e+06
72 1.57469e+06
73 1.57479e+06
74 1.57486e+06
75 1.57494e+06
76 1.575e+06
77 1.57506e+06
78 1.57515e+06
79 1.57518e+06
80 1.5752e+06
81 1.57535e+06
82 1.5755e+06
83 1.57555e+06
84 1.57562e+06
85 1.57576e+06
86 1.57581e+06
87 1.57591e+06
88 1.57601e+06
89 1.57607e+06
90 1.57615e+06
91 1.57622e+06
92 1.57631e+06
93 1.57645e+06
94 1.57653e+06
95 1.57658e+06
96 1.5766e+06
97 1.57677e+06
98 1.57678e+06
99 1.57692e+06
100 1.57697e+06
101 1.57698e+06
102 1.57699e+06
103 1.57708e+06
104 1.5771e+06
105 1.57715e+06
106 1.57718e+06
107 1.57735e+06
108 1.57742e+06
109 1.57745e+06
110 1.57749e+06
111 1.57753e+06
112 1.57765e+06
113 1.57773e+06
114 1.57786e+06
115 1.57792e+06
116 1.57797e+06
117 1.57807e+06
118 1.5781e+06
119 1.57826e+06
120 1.5783e+06
121 1.57838e+06
122 1.57842e+06
123 1.5785e+06
124 1.57858e+06
125 1.57866e+06
126 1.57876e+06
127 1.57883e+06
128 1.57904e+06
129 1.57908e+06
130 1.57917e+06
131 1.57926e+06
132 1.57932e+06
133 1.57939e+06
134 1.57948e+06
135 1.57958e+06
136 1.57963e+06
137 1.57978e+06
138 1.57978e+06
139 1.57999e+06
140 1.58003e+06
141 1.58006e+06
142 1.58011e+06
143 1.58012e+06
144 1.58019e+06
145 1.58023e+06
146 1.58029e+06
147 1.58039e+06
148 1.58042e+06
149 1.58046e+06
150 1.58052e+06
151 1.5806e+06
152 1.58069e+06
153 1.58082e+06
154 1.58089e+06
155 1.58097e+06
156 1.5811e+06
157 1.58113e+06
158 1.58122e+06
159 1.58128e+06
160 1.58135e+06
161 1.58139e+06
162 1.58149e+06
163 1.58156e+06
164 1.5816e+06
165 1.58165e+06
166 1.58177e+06
167 1.58185e+06
168 1.58194e+06
169 1.58203e+06
170 1.5821e+06
171 1.58219e+06
172 1.58235e+06
173 1.58239e+06
174 1.58245e+06
175 1.58251e+06
176 1.58252e+06
177 1.58262e+06
178 1.58274e+06
179 1.58281e+06
180 1.58283e+06
181 1.583e+06
182 1.58309e+06
183 1.58318e+06
184 1.5832e+06
185 1.58331e+06
186 1.58336e+06
187 1.5834e+06
188 1.58341e+06
189 1.5835e+06
190 1.58358e+06
191 1.58368e+06
192 1.5837e+06
193 1.58378e+06
194 1.58388e+06
195 1.58392e+06
196 1.58402e+06
197 1.58409e+06
198 1.58415e+06
199 1.58427e+06
200 1.58427e+06
201 1.5843e+06
202 1.58444e+06
203 1.58454e+06
204 1.58462e+06
205 1.58464e+06
206 1.5847e+06
207 1.5848e+06
208 1.58482e+06
209 1.58489e+06
210 1.58491e+06
211 1.58506e+06
212 1.58517e+06
213 1.58526e+06
214 1.58543e+06
215 1.58555e+06
216 1.58558e+06
217 1.58565e+06
218 1.58573e+06
219 1.58578e+06
220 1.58591e+06
221 1.58596e+06
222 1.586e+06
223 1.58606e+06
224 1.58614e+06
225 1.58618e+06
226 1.58623e+06
227 1.58628e+06
228 1.58638e+06
229 1.5864e+06
230 1.58643e+06
231 1.58651e+06
232 1.58656e+06
233 1.5866e+06
234 1.58675e+06
235 1.58678e+06
236 1.58684e+06
237 1.58697e+06
238 1.58703e+06
239 1.58711e+06
240 1.58725e+06
241 1.58733e+06
242 1.58734e+06
243 1.58739e+06
244 1.58746e+06
245 1.5875e+06
246 1.58755e+06
247 1.58759e+06
248 1.58777e+06
249 1.5879e+06
250 1.58793e+06
251 1.58806e+06
252 1.58807e+06
253 1.58816e+06
254 1.58827e+06
255 1.5883e+06
256 1.58832e+06
257 1.58833e+06
258 1.58835e+06
259 1.58847e+06
260 1.58857e+06
261 1.58865e+06
262 1.58871e+06
263 1.58877e+06
264 1.58881e+06
265 1.58883e+06
266 1.58897e+06
267 1.58903e+06
268 1.58907e+06
269 1.5891e+06
270 1.58915e+06
271 1.58921e+06
272 1.58931e+06
273 1.58939e+06
274 1.58946e+06
275 1.58961e+06
276 1.58959e+06
277 1.5897e+06
278 1.58971e+06
279 1.5898e+06
280 1.58989e+06
281 1.58997e+06
282 1.59002e+06
283 1.59015e+06
284 1.59021e+06
285 1.5903e+06
286 1.59032e+06
287 1.59035e+06
288 1.59042e+06
289 1.59044e+06
290 1.59047e+06
291 1.59055e+06
292 1.59064e+06
293 1.59073e+06
294 1.5908e+06
295 1.59085e+06
296 1.59088e+06
297 1.59096e+06
298 1.59103e+06
299 1.5911e+06
300 1.5912e+06
301 1.59121e+06
302 1.5913e+06
303 1.59137e+06
304 1.59148e+06
305 1.59148e+06
306 1.59159e+06
307 1.59165e+06
308 1.59171e+06
309 1.59175e+06
310 1.59177e+06
311 1.59189e+06
312 1.59195e+06
313 1.59194e+06
314 1.59207e+06
315 1.59214e+06
316 1.59222e+06
317 1.5923e+06
318 1.59232e+06
319 1.59233e+06
320 1.59244e+06
321 1.59248e+06
322 1.59248e+06
323 1.59251e+06
324 1.59261e+06
325 1.59266e+06
326 1.59266e+06
327 1.59272e+06
328 1.59275e+06
329 1.59278e+06
330 1.59286e+06
331 1.59286e+06
332 1.59287e+06
333 1.59294e+06
334 1.59301e+06
335 1.59306e+06
336 1.59314e+06
337 1.59317e+06
338 1.59326e+06
339 1.59335e+06
340 1.59339e+06
341 1.59348e+06
342 1.59354e+06
343 1.59366e+06
344 1.59377e+06
345 1.59381e+06
346 1.59393e+06
347 1.59395e+06
348 1.59402e+06
349 1.59406e+06
350 1.59409e+06
351 1.59408e+06
352 1.59415e+06
353 1.5942e+06
354 1.59426e+06
355 1.59427e+06
356 1.59433e+06
357 1.59438e+06
358 1.59441e+06
359 1.59443e+06
360 1.59453e+06
361 1.59475e+06
362 1.5949e+06
363 1.59501e+06
364 1.59515e+06
365 1.59532e+06
366 1.59544e+06
367 1.59547e+06
368 1.59557e+06
369 1.59565e+06
370 1.59566e+06
371 1.59578e+06
372 1.59582e+06
373 1.596e+06
374 1.59603e+06
375 1.59611e+06
376 1.59618e+06
377 1.59618e+06
378 1.59626e+06
379 1.5963e+06
380 1.59633e+06
381 1.5964e+06
382 1.59641e+06
383 1.59647e+06
384 1.59661e+06
385 1.59668e+06
386 1.59681e+06
387 1.59686e+06
388 1.59691e+06
389 1.59696e+06
390 1.59699e+06
391 1.59707e+06
392 1.5971e+06
393 1.59718e+06
394 1.59722e+06
395 1.5973e+06
396 1.59734e+06
397 1.5974e+06
398 1.59747e+06
399 1.5976e+06
400 1.59761e+06
401 1.59766e+06
402 1.59774e+06
403 1.59784e+06
404 1.59789e+06
405 1.59796e+06
406 1.59802e+06
407 1.59804e+06
408 1.59814e+06
409 1.59818e+06
410 1.59836e+06
411 1.59841e+06
412 1.59847e+06
413 1.59848e+06
414 1.59856e+06
415 1.59864e+06
416 1.59867e+06
417 1.59878e+06
418 1.59877e+06
419 1.59886e+06
420 1.59891e+06
421 1.59893e+06
422 1.59896e+06
423 1.59902e+06
424 1.59914e+06
425 1.5992e+06
426 1.59923e+06
427 1.59926e+06
428 1.5993e+06
429 1.59933e+06
430 1.59942e+06
431 1.59942e+06
432 1.5995e+06
433 1.59952e+06
434 1.59961e+06
435 1.59977e+06
436 1.59977e+06
437 1.59982e+06
438 1.59984e+06
439 1.59997e+06
440 1.59998e+06
441 1.60008e+06
442 1.6001e+06
443 1.6001e+06
444 1.60014e+06
445 1.60018e+06
446 1.60025e+06
447 1.6003e+06
448 1.6003e+06
449 1.60035e+06
450 1.60044e+06
451 1.60053e+06
452 1.60065e+06
453 1.60069e+06
454 1.60081e+06
455 1.60088e+06
456 1.60102e+06
457 1.60105e+06
458 1.60111e+06
459 1.60115e+06
460 1.60136e+06
461 1.60145e+06
462 1.60147e+06
463 1.60153e+06
464 1.60155e+06
465 1.60162e+06
466 1.60166e+06
467 1.60169e+06
468 1.60179e+06
469 1.60188e+06
470 1.60196e+06
471 1.60208e+06
472 1.60215e+06
473 1.60219e+06
474 1.60222e+06
475 1.60234e+06
476 1.60251e+06
477 1.60264e+06
478 1.60268e+06
479 1.60271e+06
480 1.60279e+06
481 1.60283e+06
482 1.60291e+06
483 1.60304e+06
484 1.60306e+06
485 1.60311e+06
486 1.60316e+06
487 1.6032e+06
488 1.60329e+06
489 1.60336e+06
490 1.6034e+06
491 1.60343e+06
492 1.60344e+06
493 1.60353e+06
494 1.60365e+06
495 1.60373e+06
496 1.60386e+06
497 1.60395e+06
498 1.604e+06
499 1.60414e+06
500 1.60415e+06
501 1.60429e+06
502 1.60433e+06
503 1.60439e+06
504 1.60441e+06
505 1.60447e+06
506 1.60458e+06
507 1.60474e+06
508 1.6048e+06
509 1.60485e+06
510 1.60489e+06
511 1.60494e+06
512 1.60498e+06
513 1.60502e+06
514 1.60506e+06
515 1.60508e+06
516 1.60511e+06
517 1.60512e+06
518 1.60519e+06
519 1.60523e+06
520 1.60524e+06
521 1.60532e+06
522 1.60532e+06
523 1.60541e+06
524 1.60542e+06
525 1.60544e+06
526 1.60552e+06
527 1.60559e+06
528 1.60567e+06
529 1.60573e+06
530 1.60575e+06
531 1.60588e+06
532 1.60593e+06
533 1.60612e+06
534 1.60619e+06
535 1.60619e+06
536 1.60621e+06
537 1.60624e+06
538 1.60628e+06
539 1.60636e+06
540 1.60638e+06
541 1.60645e+06
542 1.60649e+06
543 1.60652e+06
544 1.60653e+06
545 1.60661e+06
546 1.60669e+06
547 1.60669e+06
548 1.60675e+06
549 1.60675e+06
550 1.6068e+06
551 1.60686e+06
552 1.60692e+06
553 1.60693e+06
554 1.60693e+06
555 1.60702e+06
556 1.60707e+06
557 1.60711e+06
558 1.60713e+06
559 1.60719e+06
560 1.60732e+06
561 1.60735e+06
562 1.60744e+06
563 1.60746e+06
564 1.60751e+06
565 1.60755e+06
566 1.60757e+06
567 1.60761e+06
568 1.60767e+06
569 1.60771e+06
570 1.60775e+06
571 1.60782e+06
572 1.60786e+06
573 1.60795e+06
574 1.60795e+06
575 1.60802e+06
576 1.60805e+06
577 1.60818e+06
578 1.60821e+06
579 1.60828e+06
580 1.60835e+06
581 1.60839e+06
582 1.6084e+06
583 1.60849e+06
584 1.60852e+06
585 1.60862e+06
586 1.60865e+06
587 1.60869e+06
588 1.60874e+06
589 1.60883e+06
590 1.60889e+06
591 1.60899e+06
592 1.60899e+06
593 1.60901e+06
594 1.60902e+06
595 1.60905e+06
596 1.60911e+06
597 1.60912e+06
598 1.60918e+06
599 1.60924e+06
600 1.60929e+06
601 1.60931e+06
602 1.60936e+06
603 1.60936e+06
604 1.60938e+06
605 1.60945e+06
606 1.60953e+06
607 1.60956e+06
608 1.60966e+06
609 1.60972e+06
610 1.60986e+06
611 1.6099e+06
612 1.60995e+06
613 1.61004e+06
614 1.61003e+06
615 1.61013e+06
616 1.61013e+06
617 1.61015e+06
618 1.61023e+06
619 1.61047e+06
620 1.61054e+06
621 1.61052e+06
622 1.61062e+06
623 1.61068e+06
624 1.6107e+06
625 1.61091e+06
626 1.61098e+06
627 1.61101e+06
628 1.61107e+06
629 1.61112e+06
630 1.61113e+06
631 1.61113e+06
632 1.61123e+06
633 1.61126e+06
634 1.61129e+06
635 1.61136e+06
636 1.61149e+06
637 1.61166e+06
638 1.61167e+06
639 1.61171e+06
640 1.61181e+06
641 1.61191e+06
642 1.61199e+06
643 1.61205e+06
644 1.6121e+06
645 1.61227e+06
646 1.61239e+06
647 1.61241e+06
648 1.61252e+06
649 1.61256e+06
650 1.6126e+06
651 1.61262e+06
652 1.6127e+06
653 1.61294e+06
654 1.61299e+06
655 1.61299e+06
656 1.61301e+06
657 1.613e+06
658 1.61302e+06
659 1.61316e+06
660 1.61327e+06
661 1.6133e+06
662 1.61338e+06
663 1.61352e+06
664 1.61352e+06
665 1.61361e+06
666 1.61366e+06
667 1.61367e+06
668 1.61372e+06
669 1.61376e+06
670 1.61377e+06
671 1.61379e+06
672 1.61385e+06
673 1.61389e+06
674 1.61395e+06
675 1.61398e+06
676 1.61399e+06
677 1.61406e+06
678 1.6141e+06
679 1.61411e+06
680 1.61415e+06
681 1.61419e+06
682 1.61426e+06
683 1.6143e+06
684 1.61432e+06
685 1.6144e+06
686 1.61446e+06
687 1.61454e+06
688 1.61463e+06
689 1.61468e+06
690 1.61477e+06
691 1.61482e+06
692 1.61489e+06
693 1.61488e+06
694 1.61496e+06
695 1.61501e+06
696 1.61508e+06
697 1.61511e+06
698 1.61517e+06
699 1.61519e+06
700 1.61519e+06
701 1.61528e+06
702 1.61528e+06
703 1.6153e+06
704 1.61536e+06
705 1.61543e+06
706 1.61544e+06
707 1.6155e+06
708 1.61557e+06
709 1.61566e+06
710 1.61577e+06
711 1.61579e+06
712 1.61583e+06
713 1.61594e+06
714 1.61595e+06
715 1.61595e+06
716 1.6161e+06
717 1.61623e+06
718 1.61625e+06
719 1.61635e+06
720 1.61635e+06
721 1.61636e+06
722 1.61646e+06
723 1.61651e+06
724 1.61654e+06
725 1.61662e+06
726 1.61662e+06
727 1.61666e+06
728 1.6167e+06
729 1.61681e+06
730 1.61684e+06
731 1.61702e+06
732 1.61709e+06
733 1.61713e+06
734 1.61722e+06
735 1.61729e+06
736 1.61731e+06
737 1.61736e+06
738 1.61738e+06
739 1.61743e+06
740 1.61746e+06
741 1.61752e+06
742 1.61758e+06
743 1.6176e+06
744 1.61767e+06
745 1.61769e+06
746 1.61776e+06
747 1.61786e+06
748 1.61798e+06
749 1.61797e+06
750 1.61807e+06
751 1.61817e+06
752 1.61825e+06
753 1.61834e+06
754 1.61849e+06
755 1.61854e+06
756 1.61865e+06
757 1.61872e+06
758 1.61875e+06
759 1.61877e+06
760 1.61878e+06
761 1.61878e+06
762 1.61879e+06
763 1.61884e+06
764 1.61888e+06
765 1.61888e+06
766 1.61891e+06
767 1.61898e+06
768 1.61903e+06
769 1.61912e+06
770 1.61918e+06
771 1.6193e+06
772 1.61933e+06
773 1.61941e+06
774 1.61942e+06
775 1.6195e+06
776 1.61959e+06
777 1.61964e+06
778 1.61969e+06
779 1.6197e+06
780 1.6197e+06
781 1.61976e+06
782 1.61984e+06
783 1.61988e+06
784 1.61994e+06
785 1.61995e+06
786 1.62e+06
787 1.62002e+06
788 1.6202e+06
789 1.6202e+06
790 1.62038e+06
791 1.62037e+06
792 1.62047e+06
793 1.6205e+06
794 1.62055e+06
795 1.62055e+06
796 1.6206e+06
797 1.62068e+06
798 1.62068e+06
799 1.6207e+06
800 1.62076e+06
801 1.62079e+06
802 1.62083e+06
803 1.62083e+06
804 1.62099e+06
805 1.62112e+06
806 1.62112e+06
807 1.62113e+06
808 1.62122e+06
809 1.62129e+06
810 1.62132e+06
811 1.62137e+06
812 1.62146e+06
813 1.62157e+06
814 1.6217e+06
815 1.62171e+06
816 1.62183e+06
817 1.62188e+06
818 1.6219e+06
819 1.62195e+06
820 1.62201e+06
821 1.62212e+06
822 1.62216e+06
823 1.62225e+06
824 1.62231e+06
825 1.62235e+06
826 1.62243e+06
827 1.62245e+06
828 1.62245e+06
829 1.62246e+06
830 1.62253e+06
831 1.62267e+06
832 1.62273e+06
833 1.62278e+06
834 1.6229e+06
835 1.62292e+06
836 1.62301e+06
837 1.62305e+06
838 1.62307e+06
839 1.62308e+06
840 1.62309e+06
841 1.62317e+06
842 1.62327e+06
843 1.62331e+06
844 1.62335e+06
845 1.62337e+06
846 1.62344e+06
847 1.62347e+06
848 1.6236e+06
849 1.62361e+06
850 1.62368e+06
851 1.62373e+06
852 1.62381e+06
853 1.62384e+06
854 1.62388e+06
855 1.62396e+06
856 1.62398e+06
857 1.62399e+06
858 1.62405e+06
859 1.62416e+06
860 1.62426e+06
861 1.62429e+06
862 1.62429e+06
863 1.62437e+06
864 1.62454e+06
865 1.62466e+06
866 1.62478e+06
867 1.62479e+06
868 1.62483e+06
869 1.62486e+06
870 1.62492e+06
871 1.62502e+06
872 1.62504e+06
873 1.62508e+06
874 1.62518e+06
875 1.62523e+06
876 1.62523e+06
877 1.62532e+06
878 1.62534e+06
879 1.6254e+06
880 1.62546e+06
881 1.62547e+06
882 1.62547e+06
883 1.62551e+06
884 1.62555e+06
885 1.62558e+06
886 1.62563e+06
887 1.62564e+06
888 1.62565e+06
889 1.62574e+06
890 1.62583e+06
891 1.62591e+06
892 1.62591e+06
893 1.62593e+06
894 1.62603e+06
895 1.6261e+06
896 1.62613e+06
897 1.62622e+06
898 1.62622e+06
899 1.62624e+06
900 1.62624e+06
901 1.62628e+06
902 1.62631e+06
903 1.6264e+06
904 1.62639e+06
905 1.62647e+06
906 1.62649e+06
907 1.62653e+06
908 1.6266e+06
909 1.62661e+06
910 1.62665e+06
911 1.62665e+06
912 1.6267e+06
913 1.62676e+06
914 1.62682e+06
915 1.62697e+06
916 1.62703e+06
917 1.62712e+06
918 1.62717e+06
919 1.6272e+06
920 1.62724e+06
921 1.62729e+06
922 1.62729e+06
923 1.62739e+06
924 1.62748e+06
925 1.62766e+06
926 1.62768e+06
927 1.62771e+06
928 1.62772e+06
929 1.62772e+06
930 1.62772e+06
931 1.62775e+06
932 1.62785e+06
933 1.62791e+06
934 1.62795e+06
935 1.62806e+06
936 1.62807e+06
937 1.62814e+06
938 1.62822e+06
939 1.62826e+06
940 1.62834e+06
941 1.62838e+06
942 1.62843e+06
943 1.62861e+06
944 1.62862e+06
945 1.62868e+06
946 1.62876e+06
947 1.62882e+06
948 1.62885e+06
949 1.62889e+06
950 1.62889e+06
951 1.62897e+06
952 1.62903e+06
953 1.62905e+06
954 1.62916e+06
955 1.62922e+06
956 1.62924e+06
957 1.62931e+06
958 1.62938e+06
959 1.62943e+06
960 1.62953e+06
961 1.62969e+06
962 1.62974e+06
963 1.62977e+06
964 1.62982e+06
965 1.62991e+06
966 1.62996e+06
967 1.62998e+06
968 1.63006e+06
969 1.63017e+06
970 1.63029e+06
971 1.63032e+06
972 1.63041e+06
973 1.63041e+06
974 1.63049e+06
975 1.63051e+06
976 1.63052e+06
977 1.63053e+06
978 1.63052e+06
979 1.6306e+06
980 1.63074e+06
981 1.63076e+06
982 1.63078e+06
983 1.63086e+06
984 1.63092e+06
985 1.63093e+06
986 1.63094e+06
987 1.631e+06
988 1.63104e+06
989 1.6311e+06
990 1.6311e+06
991 1.63121e+06
992 1.63126e+06
993 1.63126e+06
994 1.63134e+06
995 1.63134e+06
996 1.63141e+06
997 1.63148e+06
998 1.6315e+06
999 1.63154e+06
1000 1.6316e+06
