128 0.3 0.444
0 156776
1 1.56792e+06
2 1.56802e+06
3 1.56815e+06
4 1.56829e+06
5 1.56845e+06
6 1.56852e+06
7 1.56858e+06
8 1.56866e+06
9 1.5687e+06
10 1.56877e+06
11 1.5689e+06
12 1.56897e+06
13 1.56905e+06
14 1.56922e+06
15 1.56931e+06
16 1.56945e+06
17 1.56958e+06
18 1.56974e+06
19 1.56993e+06
20 1.57006e+06
21 1.57023e+06
22 1.57028e+06
23 1.57036e+06
24 1.57053e+06
25 1.57071e+06
26 1.57073e+06
27 1.57077e+06
28 1.57083e+06
29 1.57091e+06
30 1.57104e+06
31 1.57113e+06
32 1.57115e+06
33 1.57119e+06
34 1.57132e+06
35 1.57139e+06
36 1.57152e+06
37 1.57161e+06
38 1.57164e+06
39 1.57165e+06
40 1.57172e+06
41 1.57181e+06
42 1.57183e+06
43 1.57196e+06
44 1.57201e+06
45 1.57202e+06
46 1.57217e+06
47 1.57236e+06
48 1.57253e+06
49 1.57258e+06
50 1.57262e+06
51 1.57267e+06
52 1.57272e+06
53 1.57278e+06
54 1.5729e+06
55 1.57302e+06
56 1.57315e+06
57 1.57315e+06
58 1.57325e+06
59 1.5733e+06
60 1.57337e+06
61 1.5734e+06
62 1.5735e+06
63 1.57351e+06
64 1.5736e+06
65 1.57369e+06
66 1.57394e+06
67 1.57402e+06
68 1.57406e+06
69 1.57416e+06
70 1.57433e+06
71 1.57444e+06
72 1.57459e+06
73 1.57477e+06
74 1.57478e+06
75 1.57485e+06
76 1.57488e+06
77 1.57493e+06
78 1.575e+06
79 1.57512e+06
80 1.57516e+06
81 1.57525e+06
82 1.57532e+06
83 1.5754e+06
84 1.57548e+06
85 1.57565e+06
86 1.57566e+06
87 1.57576e+06
88 1.57585e+06
89 1.5759e+06
90 1.57604e+06
91 1.57613e+06
92 1.57624e+06
93 1.57634e+06
94 1.57646e+06
95 1.57652e+06
96 1.57661e+06
97 1.57674e+06
98 1.57684e+06
99 1.5769e+06
100 1.57696e+06
101 1.57708e+06
102 1.57721e+06
103 1.57732e+06
104 1.57745e+06
105 1.57751e+06
106 1.57754e+06
107 1.57765e+06
108 1.57774e+06
109 1.57778e+06
110 1.57785e+06
111 1.57799e+06
112 1.57809e+06
113 1.57826e+06
114 1.57828e+06
115 1.57839e+06
116 1.57858e+06
117 1.57867e+06
118 1.57877e+06
119 1.57884e+06
120 1.5789e+06
121 1.57897e+06
122 1.57907e+06
123 1.57921e+06
124 1.57929e+06
125 1.57934e+06
126 1.57948e+06
127 1.57956e+06
128 1.57969e+06
129 1.57972e+06
130 1.57978e+06
131 1.57988e+06
132 1.57996e+06
133 1.58004e+06
134 1.58022e+06
135 1.58031e+06
136 1.58041e+06
137 1.58049e+06
138 1.58057e+06
139 1.58061e+06
140 1.58078e+06
141 1.58084e+06
142 1.58089e+06
143 1.58095e+06
144 1.58109e+06
145 1.5812e+06
146 1.58125e+06
147 1.58136e+06
148 1.58139e+06
149 1.58144e+06
150 1.58148e+06
151 1.58154e+06
152 1.58162e+06
153 1.58164e+06
154 1.58176e+06
155 1.58185e+06
156 1.58196e+06
157 1.58205e+06
158 1.58207e+06
159 1.58216e+06
160 1.58224e+06
161 1.58233e+06
162 1.5824e+06
163 1.58249e+06
164 1.5826e+06
165 1.58265e+06
166 1.58273e+06
167 1.58281e+06
168 1.58289e+06
169 1.58298e+06
170 1.58305e+06
171 1.58318e+06
172 1.58324e+06
173 1.5833e+06
174 1.58344e+06
175 1.58353e+06
176 1.58359e+06
177 1.58359e+06
178 1.58364e+06
179 1.58371e+06
180 1.58374e+06
181 1.58378e+06
182 1.58386e+06
183 1.58396e+06
184 1.58406e+06
185 1.58413e+06
186 1.58419e+06
187 1.58436e+06
188 1.58444e+06
189 1.58448e+06
190 1.58448e+06
191 1.58457e+06
192 1.58467e+06
193 1.58472e+06
194 1.58476e+06
195 1.58486e+06
196 1.58491e+06
197 1.58495e+06
198 1.58508e+06
199 1.58509e+06
200 1.58515e+06
201 1.58519e+06
202 1.58525e+06
203 1.58536e+06
204 1.58546e+06
205 1.58555e+06
206 1.58566e+06
207 1.58576e+06
208 1.58577e+06
209 1.5859e+06
210 1.58596e+06
211 1.5861e+06
212 1.58626e+06
213 1.58634e+06
214 1.58643e+06
215 1.58663e+06
216 1.58667e+06
217 1.58672e+06
218 1.58681e+06
219 1.58687e+06
220 1.58698e+06
221 1.58702e+06
222 1.58705e+06
223 1.58714e+06
224 1.5872e+06
225 1.58724e+06
226 1.58736e+06
227 1.5874e+06
228 1.58751e+06
229 1.58769e+06
230 1.58782e+06
231 1.588e+06
232 1.58807e+06
233 1.58811e+06
234 1.58821e+06
235 1.58823e+06
236 1.58844e+06
237 1.58854e+06
238 1.58861e+06
239 1.58869e+06
240 1.58871e+06
241 1.58875e+06
242 1.58886e+06
243 1.58894e+06
244 1.58898e+06
245 1.58902e+06
246 1.58917e+06
247 1.58924e+06
248 1.58928e+06
249 1.58933e+06
250 1.5894e+06
251 1.58946e+06
252 1.58951e+06
253 1.58966e+06
254 1.5897e+06
255 1.58981e+06
256 1.58985e+06
257 1.58994e+06
258 1.59007e+06
259 1.59016e+06
260 1.59016e+06
261 1.59018e+06
262 1.59026e+06
263 1.59034e+06
264 1.59048e+06
265 1.59054e+06
266 1.59071e+06
267 1.59081e+06
268 1.5909e+06
269 1.59101e+06
270 1.59109e+06
271 1.59111e+06
272 1.59116e+06
273 1.59122e+06
274 1.59129e+06
275 1.5913e+06
276 1.59132e+06
277 1.59135e+06
278 1.5915e+06
279 1.59155e+06
280 1.59158e+06
281 1.59162e+06
282 1.59169e+06
283 1.59176e+06
284 1.59186e+06
285 1.59198e+06
286 1.59202e+06
287 1.59205e+06
288 1.59211e+06
289 1.59219e+06
290 1.59225e+06
291 1.59238e+06
292 1.59247e+06
293 1.59252e+06
294 1.59259e+06
295 1.59263e+06
296 1.59273e+06
297 1.59275e+06
298 1.59279e+06
299 1.59283e+06
300 1.59286e+06
301 1.5929e+06
302 1.59295e+06
303 1.59309e+06
304 1.59318e+06
305 1.59326e+06
306 1.59329e+06
307 1.59335e+06
308 1.5934e+06
309 1.59347e+06
310 1.5935e+06
311 1.59354e+06
312 1.59368e+06
313 1.59381e+06
314 1.59386e+06
315 1.59391e+06
316 1.59396e+06
317 1.59401e+06
318 1.59404e+06
319 1.59406e+06
320 1.59409e+06
321 1.59418e+06
322 1.59427e+06
323 1.59435e+06
324 1.59441e+06
325 1.59449e+06
326 1.59458e+06
327 1.59464e+06
328 1.59467e+06
329 1.59467e+06
330 1.59478e+06
331 1.59488e+06
332 1.59493e+06
333 1.59502e+06
334 1.59509e+06
335 1.59522e+06
336 1.59526e+06
337 1.59531e+06
338 1.59534e+06
339 1.5954e+06
340 1.59547e+06
341 1.59558e+06
342 1.59562e+06
343 1.59568e+06
344 1.59578e+06
345 1.59583e+06
346 1.59591e+06
347 1.596e+06
348 1.59602e+06
349 1.59607e+06
350 1.59607e+06
351 1.5961e+06
352 1.59617e+06
353 1.59629e+06
354 1.59634e+06
355 1.59641e+06
356 1.59641e+06
357 1.59642e+06
358 1.59648e+06
359 1.59655e+06
360 1.59664e+06
361 1.59673e+06
362 1.59674e+06
363 1.59674e+06
364 1.59681e+06
365 1.59686e+06
366 1.59697e+06
367 1.59698e+06
368 1.59707e+06
369 1.59716e+06
370 1.59723e+06
371 1.5973e+06
372 1.59738e+06
373 1.59756e+06
374 1.59756e+06
375 1.59764e+06
376 1.5977e+06
377 1.59773e+06
378 1.59779e+06
379 1.59781e+06
380 1.59786e+06
381 1.59787e+06
382 1.59804e+06
383 1.59809e+06
384 1.59811e+06
385 1.59813e+06
386 1.59816e+06
387 1.59816e+06
388 1.59826e+06
389 1.59828e+06
390 1.59834e+06
391 1.59837e+06
392 1.5984e+06
393 1.59842e+06
394 1.59854e+06
395 1.59858e+06
396 1.59867e+06
397 1.59869e+06
398 1.59884e+06
399 1.5989e+06
400 1.59896e+06
401 1.59916e+06
402 1.59918e+06
403 1.59926e+06
404 1.59929e+06
405 1.59929e+06
406 1.59934e+06
407 1.5994e+06
408 1.59947e+06
409 1.59951e+06
410 1.59958e+06
411 1.59971e+06
412 1.59979e+06
413 1.59983e+06
414 1.59994e+06
415 1.59999e+06
416 1.60009e+06
417 1.60025e+06
418 1.60036e+06
419 1.60042e+06
420 1.60051e+06
421 1.60051e+06
422 1.60059e+06
423 1.60073e+06
424 1.60074e+06
425 1.60078e+06
426 1.60083e+06
427 1.60084e+06
428 1.6009e+06
429 1.60101e+06
430 1.6011e+06
431 1.60119e+06
432 1.60124e+06
433 1.60126e+06
434 1.60127e+06
435 1.6013e+06
436 1.60132e+06
437 1.60133e+06
438 1.60135e+06
439 1.60148e+06
440 1.6015e+06
441 1.60161e+06
442 1.60169e+06
443 1.60169e+06
444 1.60171e+06
445 1.60174e+06
446 1.60179e+06
447 1.60184e+06
448 1.60187e+06
449 1.60192e+06
450 1.60205e+06
451 1.60219e+06
452 1.6023e+06
453 1.60235e+06
454 1.60239e+06
455 1.60252e+06
456 1.60262e+06
457 1.60269e+06
458 1.60271e+06
459 1.60285e+06
460 1.60285e+06
461 1.60286e+06
462 1.60291e+06
463 1.603e+06
464 1.60303e+06
465 1.60305e+06
466 1.60313e+06
467 1.60321e+06
468 1.60324e+06
469 1.60333e+06
470 1.60334e+06
471 1.60334e+06
472 1.60337e+06
473 1.60345e+06
474 1.60359e+06
475 1.60359e+06
476 1.60373e+06
477 1.60383e+06
478 1.60384e+06
479 1.60386e+06
480 1.60387e+06
481 1.60395e+06
482 1.60396e+06
483 1.604e+06
484 1.60401e+06
485 1.60406e+06
486 1.60407e+06
487 1.60407e+06
488 1.6041e+06
489 1.60411e+06
490 1.60414e+06
491 1.60416e+06
492 1.60422e+06
493 1.60428e+06
494 1.60432e+06
495 1.60434e+06
496 1.6044e+06
497 1.6045e+06
498 1.60458e+06
499 1.60461e+06
500 1.60469e+06
501 1.60469e+06
502 1.60472e+06
503 1.60476e+06
504 1.60478e+06
505 1.60479e+06
506 1.6048e+06
507 1.60487e+06
508 1.60494e+06
509 1.60505e+06
510 1.6051e+06
511 1.60518e+06
512 1.6053e+06
513 1.60538e+06
514 1.60544e+06
515 1.60553e+06
516 1.60553e+06
517 1.60559e+06
518 1.6056e+06
519 1.60562e+06
520 1.60571e+06
521 1.60575e+06
522 1.60586e+06
523 1.60588e+06
524 1.6059e+06
525 1.60596e+06
526 1.606e+06
527 1.60606e+06
528 1.60606e+06
529 1.60606e+06
530 1.60625e+06
531 1.60626e+06
532 1.60637e+06
533 1.60644e+06
534 1.60648e+06
535 1.60651e+06
536 1.60655e+06
537 1.60657e+06
538 1.6066e+06
539 1.60671e+06
540 1.60677e+06
541 1.60679e+06
542 1.6068e+06
543 1.60682e+06
544 1.60684e+06
545 1.6069e+06
546 1.607e+06
547 1.60712e+06
548 1.60717e+06
549 1.60724e+06
550 1.60725e+06
551 1.60729e+06
552 1.60733e+06
553 1.60744e+06
554 1.60755e+06
555 1.60761e+06
556 1.60768e+06
557 1.60777e+06
558 1.60782e+06
559 1.60789e+06
560 1.60817e+06
561 1.60823e+06
562 1.60823e+06
563 1.60824e+06
564 1.60828e+06
565 1.60829e+06
566 1.6084e+06
567 1.60844e+06
568 1.60846e+06
569 1.60852e+06
570 1.60864e+06
571 1.60869e+06
572 1.60872e+06
573 1.60874e+06
574 1.60875e+06
575 1.60877e+06
576 1.60881e+06
577 1.60886e+06
578 1.60898e+06
579 1.609e+06
580 1.60904e+06
581 1.60911e+06
582 1.60912e+06
583 1.60922e+06
584 1.60938e+06
585 1.60938e+06
586 1.60943e+06
587 1.60949e+06
588 1.60959e+06
589 1.60959e+06
590 1.60963e+06
591 1.60972e+06
592 1.60981e+06
593 1.60988e+06
594 1.60994e+06
595 1.61005e+06
596 1.61005e+06
597 1.61009e+06
598 1.6101e+06
599 1.61014e+06
600 1.61018e+06
601 1.61022e+06
602 1.61026e+06
603 1.61028e+06
604 1.61038e+06
605 1.61051e+06
606 1.6106e+06
607 1.61061e+06
608 1.61061e+06
609 1.61065e+06
610 1.61074e+06
611 1.61085e+06
612 1.61088e+06
613 1.61094e+06
614 1.61101e+06
615 1.61104e+06
616 1.61114e+06
617 1.61125e+06
618 1.61129e+06
619 1.61138e+06
620 1.61141e+06
621 1.61151e+06
622 1.61156e+06
623 1.61169e+06
624 1.61176e+06
625 1.6118e+06
626 1.61187e+06
627 1.61188e+06
628 1.61198e+06
629 1.61213e+06
630 1.61224e+06
631 1.61231e+06
632 1.61242e+06
633 1.61246e+06
634 1.61258e+06
635 1.61263e+06
636 1.61267e+06
637 1.61268e+06
638 1.61274e+06
639 1.61287e+06
640 1.6129e+06
641 1.61292e+06
642 1.61299e+06
643 1.61304e+06
644 1.61308e+06
645 1.61314e+06
646 1.61321e+06
647 1.6133e+06
648 1.61333e+06
649 1.61355e+06
650 1.61358e+06
651 1.61367e+06
652 1.6137e+06
653 1.61376e+06
654 1.61384e+06
655 1.6139e+06
656 1.61394e+06
657 1.61401e+06
658 1.61408e+06
659 1.6142e+06
660 1.61423e+06
661 1.61433e+06
662 1.61434e+06
663 1.61436e+06
664 1.61443e+06
665 1.61447e+06
666 1.61452e+06
667 1.61458e+06
668 1.61462e+06
669 1.61464e+06
670 1.61475e+06
671 1.61479e+06
672 1.61489e+06
673 1.61496e+06
674 1.61508e+06
675 1.61509e+06
676 1.6152e+06
677 1.61525e+06
678 1.6153e+06
679 1.61533e+06
680 1.61542e+06
681 1.61549e+06
682 1.61552e+06
683 1.61565e+06
684 1.61569e+06
685 1.61574e+06
686 1.61575e+06
687 1.6158e+06
688 1.61585e+06
689 1.6159e+06
690 1.61593e+06
691 1.616e+06
692 1.61605e+06
693 1.61611e+06
694 1.61613e+06
695 1.6162e+06
696 1.61625e+06
697 1.61631e+06
698 1.61632e+06
699 1.61633e+06
700 1.61638e+06
701 1.61654e+06
702 1.61656e+06
703 1.6166e+06
704 1.61667e+06
705 1.61675e+06
706 1.61677e+06
707 1.61685e+06
708 1.61692e+06
709 1.61703e+06
710 1.61706e+06
711 1.61707e+06
712 1.61722e+06
713 1.61728e+06
714 1.61737e+06
715 1.61751e+06
716 1.61758e+06
717 1.61764e+06
718 1.61777e+06
719 1.61779e+06
720 1.61784e+06
721 1.6179e+06
722 1.61793e+06
723 1.61807e+06
724 1.61809e+06
725 1.61812e+06
726 1.61812e+06
727 1.6182e+06
728 1.61822e+06
729 1.61824e+06
730 1.61832e+06
731 1.61839e+06
732 1.61851e+06
733 1.61854e+06
734 1.61863e+06
735 1.61869e+06
736 1.61869e+06
737 1.61876e+06
738 1.61882e+06
739 1.61882e+06
740 1.6189e+06
741 1.61892e+06
742 1.61897e+06
743 1.61897e+06
744 1.61898e+06
745 1.61906e+06
746 1.61912e+06
747 1.61913e+06
748 1.61917e+06
749 1.61918e+06
750 1.61919e+06
751 1.61919e+06
752 1.61928e+06
753 1.61931e+06
754 1.61935e+06
755 1.61948e+06
756 1.61964e+06
757 1.61971e+06
758 1.61978e+06
759 1.61987e+06
760 1.61988e+06
761 1.61991e+06
762 1.61994e+06
763 1.61994e+06
764 1.61995e+06
765 1.62001e+06
766 1.62006e+06
767 1.6201e+06
768 1.62021e+06
769 1.62028e+06
770 1.6203e+06
771 1.62043e+06
772 1.62044e+06
773 1.62046e+06
774 1.62048e+06
775 1.62052e+06
776 1.62063e+06
777 1.62071e+06
778 1.62075e+06
779 1.62081e+06
780 1.62083e+06
781 1.6209e+06
782 1.62096e+06
783 1.62106e+06
784 1.62106e+06
785 1.62108e+06
786 1.6211e+06
787 1.62114e+06
788 1.62118e+06
789 1.62128e+06
790 1.62128e+06
791 1.62129e+06
792 1.62134e+06
793 1.62134e+06
794 1.62145e+06
795 1.62152e+06
796 1.62153e+06
797 1.62155e+06
798 1.6216e+06
799 1.62167e+06
800 1.62167e+06
801 1.62171e+06
802 1.62179e+06
803 1.6218e+06
804 1.6218e+06
805 1.62185e+06
806 1.62186e+06
807 1.62195e+06
808 1.62202e+06
809 1.62207e+06
810 1.62208e+06
811 1.62208e+06
812 1.62217e+06
813 1.62224e+06
814 1.62234e+06
815 1.62245e+06
816 1.62247e+06
817 1.62249e+06
818 1.62267e+06
819 1.62287e+06
820 1.6229e+06
821 1.62301e+06
822 1.62302e+06
823 1.62306e+06
824 1.62312e+06
825 1.62324e+06
826 1.62337e+06
827 1.62339e+06
828 1.62342e+06
829 1.62347e+06
830 1.62351e+06
831 1.62365e+06
832 1.6237e+06
833 1.62373e+06
834 1.62373e+06
835 1.62377e+06
836 1.62382e+06
837 1.62385e+06
838 1.62389e+06
839 1.62394e+06
840 1.62404e+06
841 1.6241e+06
842 1.62412e+06
843 1.62412e+06
844 1.62421e+06
845 1.62425e+06
846 1.62428e+06
847 1.62435e+06
848 1.62446e+06
849 1.62456e+06
850 1.62466e+06
851 1.62469e+06
852 1.62474e+06
853 1.62478e+06
854 1.6248e+06
855 1.62481e+06
856 1.62493e+06
857 1.62493e+06
858 1.625e+06
859 1.62505e+06
860 1.6251e+06
861 1.6251e+06
862 1.62516e+06
863 1.62528e+06
864 1.62528e+06
865 1.62535e+06
866 1.62538e+06
867 1.6254e+06
868 1.62545e+06
869 1.62551e+06
870 1.62557e+06
871 1.62564e+06
872 1.62577e+06
873 1.62586e+06
874 1.62598e+06
875 1.62598e+06
876 1.62605e+06
877 1.6261e+06
878 1.62612e+06
879 1.62617e+06
880 1.62621e+06
881 1.62625e+06
882 1.62628e+06
883 1.62628e+06
884 1.62645e+06
885 1.6265e+06
886 1.62659e+06
887 1.62662e+06
888 1.62674e+06
889 1.62674e+06
890 1.62678e+06
891 1.62684e+06
892 1.62697e+06
893 1.62704e+06
894 1.62718e+06
895 1.62722e+06
896 1.62728e+06
897 1.62738e+06
898 1.62745e+06
899 1.62749e+06
900 1.6275e+06
901 1.62756e+06
902 1.62757e+06
903 1.62766e+06
904 1.62774e+06
905 1.62774e+06
906 1.62776e+06
907 1.62776e+06
908 1.62781e+06
909 1.62789e+06
910 1.62795e+06
911 1.62797e+06
912 1.62801e+06
913 1.62801e+06
914 1.62802e+06
915 1.62804e+06
916 1.62807e+06
917 1.62816e+06
918 1.62816e+06
919 1.62818e+06
920 1.62825e+06
921 1.62828e+06
922 1.62838e+06
923 1.62838e+06
924 1.62841e+06
925 1.62841e+06
926 1.62858e+06
927 1.62863e+06
928 1.6287e+06
929 1.62875e+06
930 1.62879e+06
931 1.62885e+06
932 1.62896e+06
933 1.629e+06
934 1.62918e+06
935 1.6292e+06
936 1.62924e+06
937 1.62931e+06
938 1.62934e+06
939 1.62935e+06
940 1.62944e+06
941 1.62952e+06
942 1.62958e+06
943 1.62958e+06
944 1.6296e+06
945 1.62963e+06
946 1.62964e+06
947 1.62968e+06
948 1.62968e+06
949 1.62974e+06
950 1.62985e+06
951 1.62985e+06
952 1.62985e+06
953 1.62985e+06
954 1.62991e+06
955 1.62994e+06
956 1.63009e+06
957 1.63012e+06
958 1.6302e+06
959 1.63025e+06
960 1.63027e+06
961 1.63034e+06
962 1.63036e+06
963 1.63036e+06
964 1.63035e+06
965 1.63038e+06
966 1.63046e+06
967 1.63048e+06
968 1.63055e+06
969 1.63064e+06
970 1.63066e+06
971 1.63069e+06
972 1.63076e+06
973 1.63084e+06
974 1.63086e+06
975 1.63096e+06
976 1.63106e+06
977 1.63108e+06
978 1.63118e+06
979 1.63124e+06
980 1.63131e+06
981 1.63138e+06
982 1.63144e+06
983 1.6315e+06
984 1.63167e+06
985 1.63172e+06
986 1.63177e+06
987 1.63178e+06
988 1.63179e+06
989 1.63179e+06
990 1.6318e+06
991 1.63183e+06
992 1.63187e+06
993 1.63188e+06
994 1.63192e+06
995 1.63197e+06
996 1.63201e+06
997 1.63205e+06
998 1.63211e+06
999 1.63212e+06
1000 1.63214e+06
