128 0.3 0.432
0 156776
1 1.5679e+06
2 1.56795e+06
3 1.56801e+06
4 1.56805e+06
5 1.56812e+06
6 1.56823e+06
7 1.56831e+06
8 1.5684e+06
9 1.56849e+06
10 1.56872e+06
11 1.56887e+06
12 1.56886e+06
13 1.5689e+06
14 1.56899e+06
15 1.5691e+06
16 1.5692e+06
17 1.5694e+06
18 1.56957e+06
19 1.56965e+06
20 1.56973e+06
21 1.56984e+06
22 1.56998e+06
23 1.57011e+06
24 1.57021e+06
25 1.57026e+06
26 1.57044e+06
27 1.57049e+06
28 1.57055e+06
29 1.57063e+06
30 1.57069e+06
31 1.5708e+06
32 1.57088e+06
33 1.57099e+06
34 1.57106e+06
35 1.57114e+06
36 1.57122e+06
37 1.57128e+06
38 1.57132e+06
39 1.57142e+06
40 1.57147e+06
41 1.5716e+06
42 1.5717e+06
43 1.57183e+06
44 1.57191e+06
45 1.57195e+06
46 1.57197e+06
47 1.5721e+06
48 1.57222e+06
49 1.57233e+06
50 1.57245e+06
51 1.57251e+06
52 1.57253e+06
53 1.57268e+06
54 1.57272e+06
55 1.57281e+06
56 1.57293e+06
57 1.57294e+06
58 1.57301e+06
59 1.57322e+06
60 1.57325e+06
61 1.5733e+06
62 1.5734e+06
63 1.5735e+06
64 1.57365e+06
65 1.57366e+06
66 1.57373e+06
67 1.57378e+06
68 1.57382e+06
69 1.57391e+06
70 1.57394e+06
71 1.57404e+06
72 1.57414e+06
73 1.5742e+06
74 1.57425e+06
75 1.57436e+06
76 1.57443e+06
77 1.57448e+06
78 1.57455e+06
79 1.57465e+06
80 1.57472e+06
81 1.57479e+06
82 1.57489e+06
83 1.57504e+06
84 1.57518e+06
85 1.57527e+06
86 1.57532e+06
87 1.5755e+06
88 1.57559e+06
89 1.5756e+06
90 1.57567e+06
91 1.57576e+06
92 1.57579e+06
93 1.57597e+06
94 1.57604e+06
95 1.57604e+06
96 1.57606e+06
97 1.57613e+06
98 1.57624e+06
99 1.57633e+06
100 1.5764e+06
101 1.57648e+06
102 1.57657e+06
103 1.57665e+06
104 1.57672e+06
105 1.57689e+06
106 1.577e+06
107 1.57712e+06
108 1.57716e+06
109 1.57722e+06
110 1.57723e+06
111 1.5774e+06
112 1.57752e+06
113 1.57756e+06
114 1.5777e+06
115 1.57778e+06
116 1.57785e+06
117 1.57793e+06
118 1.57801e+06
119 1.57804e+06
120 1.57814e+06
121 1.57821e+06
122 1.57832e+06
123 1.57839e+06
124 1.57852e+06
125 1.57864e+06
126 1.57869e+06
127 1.57872e+06
128 1.57882e+06
129 1.57906e+06
130 1.57908e+06
131 1.57914e+06
132 1.57933e+06
133 1.57947e+06
134 1.5796e+06
135 1.57965e+06
136 1.57976e+06
137 1.57985e+06
138 1.57987e+06
139 1.57992e+06
140 1.57998e+06
141 1.58008e+06
142 1.58017e+06
143 1.58024e+06
144 1.58037e+06
145 1.58045e+06
146 1.58054e+06
147 1.58065e+06
148 1.58073e+06
149 1.58082e+06
150 1.58093e+06
151 1.58104e+06
152 1.5811e+06
153 1.58114e+06
154 1.58116e+06
155 1.58118e+06
156 1.58121e+06
157 1.58133e+06
158 1.58138e+06
159 1.58142e+06
160 1.58144e+06
161 1.5815e+06
162 1.58169e+06
163 1.5818e+06
164 1.5819e+06
165 1.58196e+06
166 1.582e+06
167 1.58208e+06
168 1.58211e+06
169 1.58217e+06
170 1.58231e+06
171 1.58239e+06
172 1.58254e+06
173 1.58262e+06
174 1.58263e+06
175 1.58267e+06
176 1.58282e+06
177 1.58285e+06
178 1.58296e+06
179 1.58304e+06
180 1.58315e+06
181 1.58316e+06
182 1.58318e+06
183 1.58323e+06
184 1.58327e+06
185 1.58332e+06
186 1.58348e+06
187 1.58353e+06
188 1.5836e+06
189 1.58369e+06
190 1.58379e+06
191 1.58389e+06
192 1.58398e+06
193 1.58403e+06
194 1.58412e+06
195 1.58412e+06
196 1.58415e+06
197 1.58415e+06
198 1.58418e+06
199 1.58424e+06
200 1.58426e+06
201 1.58434e+06
202 1.58439e+06
203 1.58448e+06
204 1.58464e+06
205 1.58475e+06
206 1.58486e+06
207 1.5849e+06
208 1.585e+06
209 1.58508e+06
210 1.58521e+06
211 1.58529e+06
212 1.58531e+06
213 1.58535e+06
214 1.58543e+06
215 1.58557e+06
216 1.58561e+06
217 1.58571e+06
218 1.58571e+06
219 1.58591e+06
220 1.58603e+06
221 1.58608e+06
222 1.58625e+06
223 1.58634e+06
224 1.58638e+06
225 1.58638e+06
226 1.5864e+06
227 1.58645e+06
228 1.58652e+06
229 1.58653e+06
230 1.58664e+06
231 1.58672e+06
232 1.58684e+06
233 1.5869e+06
234 1.58693e+06
235 1.587e+06
236 1.58704e+06
237 1.58712e+06
238 1.58715e+06
239 1.58727e+06
240 1.58741e+06
241 1.58742e+06
242 1.58745e+06
243 1.58766e+06
244 1.58772e+06
245 1.58779e+06
246 1.58787e+06
247 1.58794e+06
248 1.58803e+06
249 1.58815e+06
250 1.58827e+06
251 1.58834e+06
252 1.58846e+06
253 1.58853e+06
254 1.58866e+06
255 1.58866e+06
256 1.58872e+06
257 1.5888e+06
258 1.5889e+06
259 1.589e+06
260 1.5891e+06
261 1.58916e+06
262 1.58919e+06
263 1.58935e+06
264 1.58942e+06
265 1.58948e+06
266 1.58951e+06
267 1.58952e+06
268 1.5896e+06
269 1.58969e+06
270 1.58973e+06
271 1.58976e+06
272 1.58991e+06
273 1.58991e+06
274 1.58995e+06
275 1.59007e+06
276 1.59014e+06
277 1.59028e+06
278 1.59036e+06
279 1.59038e+06
280 1.59045e+06
281 1.59049e+06
282 1.5905e+06
283 1.59058e+06
284 1.59072e+06
285 1.59087e+06
286 1.59093e+06
287 1.59097e+06
288 1.59099e+06
289 1.59103e+06
290 1.5911e+06
291 1.59118e+06
292 1.59124e+06
293 1.59133e+06
294 1.59143e+06
295 1.59148e+06
296 1.5915e+06
297 1.5915e+06
298 1.59157e+06
299 1.59159e+06
300 1.59166e+06
301 1.59171e+06
302 1.59181e+06
303 1.59184e+06
304 1.59198e+06
305 1.59205e+06
306 1.59217e+06
307 1.59225e+06
308 1.59233e+06
309 1.5924e+06
310 1.59255e+06
311 1.59266e+06
312 1.59271e+06
313 1.59279e+06
314 1.59296e+06
315 1.59298e+06
316 1.59301e+06
317 1.59306e+06
318 1.59313e+06
319 1.59319e+06
320 1.59327e+06
321 1.59334e+06
322 1.59339e+06
323 1.59343e+06
324 1.59352e+06
325 1.59367e+06
326 1.59372e+06
327 1.5938e+06
328 1.59383e+06
329 1.59385e+06
330 1.59396e+06
331 1.59403e+06
332 1.59405e+06
333 1.59408e+06
334 1.59421e+06
335 1.5943e+06
336 1.59434e+06
337 1.5944e+06
338 1.59443e+06
339 1.59446e+06
340 1.59459e+06
341 1.59468e+06
342 1.59477e+06
343 1.59481e+06
344 1.59488e+06
345 1.59502e+06
346 1.59507e+06
347 1.59512e+06
348 1.59516e+06
349 1.59524e+06
350 1.59525e+06
351 1.59529e+06
352 1.59536e+06
353 1.59544e+06
354 1.59548e+06
355 1.59552e+06
356 1.59557e+06
357 1.59565e+06
358 1.5957e+06
359 1.59571e+06
360 1.59577e+06
361 1.59588e+06
362 1.59593e+06
363 1.59604e+06
364 1.59612e+06
365 1.59617e+06
366 1.5962e+06
367 1.59623e+06
368 1.59628e+06
369 1.59628e+06
370 1.59631e+06
371 1.59639e+06
372 1.59646e+06
373 1.59652e+06
374 1.59664e+06
375 1.59669e+06
376 1.5968e+06
377 1.59688e+06
378 1.59703e+06
379 1.5971e+06
380 1.59711e+06
381 1.59716e+06
382 1.59729e+06
383 1.59733e+06
384 1.59737e+06
385 1.59746e+06
386 1.59751e+06
387 1.59753e+06
388 1.59764e+06
389 1.59771e+06
390 1.59777e+06
391 1.59786e+06
392 1.5979e+06
393 1.59801e+06
394 1.59806e+06
395 1.59811e+06
396 1.59814e+06
397 1.59816e+06
398 1.5982e+06
399 1.59826e+06
400 1.59836e+06
401 1.59843e+06
402 1.59854e+06
403 1.59858e+06
404 1.59864e+06
405 1.59871e+06
406 1.59878e+06
407 1.59881e+06
408 1.59881e+06
409 1.59883e+06
410 1.59891e+06
411 1.59899e+06
412 1.59899e+06
413 1.59903e+06
414 1.59912e+06
415 1.59923e+06
416 1.59932e+06
417 1.59937e+06
418 1.5994e+06
419 1.59944e+06
420 1.59954e+06
421 1.59956e+06
422 1.59962e+06
423 1.5997e+06
424 1.59972e+06
425 1.59978e+06
426 1.59984e+06
427 1.59985e+06
428 1.59992e+06
429 1.60002e+06
430 1.60015e+06
431 1.60017e+06
432 1.6002e+06
433 1.60032e+06
434 1.60032e+06
435 1.60039e+06
436 1.60042e+06
437 1.60045e+06
438 1.60057e+06
439 1.6006e+06
440 1.60066e+06
441 1.60071e+06
442 1.60076e+06
443 1.6008e+06
444 1.60084e+06
445 1.60094e+06
446 1.601e+06
447 1.60104e+06
448 1.60105e+06
449 1.60109e+06
450 1.60121e+06
451 1.60125e+06
452 1.60131e+06
453 1.60132e+06
454 1.60135e+06
455 1.60143e+06
456 1.60145e+06
457 1.60157e+06
458 1.60161e+06
459 1.60167e+06
460 1.60179e+06
461 1.60202e+06
462 1.6021e+06
463 1.60216e+06
464 1.60232e+06
465 1.60232e+06
466 1.60239e+06
467 1.60244e+06
468 1.60251e+06
469 1.60251e+06
470 1.60256e+06
471 1.60263e+06
472 1.60265e+06
473 1.60268e+06
474 1.60274e+06
475 1.60279e+06
476 1.60285e+06
477 1.60298e+06
478 1.60301e+06
479 1.60305e+06
480 1.60311e+06
481 1.60319e+06
482 1.60328e+06
483 1.60331e+06
484 1.60338e+06
485 1.60342e+06
486 1.60359e+06
487 1.60363e+06
488 1.60366e+06
489 1.60367e+06
490 1.6037e+06
491 1.60373e+06
492 1.60375e+06
493 1.60383e+06
494 1.60388e+06
495 1.60398e+06
496 1.60407e+06
497 1.60409e+06
498 1.60412e+06
499 1.60421e+06
500 1.60423e+06
501 1.60438e+06
502 1.60446e+06
503 1.60456e+06
504 1.60463e+06
505 1.60471e+06
506 1.60484e+06
507 1.60485e+06
508 1.60494e+06
509 1.60501e+06
510 1.60504e+06
511 1.60505e+06
512 1.60515e+06
513 1.6053e+06
514 1.60536e+06
515 1.60547e+06
516 1.6055e+06
517 1.60559e+06
518 1.6056e+06
519 1.60576e+06
520 1.60585e+06
521 1.60591e+06
522 1.60594e+06
523 1.60597e+06
524 1.60604e+06
525 1.60606e+06
526 1.6061e+06
527 1.60616e+06
528 1.60617e+06
529 1.6062e+06
530 1.60626e+06
531 1.60638e+06
532 1.60644e+06
533 1.60646e+06
534 1.60656e+06
535 1.60659e+06
536 1.60659e+06
537 1.60664e+06
538 1.60672e+06
539 1.60677e+06
540 1.60685e+06
541 1.60686e+06
542 1.60692e+06
543 1.607e+06
544 1.60702e+06
545 1.6071e+06
546 1.60722e+06
547 1.60737e+06
548 1.6075e+06
549 1.60759e+06
550 1.60767e+06
551 1.60771e+06
552 1.60775e+06
553 1.60783e+06
554 1.60789e+06
555 1.60789e+06
556 1.60799e+06
557 1.60811e+06
558 1.60813e+06
559 1.60817e+06
560 1.60825e+06
561 1.6083e+06
562 1.60832e+06
563 1.60839e+06
564 1.60845e+06
565 1.60846e+06
566 1.6085e+06
567 1.60854e+06
568 1.60863e+06
569 1.60867e+06
570 1.60875e+06
571 1.60882e+06
572 1.60889e+06
573 1.60896e+06
574 1.60908e+06
575 1.60921e+06
576 1.60927e+06
577 1.60934e+06
578 1.60941e+06
579 1.60943e+06
580 1.60944e+06
581 1.60948e+06
582 1.60951e+06
583 1.60956e+06
584 1.60956e+06
585 1.60966e+06
586 1.60972e+06
587 1.60978e+06
588 1.60981e+06
589 1.60981e+06
590 1.60984e+06
591 1.60987e+06
592 1.60997e+06
593 1.60997e+06
594 1.61005e+06
595 1.61009e+06
596 1.61022e+06
597 1.61024e+06
598 1.61034e+06
599 1.6104e+06
600 1.6105e+06
601 1.61052e+06
602 1.61055e+06
603 1.61057e+06
604 1.61062e+06
605 1.61066e+06
606 1.61067e+06
607 1.61077e+06
608 1.61081e+06
609 1.61088e+06
610 1.61093e+06
611 1.61102e+06
612 1.61103e+06
613 1.61118e+06
614 1.61126e+06
615 1.61127e+06
616 1.61129e+06
617 1.61134e+06
618 1.6114e+06
619 1.6114e+06
620 1.61143e+06
621 1.61145e+06
622 1.61149e+06
623 1.6115e+06
624 1.61155e+06
625 1.61173e+06
626 1.61181e+06
627 1.6119e+06
628 1.61194e+06
629 1.61195e+06
630 1.61195e+06
631 1.61202e+06
632 1.61215e+06
633 1.6122e+06
634 1.61236e+06
635 1.61243e+06
636 1.61248e+06
637 1.61253e+06
638 1.61256e+06
639 1.6126e+06
640 1.61262e+06
641 1.61273e+06
642 1.61274e+06
643 1.6128e+06
644 1.61286e+06
645 1.61297e+06
646 1.61301e+06
647 1.61304e+06
648 1.61308e+06
649 1.61311e+06
650 1.61312e+06
651 1.61314e+06
652 1.61315e+06
653 1.61324e+06
654 1.61328e+06
655 1.6134e+06
656 1.61353e+06
657 1.61353e+06
658 1.61364e+06
659 1.61372e+06
660 1.6138e+06
661 1.6138e+06
662 1.6138e+06
663 1.61387e+06
664 1.61391e+06
665 1.61398e+06
666 1.61405e+06
667 1.61414e+06
668 1.61417e+06
669 1.61421e+06
670 1.61422e+06
671 1.61422e+06
672 1.61427e+06
673 1.61435e+06
674 1.61443e+06
675 1.61448e+06
676 1.61458e+06
677 1.61458e+06
678 1.61458e+06
679 1.61461e+06
680 1.61471e+06
681 1.61473e+06
682 1.61476e+06
683 1.61483e+06
684 1.61484e+06
685 1.61489e+06
686 1.61499e+06
687 1.61501e+06
688 1.61504e+06
689 1.61508e+06
690 1.61512e+06
691 1.61513e+06
692 1.61519e+06
693 1.61523e+06
694 1.61527e+06
695 1.61528e+06
696 1.6153e+06
697 1.61542e+06
698 1.61548e+06
699 1.61551e+06
700 1.61562e+06
701 1.61562e+06
702 1.61572e+06
703 1.61572e+06
704 1.61582e+06
705 1.61588e+06
706 1.6159e+06
707 1.6159e+06
708 1.6159e+06
709 1.61599e+06
710 1.6161e+06
711 1.61614e+06
712 1.61621e+06
713 1.61623e+06
714 1.61626e+06
715 1.61634e+06
716 1.61636e+06
717 1.61639e+06
718 1.61643e+06
719 1.61645e+06
720 1.61646e+06
721 1.61648e+06
722 1.61665e+06
723 1.61678e+06
724 1.6168e+06
725 1.61694e+06
726 1.61698e+06
727 1.617e+06
728 1.61704e+06
729 1.61711e+06
730 1.61718e+06
731 1.61722e+06
732 1.61728e+06
733 1.61739e+06
734 1.61745e+06
735 1.61746e+06
736 1.61752e+06
737 1.61764e+06
738 1.61767e+06
739 1.61774e+06
740 1.61779e+06
741 1.61782e+06
742 1.61782e+06
743 1.61785e+06
744 1.6179e+06
745 1.618e+06
746 1.6181e+06
747 1.61816e+06
748 1.61823e+06
749 1.61826e+06
750 1.61831e+06
751 1.61834e+06
752 1.61838e+06
753 1.61839e+06
754 1.61844e+06
755 1.61854e+06
756 1.61856e+06
757 1.61863e+06
758 1.61868e+06
759 1.61877e+06
760 1.61884e+06
761 1.61885e+06
762 1.61887e+06
763 1.6189e+06
764 1.61891e+06
765 1.61891e+06
766 1.61895e+06
767 1.61898e+06
768 1.61906e+06
769 1.61923e+06
770 1.61925e+06
771 1.61934e+06
772 1.61935e+06
773 1.61943e+06
774 1.61944e+06
775 1.61953e+06
776 1.61956e+06
777 1.61965e+06
778 1.61967e+06
779 1.6197e+06
780 1.61975e+06
781 1.61976e+06
782 1.6198e+06
783 1.6198e+06
784 1.6198e+06
785 1.61987e+06
786 1.61991e+06
787 1.61999e+06
788 1.62003e+06
789 1.62007e+06
790 1.62011e+06
791 1.62012e+06
792 1.62013e+06
793 1.62015e+06
794 1.62016e+06
795 1.62035e+06
796 1.62036e+06
797 1.62042e+06
798 1.62042e+06
799 1.62047e+06
800 1.62053e+06
801 1.62056e+06
802 1.62063e+06
803 1.6207e+06
804 1.62073e+06
805 1.62081e+06
806 1.62085e+06
807 1.6209e+06
808 1.62095e+06
809 1.62102e+06
810 1.62103e+06
811 1.62109e+06
812 1.62118e+06
813 1.62124e+06
814 1.62132e+06
815 1.62132e+06
816 1.62134e+06
817 1.6214e+06
818 1.62154e+06
819 1.62161e+06
820 1.62167e+06
821 1.62174e+06
822 1.6218e+06
823 1.62185e+06
824 1.6219e+06
825 1.6219e+06
826 1.622e+06
827 1.62204e+06
828 1.62215e+06
829 1.62224e+06
830 1.62226e+06
831 1.62231e+06
832 1.62235e+06
833 1.62241e+06
834 1.62244e+06
835 1.62261e+06
836 1.62267e+06
837 1.62281e+06
838 1.62286e+06
839 1.62291e+06
840 1.62306e+06
841 1.62306e+06
842 1.6231e+06
843 1.6231e+06
844 1.62325e+06
845 1.6233e+06
846 1.62334e+06
847 1.6234e+06
848 1.62344e+06
849 1.6235e+06
850 1.6235e+06
851 1.6236e+06
852 1.62378e+06
853 1.62384e+06
854 1.6239e+06
855 1.62394e+06
856 1.62407e+06
857 1.62414e+06
858 1.62418e+06
859 1.62421e+06
860 1.62425e+06
861 1.62433e+06
862 1.62433e+06
863 1.62439e+06
864 1.62441e+06
865 1.62444e+06
866 1.62447e+06
867 1.62456e+06
868 1.62458e+06
869 1.6246e+06
870 1.62466e+06
871 1.62468e+06
872 1.62484e+06
873 1.62491e+06
874 1.625e+06
875 1.62504e+06
876 1.62521e+06
877 1.62524e+06
878 1.62529e+06
879 1.62534e+06
880 1.62535e+06
881 1.62543e+06
882 1.62543e+06
883 1.62543e+06
884 1.62551e+06
885 1.62554e+06
886 1.62556e+06
887 1.62556e+06
888 1.62562e+06
889 1.62567e+06
890 1.62574e+06
891 1.62576e+06
892 1.6258e+06
893 1.62587e+06
894 1.62589e+06
895 1.62602e+06
896 1.62604e+06
897 1.6261e+06
898 1.62614e+06
899 1.62625e+06
900 1.62629e+06
901 1.62633e+06
902 1.62635e+06
903 1.62639e+06
904 1.6264e+06
905 1.6264e+06
906 1.62651e+06
907 1.62656e+06
908 1.62664e+06
909 1.62667e+06
910 1.62677e+06
911 1.62677e+06
912 1.62683e+06
913 1.62686e+06
914 1.62687e+06
915 1.6269e+06
916 1.62706e+06
917 1.62711e+06
918 1.6272e+06
919 1.62733e+06
920 1.62748e+06
921 1.62751e+06
922 1.62755e+06
923 1.62769e+06
924 1.6278e+06
925 1.62787e+06
926 1.62787e+06
927 1.62793e+06
928 1.62801e+06
929 1.62802e+06
930 1.62809e+06
931 1.62819e+06
932 1.62829e+06
933 1.62834e+06
934 1.62841e+06
935 1.62846e+06
936 1.62854e+06
937 1.62861e+06
938 1.62863e+06
939 1.62875e+06
940 1.6288e+06
941 1.62881e+06
942 1.62881e+06
943 1.62882e+06
944 1.6289e+06
945 1.62897e+06
946 1.62898e+06
947 1.62902e+06
948 1.62906e+06
949 1.62918e+06
950 1.62927e+06
951 1.62928e+06
952 1.62928e+06
953 1.62933e+06
954 1.62938e+06
955 1.62938e+06
956 1.62939e+06
957 1.6295e+06
958 1.62955e+06
959 1.62955e+06
960 1.6296e+06
961 1.62965e+06
962 1.62966e+06
963 1.62971e+06
964 1.62971e+06
965 1.6298e+06
966 1.62991e+06
967 1.62995e+06
968 1.62999e+06
969 1.63001e+06
970 1.63005e+06
971 1.63016e+06
972 1.63016e+06
973 1.63018e+06
974 1.63024e+06
975 1.63034e+06
976 1.63033e+06
977 1.6304e+06
978 1.63046e+06
979 1.63052e+06
980 1.63054e+06
981 1.63053e+06
982 1.63052e+06
983 1.63054e+06
984 1.63062e+06
985 1.63067e+06
986 1.6307e+06
987 1.63078e+06
988 1.63079e+06
989 1.6308e+06
990 1.63086e+06
991 1.63091e+06
992 1.63096e+06
993 1.63097e+06
994 1.63102e+06
995 1.63103e+06
996 1.63104e+06
997 1.63111e+06
998 1.63124e+06
999 1.63128e+06
1000 1.63131e+06
