128 0.3 0.27
0 156776
1 1.56792e+06
2 1.56802e+06
3 1.56814e+06
4 1.56828e+06
5 1.56847e+06
6 1.56851e+06
7 1.56858e+06
8 1.56866e+06
9 1.56874e+06
10 1.56887e+06
11 1.56902e+06
12 1.5691e+06
13 1.56918e+06
14 1.56929e+06
15 1.56938e+06
16 1.56951e+06
17 1.56966e+06
18 1.56981e+06
19 1.57001e+06
20 1.57012e+06
21 1.57032e+06
22 1.57032e+06
23 1.57038e+06
24 1.57053e+06
25 1.5707e+06
26 1.57072e+06
27 1.57074e+06
28 1.57079e+06
29 1.57086e+06
30 1.57099e+06
31 1.57107e+06
32 1.57108e+06
33 1.57109e+06
34 1.57123e+06
35 1.5713e+06
36 1.57138e+06
37 1.57147e+06
38 1.5715e+06
39 1.57153e+06
40 1.5716e+06
41 1.5717e+06
42 1.5717e+06
43 1.57185e+06
44 1.57195e+06
45 1.572e+06
46 1.57219e+06
47 1.57232e+06
48 1.57239e+06
49 1.57245e+06
50 1.57248e+06
51 1.57254e+06
52 1.57258e+06
53 1.57263e+06
54 1.57274e+06
55 1.5728e+06
56 1.57296e+06
57 1.57299e+06
58 1.57314e+06
59 1.57321e+06
60 1.57328e+06
61 1.57329e+06
62 1.57334e+06
63 1.57338e+06
64 1.57345e+06
65 1.57354e+06
66 1.5738e+06
67 1.5739e+06
68 1.57398e+06
69 1.57408e+06
70 1.57421e+06
71 1.57429e+06
72 1.57446e+06
73 1.57462e+06
74 1.57465e+06
75 1.57475e+06
76 1.57486e+06
77 1.57492e+06
78 1.57505e+06
79 1.57512e+06
80 1.5752e+06
81 1.57529e+06
82 1.57533e+06
83 1.5755e+06
84 1.57566e+06
85 1.57581e+06
86 1.57591e+06
87 1.57604e+06
88 1.57616e+06
89 1.57622e+06
90 1.57641e+06
91 1.57647e+06
92 1.57661e+06
93 1.57675e+06
94 1.5769e+06
95 1.57697e+06
96 1.57706e+06
97 1.57718e+06
98 1.57732e+06
99 1.57739e+06
100 1.57756e+06
101 1.57767e+06
102 1.57778e+06
103 1.57793e+06
104 1.57804e+06
105 1.57817e+06
106 1.5782e+06
107 1.5783e+06
108 1.57841e+06
109 1.57845e+06
110 1.57855e+06
111 1.57864e+06
112 1.57874e+06
113 1.57885e+06
114 1.57892e+06
115 1.579e+06
116 1.57915e+06
117 1.57923e+06
118 1.57932e+06
119 1.57938e+06
120 1.57942e+06
121 1.57949e+06
122 1.57961e+06
123 1.57973e+06
124 1.57982e+06
125 1.57992e+06
126 1.58005e+06
127 1.58021e+06
128 1.58033e+06
129 1.58042e+06
130 1.58045e+06
131 1.58058e+06
132 1.58067e+06
133 1.58077e+06
134 1.58084e+06
135 1.58098e+06
136 1.58109e+06
137 1.58114e+06
138 1.58116e+06
139 1.58124e+06
140 1.58136e+06
141 1.58139e+06
142 1.58148e+06
143 1.58152e+06
144 1.5817e+06
145 1.58175e+06
146 1.58179e+06
147 1.58187e+06
148 1.58191e+06
149 1.58199e+06
150 1.58202e+06
151 1.58207e+06
152 1.58209e+06
153 1.5822e+06
154 1.58233e+06
155 1.58243e+06
156 1.58249e+06
157 1.58253e+06
158 1.58254e+06
159 1.58271e+06
160 1.58279e+06
161 1.58284e+06
162 1.58293e+06
163 1.58296e+06
164 1.58304e+06
165 1.58313e+06
166 1.58324e+06
167 1.58332e+06
168 1.5834e+06
169 1.58345e+06
170 1.58349e+06
171 1.5837e+06
172 1.58376e+06
173 1.58394e+06
174 1.58418e+06
175 1.58425e+06
176 1.58429e+06
177 1.58434e+06
178 1.58443e+06
179 1.58448e+06
180 1.5845e+06
181 1.58455e+06
182 1.58463e+06
183 1.58473e+06
184 1.58483e+06
185 1.58487e+06
186 1.58501e+06
187 1.58505e+06
188 1.58507e+06
189 1.5851e+06
190 1.58513e+06
191 1.58531e+06
192 1.58548e+06
193 1.5855e+06
194 1.58563e+06
195 1.58573e+06
196 1.58585e+06
197 1.58593e+06
198 1.58601e+06
199 1.58608e+06
200 1.58613e+06
201 1.58618e+06
202 1.58628e+06
203 1.58633e+06
204 1.58637e+06
205 1.58643e+06
206 1.58651e+06
207 1.58658e+06
208 1.58664e+06
209 1.58676e+06
210 1.58681e+06
211 1.58692e+06
212 1.58703e+06
213 1.58712e+06
214 1.58717e+06
215 1.5872e+06
216 1.58722e+06
217 1.58724e+06
218 1.58726e+06
219 1.58733e+06
220 1.58741e+06
221 1.58742e+06
222 1.5875e+06
223 1.58755e+06
224 1.5877e+06
225 1.58778e+06
226 1.58786e+06
227 1.58792e+06
228 1.58802e+06
229 1.58813e+06
230 1.58817e+06
231 1.58828e+06
232 1.58836e+06
233 1.58842e+06
234 1.58847e+06
235 1.58859e+06
236 1.58866e+06
237 1.58875e+06
238 1.58886e+06
239 1.58894e+06
240 1.58898e+06
241 1.589e+06
242 1.58904e+06
243 1.58914e+06
244 1.58919e+06
245 1.58923e+06
246 1.58928e+06
247 1.58934e+06
248 1.58939e+06
249 1.58943e+06
250 1.58952e+06
251 1.58964e+06
252 1.58976e+06
253 1.58989e+06
254 1.58995e+06
255 1.59001e+06
256 1.59006e+06
257 1.59011e+06
258 1.59017e+06
259 1.59023e+06
260 1.59028e+06
261 1.59033e+06
262 1.59041e+06
263 1.59046e+06
264 1.59058e+06
265 1.59063e+06
266 1.5907e+06
267 1.5908e+06
268 1.59091e+06
269 1.59094e+06
270 1.59097e+06
271 1.591e+06
272 1.59101e+06
273 1.59105e+06
274 1.59109e+06
275 1.5912e+06
276 1.59134e+06
277 1.59146e+06
278 1.59159e+06
279 1.59167e+06
280 1.59172e+06
281 1.59185e+06
282 1.59193e+06
283 1.59204e+06
284 1.59211e+06
285 1.59222e+06
286 1.59227e+06
287 1.59231e+06
288 1.59242e+06
289 1.59251e+06
290 1.59254e+06
291 1.59256e+06
292 1.59262e+06
293 1.59269e+06
294 1.59276e+06
295 1.59282e+06
296 1.59291e+06
297 1.59294e+06
298 1.59294e+06
299 1.59304e+06
300 1.59309e+06
301 1.59314e+06
302 1.59329e+06
303 1.59339e+06
304 1.5934e+06
305 1.59344e+06
306 1.59349e+06
307 1.59353e+06
308 1.59361e+06
309 1.59371e+06
310 1.59377e+06
311 1.59387e+06
312 1.59393e+06
313 1.59394e+06
314 1.59396e+06
315 1.59404e+06
316 1.59414e+06
317 1.59427e+06
318 1.5943e+06
319 1.59436e+06
320 1.59441e+06
321 1.59451e+06
322 1.59462e+06
323 1.59467e+06
324 1.59474e+06
325 1.59475e+06
326 1.59482e+06
327 1.59494e+06
328 1.59496e+06
329 1.59502e+06
330 1.59512e+06
331 1.5952e+06
332 1.59532e+06
333 1.59541e+06
334 1.59544e+06
335 1.59549e+06
336 1.59555e+06
337 1.59558e+06
338 1.59564e+06
339 1.59567e+06
340 1.59576e+06
341 1.59584e+06
342 1.59588e+06
343 1.59593e+06
344 1.59596e+06
345 1.59599e+06
346 1.59603e+06
347 1.59602e+06
348 1.59605e+06
349 1.59608e+06
350 1.5962e+06
351 1.59624e+06
352 1.5963e+06
353 1.59644e+06
354 1.59651e+06
355 1.5966e+06
356 1.59672e+06
357 1.59674e+06
358 1.59676e+06
359 1.59678e+06
360 1.59686e+06
361 1.5969e+06
362 1.59698e+06
363 1.59708e+06
364 1.59718e+06
365 1.59721e+06
366 1.59721e+06
367 1.5973e+06
368 1.59732e+06
369 1.59739e+06
370 1.59747e+06
371 1.59759e+06
372 1.59769e+06
373 1.59774e+06
374 1.59779e+06
375 1.59787e+06
376 1.59794e+06
377 1.59802e+06
378 1.59807e+06
379 1.59813e+06
380 1.59824e+06
381 1.59834e+06
382 1.59845e+06
383 1.59853e+06
384 1.59862e+06
385 1.59866e+06
386 1.59867e+06
387 1.59876e+06
388 1.59882e+06
389 1.59886e+06
390 1.59886e+06
391 1.59896e+06
392 1.59901e+06
393 1.59902e+06
394 1.59909e+06
395 1.5991e+06
396 1.59914e+06
397 1.59918e+06
398 1.59921e+06
399 1.59923e+06
400 1.59926e+06
401 1.59932e+06
402 1.59933e+06
403 1.59937e+06
404 1.5994e+06
405 1.59951e+06
406 1.59955e+06
407 1.59959e+06
408 1.59963e+06
409 1.59966e+06
410 1.59978e+06
411 1.59989e+06
412 1.5999e+06
413 1.60009e+06
414 1.6001e+06
415 1.60014e+06
416 1.60024e+06
417 1.60026e+06
418 1.6004e+06
419 1.60044e+06
420 1.60054e+06
421 1.60059e+06
422 1.60067e+06
423 1.60068e+06
424 1.60083e+06
425 1.60088e+06
426 1.60095e+06
427 1.60098e+06
428 1.60114e+06
429 1.6012e+06
430 1.60123e+06
431 1.60132e+06
432 1.60145e+06
433 1.60151e+06
434 1.60153e+06
435 1.60156e+06
436 1.60162e+06
437 1.6017e+06
438 1.60178e+06
439 1.60187e+06
440 1.60197e+06
441 1.60204e+06
442 1.60204e+06
443 1.60208e+06
444 1.60208e+06
445 1.60214e+06
446 1.60222e+06
447 1.60222e+06
448 1.60227e+06
449 1.60231e+06
450 1.60242e+06
451 1.6025e+06
452 1.60263e+06
453 1.6027e+06
454 1.60278e+06
455 1.6028e+06
456 1.6029e+06
457 1.60301e+06
458 1.60302e+06
459 1.60324e+06
460 1.6033e+06
461 1.60333e+06
462 1.60333e+06
463 1.60334e+06
464 1.60344e+06
465 1.60347e+06
466 1.60353e+06
467 1.60357e+06
468 1.60357e+06
469 1.60364e+06
470 1.60378e+06
471 1.6038e+06
472 1.6039e+06
473 1.60398e+06
474 1.60414e+06
475 1.60424e+06
476 1.60429e+06
477 1.60432e+06
478 1.60436e+06
479 1.60442e+06
480 1.60446e+06
481 1.60448e+06
482 1.60453e+06
483 1.60456e+06
484 1.60459e+06
485 1.60468e+06
486 1.60468e+06
487 1.60476e+06
488 1.60476e+06
489 1.6048e+06
490 1.60486e+06
491 1.60493e+06
492 1.60498e+06
493 1.60498e+06
494 1.60505e+06
495 1.60508e+06
496 1.60524e+06
497 1.60531e+06
498 1.60534e+06
499 1.60538e+06
500 1.60542e+06
501 1.60546e+06
502 1.60552e+06
503 1.60553e+06
504 1.60558e+06
505 1.60558e+06
506 1.60561e+06
507 1.60562e+06
508 1.60566e+06
509 1.60568e+06
510 1.60572e+06
511 1.60581e+06
512 1.60586e+06
513 1.60592e+06
514 1.60603e+06
515 1.60605e+06
516 1.60611e+06
517 1.60618e+06
518 1.60619e+06
519 1.6062e+06
520 1.60627e+06
521 1.60636e+06
522 1.6064e+06
523 1.60644e+06
524 1.60652e+06
525 1.6066e+06
526 1.60668e+06
527 1.60687e+06
528 1.60692e+06
529 1.60696e+06
530 1.60696e+06
531 1.60702e+06
532 1.60713e+06
533 1.60718e+06
534 1.60729e+06
535 1.6073e+06
536 1.60737e+06
537 1.60738e+06
538 1.60741e+06
539 1.60742e+06
540 1.60751e+06
541 1.60762e+06
542 1.60772e+06
543 1.60772e+06
544 1.6078e+06
545 1.6078e+06
546 1.6079e+06
547 1.60793e+06
548 1.60797e+06
549 1.60801e+06
550 1.60804e+06
551 1.60808e+06
552 1.60812e+06
553 1.60824e+06
554 1.60827e+06
555 1.60835e+06
556 1.60838e+06
557 1.60847e+06
558 1.60851e+06
559 1.60856e+06
560 1.60862e+06
561 1.60871e+06
562 1.60874e+06
563 1.6088e+06
564 1.60892e+06
565 1.60898e+06
566 1.6091e+06
567 1.60914e+06
568 1.60914e+06
569 1.60917e+06
570 1.60921e+06
571 1.6093e+06
572 1.60934e+06
573 1.60934e+06
574 1.6094e+06
575 1.60952e+06
576 1.6096e+06
577 1.60967e+06
578 1.60974e+06
579 1.60987e+06
580 1.61004e+06
581 1.61012e+06
582 1.61017e+06
583 1.6102e+06
584 1.6102e+06
585 1.61028e+06
586 1.61036e+06
587 1.61048e+06
588 1.61054e+06
589 1.61057e+06
590 1.61058e+06
591 1.61063e+06
592 1.61071e+06
593 1.61077e+06
594 1.61081e+06
595 1.61087e+06
596 1.61088e+06
597 1.61089e+06
598 1.61093e+06
599 1.61106e+06
600 1.6111e+06
601 1.61113e+06
602 1.61118e+06
603 1.61122e+06
604 1.61129e+06
605 1.61138e+06
606 1.61139e+06
607 1.61139e+06
608 1.6114e+06
609 1.61143e+06
610 1.61158e+06
611 1.61159e+06
612 1.61167e+06
613 1.61171e+06
614 1.61176e+06
615 1.61179e+06
616 1.61186e+06
617 1.61188e+06
618 1.61191e+06
619 1.61201e+06
620 1.61206e+06
621 1.6121e+06
622 1.6121e+06
623 1.6122e+06
624 1.61227e+06
625 1.61233e+06
626 1.61234e+06
627 1.61234e+06
628 1.61235e+06
629 1.61243e+06
630 1.61256e+06
631 1.61264e+06
632 1.61269e+06
633 1.61272e+06
634 1.61277e+06
635 1.61291e+06
636 1.61293e+06
637 1.61299e+06
638 1.61307e+06
639 1.61311e+06
640 1.61316e+06
641 1.61325e+06
642 1.61335e+06
643 1.61336e+06
644 1.61347e+06
645 1.6136e+06
646 1.61361e+06
647 1.61377e+06
648 1.61378e+06
649 1.61378e+06
650 1.61382e+06
651 1.6139e+06
652 1.61396e+06
653 1.61397e+06
654 1.61404e+06
655 1.61408e+06
656 1.6141e+06
657 1.61413e+06
658 1.61414e+06
659 1.61414e+06
660 1.61415e+06
661 1.61424e+06
662 1.61426e+06
663 1.61433e+06
664 1.6144e+06
665 1.61446e+06
666 1.61448e+06
667 1.61449e+06
668 1.61453e+06
669 1.61466e+06
670 1.61482e+06
671 1.61485e+06
672 1.61498e+06
673 1.61508e+06
674 1.61515e+06
675 1.61515e+06
676 1.61526e+06
677 1.6153e+06
678 1.61539e+06
679 1.61544e+06
680 1.61545e+06
681 1.6155e+06
682 1.61551e+06
683 1.61564e+06
684 1.61567e+06
685 1.61567e+06
686 1.61572e+06
687 1.61575e+06
688 1.61586e+06
689 1.61594e+06
690 1.61603e+06
691 1.61608e+06
692 1.61612e+06
693 1.61625e+06
694 1.61628e+06
695 1.61635e+06
696 1.61638e+06
697 1.61646e+06
698 1.61652e+06
699 1.61656e+06
700 1.6166e+06
701 1.61668e+06
702 1.61673e+06
703 1.61674e+06
704 1.61678e+06
705 1.61694e+06
706 1.61698e+06
707 1.61698e+06
708 1.61701e+06
709 1.61704e+06
710 1.61711e+06
711 1.61722e+06
712 1.61724e+06
713 1.61726e+06
714 1.61728e+06
715 1.61737e+06
716 1.61745e+06
717 1.61749e+06
718 1.61754e+06
719 1.61755e+06
720 1.61758e+06
721 1.61763e+06
722 1.61764e+06
723 1.61766e+06
724 1.61772e+06
725 1.61787e+06
726 1.61787e+06
727 1.61793e+06
728 1.61801e+06
729 1.61801e+06
730 1.61805e+06
731 1.61809e+06
732 1.61815e+06
733 1.61817e+06
734 1.61817e+06
735 1.61818e+06
736 1.61836e+06
737 1.61838e+06
738 1.61842e+06
739 1.61843e+06
740 1.61842e+06
741 1.61847e+06
742 1.61849e+06
743 1.61856e+06
744 1.61866e+06
745 1.6187e+06
746 1.61873e+06
747 1.61875e+06
748 1.6188e+06
749 1.61888e+06
750 1.61894e+06
751 1.61914e+06
752 1.61923e+06
753 1.61942e+06
754 1.61949e+06
755 1.6195e+06
756 1.61957e+06
757 1.61958e+06
758 1.6196e+06
759 1.61965e+06
760 1.6197e+06
761 1.61973e+06
762 1.61974e+06
763 1.61975e+06
764 1.6198e+06
765 1.6198e+06
766 1.61987e+06
767 1.62e+06
768 1.62006e+06
769 1.62012e+06
770 1.62012e+06
771 1.62022e+06
772 1.6203e+06
773 1.62033e+06
774 1.62043e+06
775 1.62055e+06
776 1.62061e+06
777 1.62069e+06
778 1.62089e+06
779 1.62095e+06
780 1.62096e+06
781 1.621e+06
782 1.62103e+06
783 1.62103e+06
784 1.62108e+06
785 1.62113e+06
786 1.62117e+06
787 1.62123e+06
788 1.6213e+06
789 1.62141e+06
790 1.62141e+06
791 1.62147e+06
792 1.62149e+06
793 1.62156e+06
794 1.62157e+06
795 1.6216e+06
796 1.62162e+06
797 1.62166e+06
798 1.62186e+06
799 1.62192e+06
800 1.62193e+06
801 1.622e+06
802 1.62205e+06
803 1.62219e+06
804 1.62219e+06
805 1.62228e+06
806 1.62228e+06
807 1.62236e+06
808 1.62241e+06
809 1.62248e+06
810 1.62251e+06
811 1.62254e+06
812 1.6226e+06
813 1.62267e+06
814 1.62268e+06
815 1.62281e+06
816 1.62293e+06
817 1.62299e+06
818 1.62307e+06
819 1.62311e+06
820 1.62317e+06
821 1.62319e+06
822 1.62324e+06
823 1.62325e+06
824 1.6233e+06
825 1.62332e+06
826 1.6234e+06
827 1.62341e+06
828 1.62361e+06
829 1.62361e+06
830 1.62369e+06
831 1.62372e+06
832 1.62372e+06
833 1.62374e+06
834 1.62375e+06
835 1.62382e+06
836 1.62391e+06
837 1.62395e+06
838 1.62397e+06
839 1.6241e+06
840 1.62414e+06
841 1.62414e+06
842 1.62415e+06
843 1.62423e+06
844 1.62429e+06
845 1.6243e+06
846 1.62443e+06
847 1.62446e+06
848 1.62448e+06
849 1.62453e+06
850 1.62454e+06
851 1.62455e+06
852 1.62466e+06
853 1.62471e+06
854 1.62476e+06
855 1.6248e+06
856 1.62485e+06
857 1.62487e+06
858 1.62488e+06
859 1.62492e+06
860 1.62492e+06
861 1.625e+06
862 1.625e+06
863 1.62507e+06
864 1.62519e+06
865 1.62521e+06
866 1.62544e+06
867 1.62545e+06
868 1.62554e+06
869 1.6256e+06
870 1.6256e+06
871 1.62566e+06
872 1.62569e+06
873 1.62573e+06
874 1.62587e+06
875 1.62595e+06
876 1.62595e+06
877 1.62597e+06
878 1.62603e+06
879 1.62605e+06
880 1.62605e+06
881 1.62606e+06
882 1.6261e+06
883 1.6261e+06
884 1.62624e+06
885 1.62629e+06
886 1.62636e+06
887 1.62638e+06
888 1.62653e+06
889 1.62657e+06
890 1.62667e+06
891 1.62668e+06
892 1.62673e+06
893 1.62675e+06
894 1.62694e+06
895 1.62694e+06
896 1.627e+06
897 1.62705e+06
898 1.62718e+06
899 1.6272e+06
900 1.62724e+06
901 1.62728e+06
902 1.62728e+06
903 1.6274e+06
904 1.62742e+06
905 1.62748e+06
906 1.62754e+06
907 1.62763e+06
908 1.62764e+06
909 1.62766e+06
910 1.62772e+06
911 1.62774e+06
912 1.62793e+06
913 1.62798e+06
914 1.62809e+06
915 1.62817e+06
916 1.62826e+06
917 1.62826e+06
918 1.6284e+06
919 1.62843e+06
920 1.62847e+06
921 1.62859e+06
922 1.62865e+06
923 1.62866e+06
924 1.62868e+06
925 1.62871e+06
926 1.62875e+06
927 1.62876e+06
928 1.6288e+06
929 1.6288e+06
930 1.62883e+06
931 1.62888e+06
932 1.62892e+06
933 1.62893e+06
934 1.62893e+06
935 1.62897e+06
936 1.62898e+06
937 1.62901e+06
938 1.62913e+06
939 1.62922e+06
940 1.62934e+06
941 1.62935e+06
942 1.62937e+06
943 1.62942e+06
944 1.62947e+06
945 1.62956e+06
946 1.62966e+06
947 1.62968e+06
948 1.62969e+06
949 1.62971e+06
950 1.62971e+06
951 1.62972e+06
952 1.6298e+06
953 1.62989e+06
954 1.6299e+06
955 1.62994e+06
956 1.62996e+06
957 1.62998e+06
958 1.6301e+06
959 1.63015e+06
960 1.63019e+06
961 1.63026e+06
962 1.63032e+06
963 1.63033e+06
964 1.63036e+06
965 1.63046e+06
966 1.63051e+06
967 1.63053e+06
968 1.63056e+06
969 1.63059e+06
970 1.63067e+06
971 1.63076e+06
972 1.63078e+06
973 1.63082e+06
974 1.63085e+06
975 1.63095e+06
976 1.63099e+06
977 1.63109e+06
978 1.63111e+06
979 1.63115e+06
980 1.63117e+06
981 1.63121e+06
982 1.63123e+06
983 1.63137e+06
984 1.63146e+06
985 1.63149e+06
986 1.63152e+06
987 1.6316e+06
988 1.63164e+06
989 1.63166e+06
990 1.63168e+06
991 1.63174e+06
992 1.63197e+06
993 1.63197e+06
994 1.63208e+06
995 1.63208e+06
996 1.63218e+06
997 1.63221e+06
998 1.63223e+06
999 1.63226e+06
1000 1.63232e+06
