128 0.3 0.251
0 156776
1 1.56791e+06
2 1.56795e+06
3 1.56806e+06
4 1.5682e+06
5 1.5684e+06
6 1.56846e+06
7 1.56853e+06
8 1.56857e+06
9 1.56865e+06
10 1.56877e+06
11 1.56889e+06
12 1.56896e+06
13 1.56906e+06
14 1.56921e+06
15 1.5693e+06
16 1.56945e+06
17 1.56958e+06
18 1.56973e+06
19 1.56993e+06
20 1.57005e+06
21 1.57019e+06
22 1.57024e+06
23 1.57032e+06
24 1.5705e+06
25 1.57066e+06
26 1.57068e+06
27 1.57072e+06
28 1.57077e+06
29 1.57089e+06
30 1.571e+06
31 1.57111e+06
32 1.57112e+06
33 1.57115e+06
34 1.57128e+06
35 1.57134e+06
36 1.57146e+06
37 1.57155e+06
38 1.5716e+06
39 1.57161e+06
40 1.57168e+06
41 1.57177e+06
42 1.57178e+06
43 1.5719e+06
44 1.572e+06
45 1.57202e+06
46 1.57222e+06
47 1.57231e+06
48 1.57244e+06
49 1.57252e+06
50 1.57253e+06
51 1.57259e+06
52 1.57263e+06
53 1.5727e+06
54 1.5728e+06
55 1.57288e+06
56 1.57299e+06
57 1.57306e+06
58 1.57317e+06
59 1.57321e+06
60 1.57329e+06
61 1.57333e+06
62 1.57338e+06
63 1.57341e+06
64 1.57351e+06
65 1.57359e+06
66 1.57377e+06
67 1.57388e+06
68 1.57393e+06
69 1.57408e+06
70 1.57425e+06
71 1.5743e+06
72 1.57444e+06
73 1.5745e+06
74 1.57452e+06
75 1.5746e+06
76 1.57468e+06
77 1.57484e+06
78 1.57493e+06
79 1.57502e+06
80 1.57515e+06
81 1.57526e+06
82 1.57529e+06
83 1.57539e+06
84 1.57554e+06
85 1.57562e+06
86 1.57568e+06
87 1.57574e+06
88 1.57587e+06
89 1.57592e+06
90 1.57604e+06
91 1.57613e+06
92 1.57627e+06
93 1.57636e+06
94 1.5765e+06
95 1.57654e+06
96 1.57658e+06
97 1.57669e+06
98 1.57676e+06
99 1.57684e+06
100 1.57697e+06
101 1.57707e+06
102 1.57716e+06
103 1.57734e+06
104 1.57748e+06
105 1.5776e+06
106 1.57763e+06
107 1.57774e+06
108 1.57778e+06
109 1.57779e+06
110 1.57788e+06
111 1.578e+06
112 1.57807e+06
113 1.57823e+06
114 1.57826e+06
115 1.57839e+06
116 1.57846e+06
117 1.57856e+06
118 1.57865e+06
119 1.57871e+06
120 1.57874e+06
121 1.57874e+06
122 1.57883e+06
123 1.57895e+06
124 1.57902e+06
125 1.57906e+06
126 1.57919e+06
127 1.57933e+06
128 1.57938e+06
129 1.57947e+06
130 1.57956e+06
131 1.57957e+06
132 1.57963e+06
133 1.57966e+06
134 1.5798e+06
135 1.57989e+06
136 1.58005e+06
137 1.58011e+06
138 1.58023e+06
139 1.58032e+06
140 1.58047e+06
141 1.58065e+06
142 1.58066e+06
143 1.58067e+06
144 1.58081e+06
145 1.58085e+06
146 1.5809e+06
147 1.58095e+06
148 1.58106e+06
149 1.58109e+06
150 1.58113e+06
151 1.58122e+06
152 1.58128e+06
153 1.58134e+06
154 1.58144e+06
155 1.58156e+06
156 1.5817e+06
157 1.58183e+06
158 1.58185e+06
159 1.58202e+06
160 1.58209e+06
161 1.58215e+06
162 1.58224e+06
163 1.58235e+06
164 1.58252e+06
165 1.58257e+06
166 1.58261e+06
167 1.58265e+06
168 1.58266e+06
169 1.58275e+06
170 1.5828e+06
171 1.58286e+06
172 1.58294e+06
173 1.58299e+06
174 1.58319e+06
175 1.58327e+06
176 1.58328e+06
177 1.58331e+06
178 1.58342e+06
179 1.58349e+06
180 1.5835e+06
181 1.5836e+06
182 1.58364e+06
183 1.58373e+06
184 1.58384e+06
185 1.58387e+06
186 1.5839e+06
187 1.58397e+06
188 1.58404e+06
189 1.58411e+06
190 1.58415e+06
191 1.58422e+06
192 1.5843e+06
193 1.58435e+06
194 1.58439e+06
195 1.58442e+06
196 1.58455e+06
197 1.58472e+06
198 1.58478e+06
199 1.58481e+06
200 1.58485e+06
201 1.58495e+06
202 1.58499e+06
203 1.58503e+06
204 1.58521e+06
205 1.58522e+06
206 1.58536e+06
207 1.58547e+06
208 1.58553e+06
209 1.58556e+06
210 1.58564e+06
211 1.5857e+06
212 1.58582e+06
213 1.58584e+06
214 1.58591e+06
215 1.58595e+06
216 1.58602e+06
217 1.58616e+06
218 1.58627e+06
219 1.58638e+06
220 1.58645e+06
221 1.58649e+06
222 1.58655e+06
223 1.58662e+06
224 1.58678e+06
225 1.58691e+06
226 1.58701e+06
227 1.58703e+06
228 1.58705e+06
229 1.58711e+06
230 1.58716e+06
231 1.5872e+06
232 1.5872e+06
233 1.58739e+06
234 1.58751e+06
235 1.58754e+06
236 1.58772e+06
237 1.58788e+06
238 1.58794e+06
239 1.58805e+06
240 1.58814e+06
241 1.58823e+06
242 1.58832e+06
243 1.58838e+06
244 1.58839e+06
245 1.58848e+06
246 1.58864e+06
247 1.58874e+06
248 1.58883e+06
249 1.58884e+06
250 1.58889e+06
251 1.589e+06
252 1.58912e+06
253 1.58919e+06
254 1.58923e+06
255 1.58927e+06
256 1.5894e+06
257 1.58943e+06
258 1.5896e+06
259 1.58964e+06
260 1.58968e+06
261 1.58973e+06
262 1.58983e+06
263 1.58993e+06
264 1.59e+06
265 1.59007e+06
266 1.59015e+06
267 1.59028e+06
268 1.59031e+06
269 1.59032e+06
270 1.59036e+06
271 1.5904e+06
272 1.59042e+06
273 1.59047e+06
274 1.59048e+06
275 1.59054e+06
276 1.59054e+06
277 1.59064e+06
278 1.59067e+06
279 1.59068e+06
280 1.59075e+06
281 1.59087e+06
282 1.59093e+06
283 1.59101e+06
284 1.59118e+06
285 1.59122e+06
286 1.59125e+06
287 1.59135e+06
288 1.59139e+06
289 1.59142e+06
290 1.59147e+06
291 1.5915e+06
292 1.59154e+06
293 1.59156e+06
294 1.59156e+06
295 1.59164e+06
296 1.59173e+06
297 1.5918e+06
298 1.59187e+06
299 1.59197e+06
300 1.59201e+06
301 1.59203e+06
302 1.59206e+06
303 1.5922e+06
304 1.59225e+06
305 1.59233e+06
306 1.5924e+06
307 1.59241e+06
308 1.59243e+06
309 1.59253e+06
310 1.59259e+06
311 1.59265e+06
312 1.59282e+06
313 1.59292e+06
314 1.59296e+06
315 1.59301e+06
316 1.59306e+06
317 1.59313e+06
318 1.59321e+06
319 1.59329e+06
320 1.59331e+06
321 1.59336e+06
322 1.59338e+06
323 1.59359e+06
324 1.59367e+06
325 1.5938e+06
326 1.5939e+06
327 1.59403e+06
328 1.59412e+06
329 1.59419e+06
330 1.59422e+06
331 1.59432e+06
332 1.59434e+06
333 1.59437e+06
334 1.59444e+06
335 1.59454e+06
336 1.59456e+06
337 1.59467e+06
338 1.59476e+06
339 1.59483e+06
340 1.59492e+06
341 1.59494e+06
342 1.59503e+06
343 1.5951e+06
344 1.59515e+06
345 1.59524e+06
346 1.59529e+06
347 1.59535e+06
348 1.59544e+06
349 1.59546e+06
350 1.59546e+06
351 1.59567e+06
352 1.59576e+06
353 1.59581e+06
354 1.59586e+06
355 1.59591e+06
356 1.59592e+06
357 1.59594e+06
358 1.59604e+06
359 1.59614e+06
360 1.59614e+06
361 1.59622e+06
362 1.59638e+06
363 1.5965e+06
364 1.59651e+06
365 1.59658e+06
366 1.59659e+06
367 1.5967e+06
368 1.59674e+06
369 1.59676e+06
370 1.59677e+06
371 1.59682e+06
372 1.59692e+06
373 1.59692e+06
374 1.59694e+06
375 1.597e+06
376 1.597e+06
377 1.59704e+06
378 1.59714e+06
379 1.59715e+06
380 1.59724e+06
381 1.5973e+06
382 1.59735e+06
383 1.59744e+06
384 1.5975e+06
385 1.59758e+06
386 1.59763e+06
387 1.5977e+06
388 1.5977e+06
389 1.59776e+06
390 1.5978e+06
391 1.59787e+06
392 1.59791e+06
393 1.59795e+06
394 1.59799e+06
395 1.59802e+06
396 1.59803e+06
397 1.59812e+06
398 1.59813e+06
399 1.59818e+06
400 1.59817e+06
401 1.5983e+06
402 1.59835e+06
403 1.59844e+06
404 1.59848e+06
405 1.59852e+06
406 1.59854e+06
407 1.59862e+06
408 1.59867e+06
409 1.59874e+06
410 1.59875e+06
411 1.59878e+06
412 1.59886e+06
413 1.59891e+06
414 1.59896e+06
415 1.59901e+06
416 1.59916e+06
417 1.59924e+06
418 1.59936e+06
419 1.59947e+06
420 1.59959e+06
421 1.59967e+06
422 1.59967e+06
423 1.59969e+06
424 1.59975e+06
425 1.59984e+06
426 1.59995e+06
427 1.59999e+06
428 1.6e+06
429 1.60016e+06
430 1.60023e+06
431 1.60024e+06
432 1.6003e+06
433 1.60033e+06
434 1.60041e+06
435 1.60045e+06
436 1.60056e+06
437 1.60057e+06
438 1.60064e+06
439 1.60067e+06
440 1.60074e+06
441 1.60085e+06
442 1.60095e+06
443 1.60106e+06
444 1.60107e+06
445 1.60114e+06
446 1.60117e+06
447 1.6013e+06
448 1.60132e+06
449 1.60138e+06
450 1.60148e+06
451 1.60155e+06
452 1.60159e+06
453 1.60168e+06
454 1.60172e+06
455 1.60172e+06
456 1.60174e+06
457 1.60182e+06
458 1.60194e+06
459 1.60195e+06
460 1.60202e+06
461 1.60202e+06
462 1.60208e+06
463 1.60211e+06
464 1.60214e+06
465 1.60214e+06
466 1.60218e+06
467 1.60221e+06
468 1.60226e+06
469 1.60231e+06
470 1.60237e+06
471 1.60243e+06
472 1.60244e+06
473 1.6025e+06
474 1.60253e+06
475 1.60256e+06
476 1.60259e+06
477 1.60266e+06
478 1.60273e+06
479 1.60279e+06
480 1.60286e+06
481 1.60288e+06
482 1.6029e+06
483 1.60298e+06
484 1.60308e+06
485 1.60312e+06
486 1.60323e+06
487 1.6033e+06
488 1.6033e+06
489 1.60339e+06
490 1.60347e+06
491 1.60357e+06
492 1.60361e+06
493 1.60369e+06
494 1.60374e+06
495 1.60385e+06
496 1.60394e+06
497 1.60396e+06
498 1.60407e+06
499 1.60414e+06
500 1.60417e+06
501 1.60425e+06
502 1.60431e+06
503 1.60435e+06
504 1.60436e+06
505 1.6044e+06
506 1.60444e+06
507 1.60445e+06
508 1.6045e+06
509 1.60461e+06
510 1.60466e+06
511 1.60471e+06
512 1.60479e+06
513 1.60487e+06
514 1.60492e+06
515 1.60503e+06
516 1.60506e+06
517 1.60509e+06
518 1.60516e+06
519 1.60518e+06
520 1.60527e+06
521 1.60534e+06
522 1.60534e+06
523 1.60538e+06
524 1.60545e+06
525 1.60551e+06
526 1.6056e+06
527 1.60566e+06
528 1.60573e+06
529 1.60575e+06
530 1.60582e+06
531 1.60584e+06
532 1.6059e+06
533 1.60592e+06
534 1.60598e+06
535 1.60609e+06
536 1.60624e+06
537 1.60639e+06
538 1.60641e+06
539 1.60641e+06
540 1.60648e+06
541 1.60657e+06
542 1.60669e+06
543 1.60672e+06
544 1.60675e+06
545 1.60681e+06
546 1.60684e+06
547 1.60689e+06
548 1.60698e+06
549 1.60703e+06
550 1.60708e+06
551 1.60711e+06
552 1.60711e+06
553 1.60712e+06
554 1.60722e+06
555 1.6073e+06
556 1.60738e+06
557 1.60745e+06
558 1.60745e+06
559 1.60747e+06
560 1.60758e+06
561 1.6076e+06
562 1.60769e+06
563 1.60778e+06
564 1.60781e+06
565 1.60785e+06
566 1.60792e+06
567 1.60792e+06
568 1.60807e+06
569 1.60807e+06
570 1.60808e+06
571 1.6082e+06
572 1.60824e+06
573 1.60827e+06
574 1.60832e+06
575 1.60835e+06
576 1.60837e+06
577 1.60844e+06
578 1.60848e+06
579 1.6085e+06
580 1.60856e+06
581 1.60866e+06
582 1.60865e+06
583 1.60877e+06
584 1.60882e+06
585 1.6089e+06
586 1.6089e+06
587 1.60899e+06
588 1.6091e+06
589 1.60914e+06
590 1.60914e+06
591 1.60917e+06
592 1.60922e+06
593 1.60926e+06
594 1.60932e+06
595 1.6094e+06
596 1.60951e+06
597 1.60953e+06
598 1.60962e+06
599 1.60969e+06
600 1.60976e+06
601 1.60981e+06
602 1.60988e+06
603 1.61002e+06
604 1.61011e+06
605 1.61022e+06
606 1.61028e+06
607 1.61032e+06
608 1.61039e+06
609 1.61043e+06
610 1.61045e+06
611 1.61051e+06
612 1.61055e+06
613 1.61061e+06
614 1.61062e+06
615 1.6107e+06
616 1.61072e+06
617 1.61076e+06
618 1.61086e+06
619 1.61098e+06
620 1.61105e+06
621 1.61107e+06
622 1.61111e+06
623 1.61114e+06
624 1.61119e+06
625 1.61126e+06
626 1.61131e+06
627 1.61132e+06
628 1.61135e+06
629 1.61139e+06
630 1.6114e+06
631 1.6114e+06
632 1.61144e+06
633 1.61149e+06
634 1.61162e+06
635 1.61172e+06
636 1.61174e+06
637 1.61179e+06
638 1.61186e+06
639 1.61186e+06
640 1.61192e+06
641 1.61199e+06
642 1.612e+06
643 1.61202e+06
644 1.61206e+06
645 1.61207e+06
646 1.61209e+06
647 1.61216e+06
648 1.61218e+06
649 1.6122e+06
650 1.61228e+06
651 1.61233e+06
652 1.61235e+06
653 1.61239e+06
654 1.61241e+06
655 1.61252e+06
656 1.61263e+06
657 1.61272e+06
658 1.61289e+06
659 1.61292e+06
660 1.61303e+06
661 1.6131e+06
662 1.61315e+06
663 1.6132e+06
664 1.6133e+06
665 1.6133e+06
666 1.61334e+06
667 1.61336e+06
668 1.6134e+06
669 1.61342e+06
670 1.61345e+06
671 1.61352e+06
672 1.61356e+06
673 1.61361e+06
674 1.61361e+06
675 1.61364e+06
676 1.61383e+06
677 1.61385e+06
678 1.61387e+06
679 1.6139e+06
680 1.61401e+06
681 1.61414e+06
682 1.61428e+06
683 1.61432e+06
684 1.61433e+06
685 1.61434e+06
686 1.6144e+06
687 1.61449e+06
688 1.6145e+06
689 1.61451e+06
690 1.61458e+06
691 1.61461e+06
692 1.61463e+06
693 1.61466e+06
694 1.61472e+06
695 1.61474e+06
696 1.61476e+06
697 1.61483e+06
698 1.61494e+06
699 1.615e+06
700 1.61506e+06
701 1.61515e+06
702 1.6152e+06
703 1.61526e+06
704 1.61527e+06
705 1.6154e+06
706 1.61544e+06
707 1.61548e+06
708 1.61558e+06
709 1.61571e+06
710 1.61574e+06
711 1.61583e+06
712 1.61588e+06
713 1.61596e+06
714 1.61606e+06
715 1.61611e+06
716 1.61616e+06
717 1.61624e+06
718 1.61627e+06
719 1.61629e+06
720 1.61634e+06
721 1.61639e+06
722 1.61643e+06
723 1.6165e+06
724 1.61654e+06
725 1.61666e+06
726 1.61672e+06
727 1.61678e+06
728 1.61682e+06
729 1.61684e+06
730 1.61687e+06
731 1.61694e+06
732 1.61702e+06
733 1.61707e+06
734 1.61708e+06
735 1.61712e+06
736 1.61713e+06
737 1.61724e+06
738 1.6173e+06
739 1.61732e+06
740 1.61734e+06
741 1.6174e+06
742 1.61745e+06
743 1.61752e+06
744 1.61756e+06
745 1.61768e+06
746 1.61778e+06
747 1.61788e+06
748 1.61792e+06
749 1.61799e+06
750 1.61807e+06
751 1.61817e+06
752 1.61821e+06
753 1.61829e+06
754 1.61829e+06
755 1.61831e+06
756 1.61833e+06
757 1.61835e+06
758 1.61841e+06
759 1.61847e+06
760 1.61857e+06
761 1.61861e+06
762 1.61869e+06
763 1.61881e+06
764 1.61881e+06
765 1.61884e+06
766 1.6189e+06
767 1.61889e+06
768 1.619e+06
769 1.61906e+06
770 1.61912e+06
771 1.61912e+06
772 1.61915e+06
773 1.61918e+06
774 1.61925e+06
775 1.61933e+06
776 1.61943e+06
777 1.61943e+06
778 1.61945e+06
779 1.61944e+06
780 1.61953e+06
781 1.61953e+06
782 1.61956e+06
783 1.6196e+06
784 1.61961e+06
785 1.61961e+06
786 1.61962e+06
787 1.61972e+06
788 1.61976e+06
789 1.61978e+06
790 1.61984e+06
791 1.61992e+06
792 1.62003e+06
793 1.62004e+06
794 1.62009e+06
795 1.62012e+06
796 1.62012e+06
797 1.6202e+06
798 1.62023e+06
799 1.62024e+06
800 1.62031e+06
801 1.62032e+06
802 1.62033e+06
803 1.62036e+06
804 1.62046e+06
805 1.62053e+06
806 1.62058e+06
807 1.62061e+06
808 1.62062e+06
809 1.62065e+06
810 1.62068e+06
811 1.62073e+06
812 1.62074e+06
813 1.6209e+06
814 1.62095e+06
815 1.62094e+06
816 1.62094e+06
817 1.62098e+06
818 1.62104e+06
819 1.62106e+06
820 1.62117e+06
821 1.6213e+06
822 1.62135e+06
823 1.62142e+06
824 1.62142e+06
825 1.6215e+06
826 1.62151e+06
827 1.62159e+06
828 1.62166e+06
829 1.62169e+06
830 1.62173e+06
831 1.62178e+06
832 1.62189e+06
833 1.622e+06
834 1.62208e+06
835 1.62221e+06
836 1.62223e+06
837 1.62234e+06
838 1.62242e+06
839 1.62251e+06
840 1.62255e+06
841 1.62265e+06
842 1.62265e+06
843 1.62276e+06
844 1.62292e+06
845 1.62302e+06
846 1.62306e+06
847 1.62317e+06
848 1.62318e+06
849 1.62324e+06
850 1.62328e+06
851 1.62337e+06
852 1.6234e+06
853 1.62347e+06
854 1.62358e+06
855 1.62361e+06
856 1.62368e+06
857 1.62376e+06
858 1.62376e+06
859 1.62379e+06
860 1.62382e+06
861 1.62394e+06
862 1.62398e+06
863 1.62405e+06
864 1.62408e+06
865 1.62409e+06
866 1.62414e+06
867 1.62415e+06
868 1.6242e+06
869 1.62421e+06
870 1.62422e+06
871 1.62433e+06
872 1.62434e+06
873 1.62434e+06
874 1.62437e+06
875 1.62439e+06
876 1.62448e+06
877 1.62453e+06
878 1.62455e+06
879 1.62458e+06
880 1.62465e+06
881 1.62471e+06
882 1.62478e+06
883 1.6248e+06
884 1.62485e+06
885 1.62488e+06
886 1.62496e+06
887 1.62503e+06
888 1.62503e+06
889 1.62513e+06
890 1.62522e+06
891 1.62529e+06
892 1.6253e+06
893 1.62534e+06
894 1.62534e+06
895 1.62536e+06
896 1.62538e+06
897 1.6254e+06
898 1.62541e+06
899 1.62541e+06
900 1.62543e+06
901 1.62543e+06
902 1.62544e+06
903 1.62547e+06
904 1.62555e+06
905 1.62569e+06
906 1.62578e+06
907 1.62584e+06
908 1.6259e+06
909 1.6259e+06
910 1.62593e+06
911 1.62593e+06
912 1.626e+06
913 1.62605e+06
914 1.62618e+06
915 1.62625e+06
916 1.62634e+06
917 1.62638e+06
918 1.62644e+06
919 1.62644e+06
920 1.62649e+06
921 1.62657e+06
922 1.62666e+06
923 1.62667e+06
924 1.62682e+06
925 1.62692e+06
926 1.62698e+06
927 1.62707e+06
928 1.62716e+06
929 1.62728e+06
930 1.6273e+06
931 1.62734e+06
932 1.62735e+06
933 1.62738e+06
934 1.62748e+06
935 1.62749e+06
936 1.62749e+06
937 1.62755e+06
938 1.62756e+06
939 1.62756e+06
940 1.62761e+06
941 1.62771e+06
942 1.62778e+06
943 1.62784e+06
944 1.62784e+06
945 1.62784e+06
946 1.62788e+06
947 1.62793e+06
948 1.62793e+06
949 1.62796e+06
950 1.62805e+06
951 1.62805e+06
952 1.62811e+06
953 1.62816e+06
954 1.62815e+06
955 1.62824e+06
956 1.62831e+06
957 1.62832e+06
958 1.62834e+06
959 1.62838e+06
960 1.62844e+06
961 1.62852e+06
962 1.62856e+06
963 1.62869e+06
964 1.62876e+06
965 1.6288e+06
966 1.62881e+06
967 1.62881e+06
968 1.62888e+06
969 1.62904e+06
970 1.6291e+06
971 1.62926e+06
972 1.62931e+06
973 1.62933e+06
974 1.62936e+06
975 1.62939e+06
976 1.62943e+06
977 1.62946e+06
978 1.62949e+06
979 1.62952e+06
980 1.62959e+06
981 1.6297e+06
982 1.6297e+06
983 1.62981e+06
984 1.62981e+06
985 1.62983e+06
986 1.62986e+06
987 1.62995e+06
988 1.62998e+06
989 1.63006e+06
990 1.63011e+06
991 1.6302e+06
992 1.63024e+06
993 1.63033e+06
994 1.63035e+06
995 1.63037e+06
996 1.63066e+06
997 1.63066e+06
998 1.63074e+06
999 1.63078e+06
1000 1.63087e+06
