128 0.3 0.222
0 156776
1 1.56792e+06
2 1.56797e+06
3 1.56801e+06
4 1.56808e+06
5 1.56816e+06
6 1.56827e+06
7 1.56832e+06
8 1.56846e+06
9 1.56852e+06
10 1.5687e+06
11 1.56884e+06
12 1.56895e+06
13 1.569e+06
14 1.56907e+06
15 1.56918e+06
16 1.56924e+06
17 1.56942e+06
18 1.56954e+06
19 1.56961e+06
20 1.5697e+06
21 1.5698e+06
22 1.56997e+06
23 1.5701e+06
24 1.5702e+06
25 1.57029e+06
26 1.57042e+06
27 1.57046e+06
28 1.57054e+06
29 1.57063e+06
30 1.57072e+06
31 1.57082e+06
32 1.57091e+06
33 1.57098e+06
34 1.57099e+06
35 1.57108e+06
36 1.57111e+06
37 1.57124e+06
38 1.57134e+06
39 1.57146e+06
40 1.57148e+06
41 1.57155e+06
42 1.57167e+06
43 1.57177e+06
44 1.57191e+06
45 1.57197e+06
46 1.57205e+06
47 1.5722e+06
48 1.57233e+06
49 1.57249e+06
50 1.57257e+06
51 1.57261e+06
52 1.57267e+06
53 1.57279e+06
54 1.57286e+06
55 1.57292e+06
56 1.57299e+06
57 1.57303e+06
58 1.57315e+06
59 1.57322e+06
60 1.57332e+06
61 1.57338e+06
62 1.57343e+06
63 1.57353e+06
64 1.57363e+06
65 1.57375e+06
66 1.57386e+06
67 1.57392e+06
68 1.57393e+06
69 1.57404e+06
70 1.57405e+06
71 1.57417e+06
72 1.5743e+06
73 1.57439e+06
74 1.57449e+06
75 1.57453e+06
76 1.57458e+06
77 1.57464e+06
78 1.57472e+06
79 1.57475e+06
80 1.57478e+06
81 1.57485e+06
82 1.57498e+06
83 1.575e+06
84 1.57502e+06
85 1.57512e+06
86 1.57518e+06
87 1.57527e+06
88 1.57532e+06
89 1.57541e+06
90 1.57546e+06
91 1.57559e+06
92 1.5756e+06
93 1.57572e+06
94 1.57592e+06
95 1.57599e+06
96 1.57607e+06
97 1.57612e+06
98 1.57622e+06
99 1.57628e+06
100 1.57634e+06
101 1.57642e+06
102 1.57652e+06
103 1.57658e+06
104 1.57662e+06
105 1.57673e+06
106 1.57679e+06
107 1.57681e+06
108 1.57682e+06
109 1.57696e+06
110 1.57702e+06
111 1.57706e+06
112 1.57708e+06
113 1.57709e+06
114 1.57721e+06
115 1.57731e+06
116 1.57735e+06
117 1.57745e+06
118 1.57748e+06
119 1.57756e+06
120 1.57761e+06
121 1.57766e+06
122 1.5777e+06
123 1.57775e+06
124 1.57781e+06
125 1.57789e+06
126 1.57801e+06
127 1.57811e+06
128 1.57818e+06
129 1.5783e+06
130 1.57836e+06
131 1.57842e+06
132 1.57852e+06
133 1.57859e+06
134 1.57866e+06
135 1.57884e+06
136 1.57891e+06
137 1.57904e+06
138 1.57907e+06
139 1.57915e+06
140 1.57923e+06
141 1.57922e+06
142 1.5793e+06
143 1.57945e+06
144 1.57944e+06
145 1.57953e+06
146 1.57957e+06
147 1.57959e+06
148 1.5796e+06
149 1.57966e+06
150 1.57974e+06
151 1.57978e+06
152 1.57985e+06
153 1.57996e+06
154 1.58002e+06
155 1.58009e+06
156 1.58016e+06
157 1.58019e+06
158 1.58024e+06
159 1.58029e+06
160 1.5803e+06
161 1.58041e+06
162 1.58057e+06
163 1.58064e+06
164 1.58068e+06
165 1.58074e+06
166 1.58079e+06
167 1.58092e+06
168 1.58099e+06
169 1.58107e+06
170 1.58108e+06
171 1.5812e+06
172 1.5813e+06
173 1.58138e+06
174 1.58153e+06
175 1.5816e+06
176 1.58166e+06
177 1.58168e+06
178 1.58172e+06
179 1.58178e+06
180 1.58188e+06
181 1.58191e+06
182 1.58205e+06
183 1.58216e+06
184 1.58214e+06
185 1.58225e+06
186 1.58225e+06
187 1.58242e+06
188 1.58244e+06
189 1.5825e+06
190 1.58255e+06
191 1.5827e+06
192 1.58273e+06
193 1.58278e+06
194 1.5828e+06
195 1.58283e+06
196 1.58289e+06
197 1.58294e+06
198 1.58308e+06
199 1.58316e+06
200 1.58318e+06
201 1.58332e+06
202 1.58337e+06
203 1.58335e+06
204 1.5835e+06
205 1.58354e+06
206 1.58358e+06
207 1.58363e+06
208 1.58366e+06
209 1.5837e+06
210 1.58378e+06
211 1.58387e+06
212 1.58394e+06
213 1.5841e+06
214 1.58412e+06
215 1.58417e+06
216 1.5842e+06
217 1.58423e+06
218 1.58427e+06
219 1.58436e+06
220 1.58438e+06
221 1.58439e+06
222 1.58444e+06
223 1.58452e+06
224 1.58458e+06
225 1.5847e+06
226 1.58482e+06
227 1.58484e+06
228 1.58491e+06
229 1.58497e+06
230 1.58512e+06
231 1.58523e+06
232 1.58535e+06
233 1.58548e+06
234 1.58555e+06
235 1.58557e+06
236 1.58563e+06
237 1.58564e+06
238 1.58567e+06
239 1.58572e+06
240 1.58583e+06
241 1.58596e+06
242 1.58607e+06
243 1.58607e+06
244 1.58617e+06
245 1.5862e+06
246 1.58626e+06
247 1.58637e+06
248 1.58649e+06
249 1.58653e+06
250 1.58662e+06
251 1.58661e+06
252 1.58667e+06
253 1.58667e+06
254 1.58676e+06
255 1.58688e+06
256 1.58694e+06
257 1.58705e+06
258 1.58706e+06
259 1.58715e+06
260 1.58723e+06
261 1.58729e+06
262 1.58732e+06
263 1.58744e+06
264 1.58752e+06
265 1.58762e+06
266 1.5877e+06
267 1.58779e+06
268 1.58787e+06
269 1.58786e+06
270 1.58796e+06
271 1.58805e+06
272 1.58816e+06
273 1.58831e+06
274 1.58837e+06
275 1.58837e+06
276 1.5885e+06
277 1.58856e+06
278 1.5886e+06
279 1.58872e+06
280 1.58873e+06
281 1.5888e+06
282 1.58891e+06
283 1.58907e+06
284 1.58908e+06
285 1.58919e+06
286 1.58923e+06
287 1.58928e+06
288 1.58936e+06
289 1.58941e+06
290 1.58945e+06
291 1.58956e+06
292 1.5896e+06
293 1.58964e+06
294 1.58968e+06
295 1.58977e+06
296 1.58981e+06
297 1.58982e+06
298 1.58987e+06
299 1.58987e+06
300 1.5899e+06
301 1.58997e+06
302 1.59011e+06
303 1.59017e+06
304 1.59022e+06
305 1.59032e+06
306 1.59041e+06
307 1.59054e+06
308 1.59058e+06
309 1.59074e+06
310 1.59079e+06
311 1.59092e+06
312 1.59096e+06
313 1.59096e+06
314 1.59102e+06
315 1.59114e+06
316 1.59118e+06
317 1.59124e+06
318 1.5913e+06
319 1.59138e+06
320 1.59147e+06
321 1.59152e+06
322 1.59155e+06
323 1.59158e+06
324 1.59164e+06
325 1.59172e+06
326 1.59181e+06
327 1.59188e+06
328 1.59192e+06
329 1.59208e+06
330 1.5922e+06
331 1.59221e+06
332 1.59226e+06
333 1.59228e+06
334 1.59242e+06
335 1.59249e+06
336 1.59253e+06
337 1.59254e+06
338 1.59257e+06
339 1.59267e+06
340 1.59273e+06
341 1.59277e+06
342 1.59285e+06
343 1.59293e+06
344 1.59306e+06
345 1.59308e+06
346 1.59313e+06
347 1.5932e+06
348 1.5932e+06
349 1.59329e+06
350 1.59331e+06
351 1.59339e+06
352 1.59342e+06
353 1.59343e+06
354 1.59343e+06
355 1.59346e+06
356 1.59353e+06
357 1.59356e+06
358 1.59369e+06
359 1.59375e+06
360 1.59388e+06
361 1.59393e+06
362 1.59395e+06
363 1.59407e+06
364 1.59411e+06
365 1.59417e+06
366 1.59421e+06
367 1.59423e+06
368 1.59423e+06
369 1.59428e+06
370 1.59436e+06
371 1.59441e+06
372 1.59456e+06
373 1.59466e+06
374 1.59467e+06
375 1.59471e+06
376 1.5948e+06
377 1.59483e+06
378 1.59483e+06
379 1.59485e+06
380 1.59493e+06
381 1.59498e+06
382 1.59505e+06
383 1.59514e+06
384 1.59519e+06
385 1.59524e+06
386 1.59536e+06
387 1.59545e+06
388 1.59546e+06
389 1.59552e+06
390 1.59562e+06
391 1.59577e+06
392 1.59591e+06
393 1.59593e+06
394 1.59595e+06
395 1.596e+06
396 1.59601e+06
397 1.59607e+06
398 1.59614e+06
399 1.59618e+06
400 1.59622e+06
401 1.59634e+06
402 1.59646e+06
403 1.59656e+06
404 1.5967e+06
405 1.59678e+06
406 1.59677e+06
407 1.59676e+06
408 1.59684e+06
409 1.597e+06
410 1.59709e+06
411 1.59714e+06
412 1.59719e+06
413 1.59724e+06
414 1.59739e+06
415 1.59739e+06
416 1.59746e+06
417 1.59746e+06
418 1.59757e+06
419 1.59757e+06
420 1.5976e+06
421 1.59777e+06
422 1.59784e+06
423 1.59798e+06
424 1.5981e+06
425 1.5982e+06
426 1.59826e+06
427 1.59828e+06
428 1.59829e+06
429 1.59832e+06
430 1.59837e+06
431 1.59843e+06
432 1.59845e+06
433 1.59848e+06
434 1.59861e+06
435 1.59871e+06
436 1.59872e+06
437 1.5988e+06
438 1.59884e+06
439 1.59888e+06
440 1.5989e+06
441 1.59891e+06
442 1.59891e+06
443 1.59892e+06
444 1.59894e+06
445 1.59897e+06
446 1.59897e+06
447 1.59906e+06
448 1.59913e+06
449 1.5992e+06
450 1.59925e+06
451 1.59927e+06
452 1.5993e+06
453 1.59935e+06
454 1.59953e+06
455 1.59959e+06
456 1.59963e+06
457 1.5996e+06
458 1.59967e+06
459 1.59978e+06
460 1.59989e+06
461 1.59993e+06
462 1.59998e+06
463 1.60014e+06
464 1.60031e+06
465 1.60032e+06
466 1.60035e+06
467 1.60041e+06
468 1.60058e+06
469 1.60059e+06
470 1.60073e+06
471 1.60076e+06
472 1.60087e+06
473 1.60092e+06
474 1.60097e+06
475 1.60102e+06
476 1.60114e+06
477 1.60124e+06
478 1.60128e+06
479 1.60129e+06
480 1.60128e+06
481 1.60132e+06
482 1.60146e+06
483 1.60152e+06
484 1.6016e+06
485 1.60165e+06
486 1.6017e+06
487 1.60172e+06
488 1.60178e+06
489 1.60182e+06
490 1.60194e+06
491 1.60201e+06
492 1.60203e+06
493 1.6021e+06
494 1.60222e+06
495 1.60226e+06
496 1.60242e+06
497 1.6025e+06
498 1.60252e+06
499 1.60253e+06
500 1.60257e+06
501 1.60259e+06
502 1.60264e+06
503 1.60274e+06
504 1.60276e+06
505 1.60278e+06
506 1.60288e+06
507 1.60297e+06
508 1.60306e+06
509 1.60327e+06
510 1.60332e+06
511 1.60348e+06
512 1.60348e+06
513 1.6035e+06
514 1.60357e+06
515 1.60358e+06
516 1.60363e+06
517 1.60363e+06
518 1.60366e+06
519 1.60374e+06
520 1.60388e+06
521 1.60394e+06
522 1.60395e+06
523 1.60401e+06
524 1.60408e+06
525 1.60413e+06
526 1.60424e+06
527 1.60427e+06
528 1.60431e+06
529 1.60438e+06
530 1.60443e+06
531 1.60443e+06
532 1.60451e+06
533 1.60456e+06
534 1.6046e+06
535 1.60466e+06
536 1.60471e+06
537 1.6047e+06
538 1.60471e+06
539 1.60485e+06
540 1.60493e+06
541 1.60497e+06
542 1.60497e+06
543 1.605e+06
544 1.60504e+06
545 1.60503e+06
546 1.60509e+06
547 1.60512e+06
548 1.60516e+06
549 1.60516e+06
550 1.60527e+06
551 1.60531e+06
552 1.60534e+06
553 1.60537e+06
554 1.60537e+06
555 1.6054e+06
556 1.60545e+06
557 1.60552e+06
558 1.60558e+06
559 1.60559e+06
560 1.6056e+06
561 1.60569e+06
562 1.60573e+06
563 1.60578e+06
564 1.60581e+06
565 1.60584e+06
566 1.60595e+06
567 1.60597e+06
568 1.60604e+06
569 1.60611e+06
570 1.60621e+06
571 1.60623e+06
572 1.60623e+06
573 1.60628e+06
574 1.60626e+06
575 1.60628e+06
576 1.6063e+06
577 1.60648e+06
578 1.60649e+06
579 1.60654e+06
580 1.60662e+06
581 1.60665e+06
582 1.60666e+06
583 1.60675e+06
584 1.6068e+06
585 1.60683e+06
586 1.60695e+06
587 1.60699e+06
588 1.607e+06
589 1.60706e+06
590 1.60712e+06
591 1.60715e+06
592 1.6072e+06
593 1.6073e+06
594 1.60732e+06
595 1.60738e+06
596 1.60743e+06
597 1.60747e+06
598 1.6075e+06
599 1.60766e+06
600 1.60771e+06
601 1.6078e+06
602 1.60788e+06
603 1.60795e+06
604 1.60804e+06
605 1.60808e+06
606 1.60813e+06
607 1.60816e+06
608 1.60823e+06
609 1.60828e+06
610 1.60839e+06
611 1.60842e+06
612 1.60849e+06
613 1.6086e+06
614 1.60865e+06
615 1.60868e+06
616 1.6087e+06
617 1.60874e+06
618 1.60878e+06
619 1.60878e+06
620 1.6088e+06
621 1.60891e+06
622 1.60894e+06
623 1.60893e+06
624 1.60892e+06
625 1.60898e+06
626 1.60903e+06
627 1.60911e+06
628 1.60915e+06
629 1.60921e+06
630 1.60925e+06
631 1.60934e+06
632 1.60944e+06
633 1.60951e+06
634 1.6095e+06
635 1.60948e+06
636 1.60952e+06
637 1.6096e+06
638 1.60967e+06
639 1.60977e+06
640 1.60978e+06
641 1.60982e+06
642 1.60983e+06
643 1.60987e+06
644 1.6099e+06
645 1.60989e+06
646 1.60998e+06
647 1.61e+06
648 1.61006e+06
649 1.61018e+06
650 1.6102e+06
651 1.61022e+06
652 1.61033e+06
653 1.61039e+06
654 1.6104e+06
655 1.61041e+06
656 1.61043e+06
657 1.61057e+06
658 1.61063e+06
659 1.61071e+06
660 1.61079e+06
661 1.61082e+06
662 1.61099e+06
663 1.61098e+06
664 1.61108e+06
665 1.61111e+06
666 1.61123e+06
667 1.61127e+06
668 1.61128e+06
669 1.61127e+06
670 1.61131e+06
671 1.6114e+06
672 1.61148e+06
673 1.61155e+06
674 1.61163e+06
675 1.61167e+06
676 1.61169e+06
677 1.6117e+06
678 1.61179e+06
679 1.61185e+06
680 1.61195e+06
681 1.612e+06
682 1.61204e+06
683 1.61211e+06
684 1.61212e+06
685 1.61224e+06
686 1.6123e+06
687 1.61238e+06
688 1.61242e+06
689 1.61246e+06
690 1.61254e+06
691 1.61259e+06
692 1.61271e+06
693 1.61272e+06
694 1.6128e+06
695 1.61281e+06
696 1.61287e+06
697 1.61287e+06
698 1.61297e+06
699 1.61302e+06
700 1.61309e+06
701 1.61315e+06
702 1.61319e+06
703 1.61323e+06
704 1.6133e+06
705 1.61336e+06
706 1.61337e+06
707 1.61342e+06
708 1.61343e+06
709 1.61348e+06
710 1.61356e+06
711 1.61374e+06
712 1.61376e+06
713 1.61381e+06
714 1.61383e+06
715 1.61383e+06
716 1.61387e+06
717 1.61389e+06
718 1.61389e+06
719 1.61391e+06
720 1.61394e+06
721 1.61404e+06
722 1.61406e+06
723 1.61414e+06
724 1.61418e+06
725 1.6143e+06
726 1.61442e+06
727 1.61451e+06
728 1.61453e+06
729 1.61456e+06
730 1.61458e+06
731 1.61468e+06
732 1.61473e+06
733 1.61474e+06
734 1.6148e+06
735 1.61488e+06
736 1.61492e+06
737 1.61497e+06
738 1.61506e+06
739 1.6151e+06
740 1.61514e+06
741 1.61522e+06
742 1.61528e+06
743 1.61537e+06
744 1.6154e+06
745 1.6154e+06
746 1.61544e+06
747 1.61547e+06
748 1.6155e+06
749 1.61562e+06
750 1.61569e+06
751 1.61584e+06
752 1.61595e+06
753 1.61599e+06
754 1.616e+06
755 1.61605e+06
756 1.61613e+06
757 1.61619e+06
758 1.61623e+06
759 1.61623e+06
760 1.6163e+06
761 1.61635e+06
762 1.61641e+06
763 1.61643e+06
764 1.61648e+06
765 1.61659e+06
766 1.61665e+06
767 1.61672e+06
768 1.61684e+06
769 1.61685e+06
770 1.61692e+06
771 1.61697e+06
772 1.617e+06
773 1.6171e+06
774 1.61723e+06
775 1.61732e+06
776 1.61738e+06
777 1.61744e+06
778 1.61745e+06
779 1.61748e+06
780 1.61748e+06
781 1.61757e+06
782 1.61767e+06
783 1.61769e+06
784 1.61771e+06
785 1.61778e+06
786 1.61786e+06
787 1.61794e+06
788 1.61797e+06
789 1.61805e+06
790 1.61809e+06
791 1.61814e+06
792 1.61821e+06
793 1.61824e+06
794 1.61826e+06
795 1.6183e+06
796 1.61831e+06
797 1.61836e+06
798 1.61837e+06
799 1.6184e+06
800 1.61852e+06
801 1.61856e+06
802 1.61868e+06
803 1.61868e+06
804 1.61878e+06
805 1.61886e+06
806 1.61892e+06
807 1.61897e+06
808 1.61912e+06
809 1.61915e+06
810 1.61922e+06
811 1.61933e+06
812 1.61943e+06
813 1.61943e+06
814 1.61943e+06
815 1.61946e+06
816 1.61961e+06
817 1.61966e+06
818 1.61979e+06
819 1.61981e+06
820 1.6198e+06
821 1.61985e+06
822 1.61991e+06
823 1.61993e+06
824 1.61999e+06
825 1.62006e+06
826 1.62006e+06
827 1.6201e+06
828 1.62015e+06
829 1.62019e+06
830 1.62026e+06
831 1.62036e+06
832 1.62045e+06
833 1.62046e+06
834 1.6205e+06
835 1.62054e+06
836 1.62058e+06
837 1.62064e+06
838 1.6207e+06
839 1.62075e+06
840 1.62089e+06
841 1.62098e+06
842 1.62103e+06
843 1.62106e+06
844 1.62108e+06
845 1.62114e+06
846 1.62118e+06
847 1.62119e+06
848 1.62135e+06
849 1.62138e+06
850 1.62143e+06
851 1.62143e+06
852 1.62145e+06
853 1.62147e+06
854 1.62161e+06
855 1.6217e+06
856 1.62171e+06
857 1.62178e+06
858 1.62183e+06
859 1.62187e+06
860 1.62199e+06
861 1.62203e+06
862 1.62212e+06
863 1.62216e+06
864 1.6222e+06
865 1.6222e+06
866 1.62236e+06
867 1.6224e+06
868 1.62245e+06
869 1.62251e+06
870 1.62263e+06
871 1.62272e+06
872 1.62274e+06
873 1.62278e+06
874 1.62288e+06
875 1.62289e+06
876 1.62294e+06
877 1.62299e+06
878 1.62307e+06
879 1.62316e+06
880 1.62318e+06
881 1.6232e+06
882 1.6232e+06
883 1.6233e+06
884 1.62334e+06
885 1.62339e+06
886 1.62344e+06
887 1.62345e+06
888 1.62356e+06
889 1.62366e+06
890 1.62367e+06
891 1.62376e+06
892 1.62394e+06
893 1.62402e+06
894 1.62407e+06
895 1.62412e+06
896 1.62413e+06
897 1.62412e+06
898 1.62414e+06
899 1.62423e+06
900 1.62423e+06
901 1.62426e+06
902 1.62432e+06
903 1.62434e+06
904 1.62438e+06
905 1.62438e+06
906 1.62443e+06
907 1.62446e+06
908 1.6246e+06
909 1.62469e+06
910 1.62473e+06
911 1.62482e+06
912 1.62494e+06
913 1.62494e+06
914 1.62508e+06
915 1.62514e+06
916 1.62519e+06
917 1.62523e+06
918 1.62531e+06
919 1.62541e+06
920 1.62545e+06
921 1.62545e+06
922 1.62545e+06
923 1.62549e+06
924 1.62552e+06
925 1.62562e+06
926 1.62562e+06
927 1.62567e+06
928 1.6257e+06
929 1.62572e+06
930 1.62573e+06
931 1.62575e+06
932 1.62577e+06
933 1.6258e+06
934 1.62583e+06
935 1.62591e+06
936 1.62597e+06
937 1.62604e+06
938 1.62606e+06
939 1.62612e+06
940 1.62612e+06
941 1.62614e+06
942 1.62618e+06
943 1.62622e+06
944 1.62628e+06
945 1.62629e+06
946 1.62642e+06
947 1.6265e+06
948 1.62652e+06
949 1.62657e+06
950 1.62662e+06
951 1.62665e+06
952 1.62667e+06
953 1.62668e+06
954 1.62674e+06
955 1.62678e+06
956 1.62678e+06
957 1.62685e+06
958 1.62688e+06
959 1.6269e+06
960 1.62701e+06
961 1.62706e+06
962 1.62717e+06
963 1.62721e+06
964 1.62722e+06
965 1.62735e+06
966 1.62741e+06
967 1.62752e+06
968 1.62761e+06
969 1.62765e+06
970 1.62769e+06
971 1.62778e+06
972 1.6279e+06
973 1.62792e+06
974 1.628e+06
975 1.62802e+06
976 1.62804e+06
977 1.62807e+06
978 1.62812e+06
979 1.62818e+06
980 1.6282e+06
981 1.62826e+06
982 1.62834e+06
983 1.62839e+06
984 1.62845e+06
985 1.62845e+06
986 1.62851e+06
987 1.62856e+06
988 1.62861e+06
989 1.62866e+06
990 1.62874e+06
991 1.62879e+06
992 1.62883e+06
993 1.62887e+06
994 1.62897e+06
995 1.62897e+06
996 1.629e+06
997 1.629e+06
998 1.62901e+06
999 1.62911e+06
1000 1.62914e+06
