128 0.3 0.213
0 156776
1 1.56787e+06
2 1.56798e+06
3 1.56812e+06
4 1.56828e+06
5 1.56843e+06
6 1.56846e+06
7 1.56853e+06
8 1.56859e+06
9 1.56866e+06
10 1.56879e+06
11 1.56888e+06
12 1.56891e+06
13 1.56899e+06
14 1.56913e+06
15 1.56921e+06
16 1.56933e+06
17 1.56942e+06
18 1.56955e+06
19 1.56978e+06
20 1.5699e+06
21 1.57011e+06
22 1.57016e+06
23 1.57026e+06
24 1.57043e+06
25 1.57059e+06
26 1.57061e+06
27 1.57064e+06
28 1.57066e+06
29 1.5707e+06
30 1.5708e+06
31 1.57088e+06
32 1.57095e+06
33 1.57095e+06
34 1.57106e+06
35 1.57112e+06
36 1.57126e+06
37 1.57134e+06
38 1.57136e+06
39 1.57139e+06
40 1.57144e+06
41 1.57156e+06
42 1.57157e+06
43 1.57167e+06
44 1.57176e+06
45 1.57178e+06
46 1.5719e+06
47 1.57201e+06
48 1.57213e+06
49 1.57221e+06
50 1.57225e+06
51 1.57231e+06
52 1.57236e+06
53 1.57244e+06
54 1.57257e+06
55 1.57262e+06
56 1.57279e+06
57 1.57281e+06
58 1.57292e+06
59 1.57296e+06
60 1.57304e+06
61 1.57305e+06
62 1.57309e+06
63 1.57316e+06
64 1.57318e+06
65 1.57332e+06
66 1.57354e+06
67 1.57365e+06
68 1.57369e+06
69 1.57382e+06
70 1.57396e+06
71 1.57403e+06
72 1.57419e+06
73 1.57431e+06
74 1.57434e+06
75 1.5744e+06
76 1.5745e+06
77 1.5746e+06
78 1.57477e+06
79 1.57482e+06
80 1.57489e+06
81 1.57499e+06
82 1.57505e+06
83 1.57515e+06
84 1.57527e+06
85 1.57534e+06
86 1.57538e+06
87 1.57548e+06
88 1.5756e+06
89 1.57569e+06
90 1.57581e+06
91 1.57587e+06
92 1.57596e+06
93 1.57618e+06
94 1.57634e+06
95 1.57637e+06
96 1.57647e+06
97 1.5765e+06
98 1.5766e+06
99 1.57667e+06
100 1.57685e+06
101 1.57689e+06
102 1.57698e+06
103 1.57712e+06
104 1.57721e+06
105 1.57727e+06
106 1.57732e+06
107 1.57742e+06
108 1.57753e+06
109 1.57754e+06
110 1.57764e+06
111 1.57782e+06
112 1.57793e+06
113 1.57808e+06
114 1.57816e+06
115 1.57828e+06
116 1.5784e+06
117 1.57846e+06
118 1.57855e+06
119 1.57862e+06
120 1.57865e+06
121 1.57869e+06
122 1.57886e+06
123 1.57893e+06
124 1.57903e+06
125 1.57914e+06
126 1.57922e+06
127 1.5794e+06
128 1.57945e+06
129 1.57957e+06
130 1.57963e+06
131 1.57971e+06
132 1.5798e+06
133 1.57984e+06
134 1.57993e+06
135 1.58009e+06
136 1.58017e+06
137 1.58021e+06
138 1.58026e+06
139 1.58029e+06
140 1.58042e+06
141 1.58052e+06
142 1.58062e+06
143 1.58067e+06
144 1.58078e+06
145 1.58084e+06
146 1.58085e+06
147 1.58089e+06
148 1.58102e+06
149 1.5811e+06
150 1.58118e+06
151 1.58123e+06
152 1.58132e+06
153 1.58137e+06
154 1.58154e+06
155 1.5816e+06
156 1.58175e+06
157 1.58187e+06
158 1.58188e+06
159 1.58205e+06
160 1.58211e+06
161 1.58218e+06
162 1.58222e+06
163 1.58228e+06
164 1.58246e+06
165 1.58251e+06
166 1.58255e+06
167 1.58265e+06
168 1.58276e+06
169 1.58283e+06
170 1.58289e+06
171 1.58295e+06
172 1.58302e+06
173 1.58316e+06
174 1.58339e+06
175 1.58349e+06
176 1.58352e+06
177 1.58354e+06
178 1.5836e+06
179 1.58362e+06
180 1.58366e+06
181 1.58377e+06
182 1.5838e+06
183 1.58387e+06
184 1.58404e+06
185 1.58409e+06
186 1.5841e+06
187 1.58417e+06
188 1.58423e+06
189 1.58428e+06
190 1.58434e+06
191 1.58442e+06
192 1.58451e+06
193 1.58452e+06
194 1.58459e+06
195 1.58466e+06
196 1.58478e+06
197 1.5848e+06
198 1.58482e+06
199 1.58486e+06
200 1.58497e+06
201 1.58506e+06
202 1.58514e+06
203 1.58516e+06
204 1.58526e+06
205 1.58529e+06
206 1.58538e+06
207 1.58548e+06
208 1.58557e+06
209 1.5856e+06
210 1.58573e+06
211 1.5858e+06
212 1.58591e+06
213 1.58598e+06
214 1.58611e+06
215 1.58618e+06
216 1.58629e+06
217 1.58631e+06
218 1.5864e+06
219 1.58644e+06
220 1.5865e+06
221 1.58652e+06
222 1.58657e+06
223 1.58663e+06
224 1.58668e+06
225 1.58684e+06
226 1.58692e+06
227 1.58702e+06
228 1.58704e+06
229 1.58715e+06
230 1.58718e+06
231 1.58729e+06
232 1.58731e+06
233 1.58742e+06
234 1.58748e+06
235 1.58758e+06
236 1.5877e+06
237 1.58786e+06
238 1.5879e+06
239 1.58792e+06
240 1.58802e+06
241 1.58806e+06
242 1.58811e+06
243 1.58816e+06
244 1.58816e+06
245 1.58822e+06
246 1.58831e+06
247 1.58845e+06
248 1.58854e+06
249 1.58857e+06
250 1.58862e+06
251 1.5887e+06
252 1.58879e+06
253 1.58884e+06
254 1.58889e+06
255 1.58899e+06
256 1.58912e+06
257 1.58917e+06
258 1.58926e+06
259 1.58927e+06
260 1.58939e+06
261 1.58943e+06
262 1.58956e+06
263 1.58959e+06
264 1.58959e+06
265 1.58964e+06
266 1.58972e+06
267 1.58984e+06
268 1.58987e+06
269 1.58988e+06
270 1.58995e+06
271 1.59004e+06
272 1.59016e+06
273 1.59026e+06
274 1.59032e+06
275 1.5904e+06
276 1.59041e+06
277 1.59046e+06
278 1.59048e+06
279 1.5905e+06
280 1.59058e+06
281 1.59066e+06
282 1.59078e+06
283 1.59089e+06
284 1.59104e+06
285 1.59114e+06
286 1.5912e+06
287 1.59121e+06
288 1.59132e+06
289 1.59139e+06
290 1.59148e+06
291 1.59152e+06
292 1.59161e+06
293 1.59168e+06
294 1.59172e+06
295 1.59177e+06
296 1.59193e+06
297 1.59199e+06
298 1.59207e+06
299 1.59214e+06
300 1.59214e+06
301 1.5922e+06
302 1.59225e+06
303 1.59228e+06
304 1.59235e+06
305 1.59248e+06
306 1.59254e+06
307 1.59262e+06
308 1.59264e+06
309 1.59277e+06
310 1.59281e+06
311 1.59287e+06
312 1.59303e+06
313 1.59307e+06
314 1.59313e+06
315 1.59325e+06
316 1.59337e+06
317 1.59343e+06
318 1.5935e+06
319 1.59354e+06
320 1.59359e+06
321 1.59368e+06
322 1.59371e+06
323 1.59379e+06
324 1.59382e+06
325 1.59387e+06
326 1.59402e+06
327 1.59418e+06
328 1.59422e+06
329 1.59427e+06
330 1.59428e+06
331 1.59436e+06
332 1.59438e+06
333 1.59445e+06
334 1.59447e+06
335 1.59456e+06
336 1.59458e+06
337 1.59465e+06
338 1.59475e+06
339 1.5948e+06
340 1.59491e+06
341 1.59493e+06
342 1.59504e+06
343 1.59507e+06
344 1.59516e+06
345 1.59522e+06
346 1.59525e+06
347 1.59532e+06
348 1.59545e+06
349 1.59552e+06
350 1.59552e+06
351 1.59567e+06
352 1.5957e+06
353 1.59576e+06
354 1.5958e+06
355 1.5959e+06
356 1.59593e+06
357 1.59593e+06
358 1.5961e+06
359 1.59626e+06
360 1.5963e+06
361 1.59634e+06
362 1.59653e+06
363 1.59658e+06
364 1.59659e+06
365 1.5966e+06
366 1.59663e+06
367 1.59664e+06
368 1.59676e+06
369 1.59685e+06
370 1.59689e+06
371 1.59699e+06
372 1.59702e+06
373 1.59709e+06
374 1.59714e+06
375 1.59722e+06
376 1.59723e+06
377 1.59728e+06
378 1.59741e+06
379 1.59746e+06
380 1.59753e+06
381 1.59755e+06
382 1.5976e+06
383 1.59773e+06
384 1.5978e+06
385 1.59783e+06
386 1.5979e+06
387 1.59795e+06
388 1.59796e+06
389 1.59805e+06
390 1.59814e+06
391 1.59817e+06
392 1.59825e+06
393 1.59834e+06
394 1.59841e+06
395 1.59845e+06
396 1.5985e+06
397 1.59856e+06
398 1.5986e+06
399 1.59862e+06
400 1.5987e+06
401 1.59876e+06
402 1.59879e+06
403 1.59885e+06
404 1.59887e+06
405 1.59892e+06
406 1.59895e+06
407 1.59902e+06
408 1.59907e+06
409 1.59907e+06
410 1.59912e+06
411 1.59914e+06
412 1.59924e+06
413 1.59932e+06
414 1.5994e+06
415 1.59947e+06
416 1.59958e+06
417 1.59967e+06
418 1.59974e+06
419 1.59979e+06
420 1.59992e+06
421 1.59998e+06
422 1.60009e+06
423 1.60014e+06
424 1.60016e+06
425 1.60025e+06
426 1.60029e+06
427 1.60036e+06
428 1.60047e+06
429 1.60061e+06
430 1.60063e+06
431 1.60071e+06
432 1.60075e+06
433 1.60077e+06
434 1.60082e+06
435 1.60096e+06
436 1.601e+06
437 1.60099e+06
438 1.60105e+06
439 1.60108e+06
440 1.60109e+06
441 1.60119e+06
442 1.60127e+06
443 1.60134e+06
444 1.60134e+06
445 1.6014e+06
446 1.60145e+06
447 1.6016e+06
448 1.60165e+06
449 1.6017e+06
450 1.60171e+06
451 1.6018e+06
452 1.6019e+06
453 1.602e+06
454 1.60201e+06
455 1.60206e+06
456 1.60207e+06
457 1.60213e+06
458 1.60221e+06
459 1.60222e+06
460 1.60224e+06
461 1.60224e+06
462 1.60225e+06
463 1.6023e+06
464 1.60235e+06
465 1.60235e+06
466 1.60238e+06
467 1.60245e+06
468 1.60253e+06
469 1.60253e+06
470 1.60257e+06
471 1.60265e+06
472 1.60277e+06
473 1.60282e+06
474 1.60285e+06
475 1.60285e+06
476 1.60287e+06
477 1.60293e+06
478 1.603e+06
479 1.60303e+06
480 1.60312e+06
481 1.60315e+06
482 1.60318e+06
483 1.60323e+06
484 1.60328e+06
485 1.60331e+06
486 1.60334e+06
487 1.60338e+06
488 1.6034e+06
489 1.60355e+06
490 1.60362e+06
491 1.60369e+06
492 1.60375e+06
493 1.60379e+06
494 1.60382e+06
495 1.60396e+06
496 1.60405e+06
497 1.6041e+06
498 1.60423e+06
499 1.6043e+06
500 1.60441e+06
501 1.60452e+06
502 1.60471e+06
503 1.60475e+06
504 1.60479e+06
505 1.60481e+06
506 1.60483e+06
507 1.60487e+06
508 1.60488e+06
509 1.60492e+06
510 1.60505e+06
511 1.60513e+06
512 1.6052e+06
513 1.60522e+06
514 1.60528e+06
515 1.60531e+06
516 1.6053e+06
517 1.60538e+06
518 1.60543e+06
519 1.60552e+06
520 1.6056e+06
521 1.6056e+06
522 1.60562e+06
523 1.60566e+06
524 1.60567e+06
525 1.60575e+06
526 1.60583e+06
527 1.60592e+06
528 1.60593e+06
529 1.60598e+06
530 1.606e+06
531 1.60612e+06
532 1.6062e+06
533 1.60622e+06
534 1.60624e+06
535 1.60628e+06
536 1.60642e+06
537 1.60658e+06
538 1.60664e+06
539 1.60669e+06
540 1.60669e+06
541 1.60675e+06
542 1.60682e+06
543 1.60686e+06
544 1.6069e+06
545 1.60694e+06
546 1.607e+06
547 1.60706e+06
548 1.60714e+06
549 1.6072e+06
550 1.60725e+06
551 1.60732e+06
552 1.60737e+06
553 1.60743e+06
554 1.60744e+06
555 1.6075e+06
556 1.60761e+06
557 1.60768e+06
558 1.60774e+06
559 1.60781e+06
560 1.60789e+06
561 1.60797e+06
562 1.608e+06
563 1.6082e+06
564 1.60827e+06
565 1.6083e+06
566 1.60832e+06
567 1.60844e+06
568 1.60859e+06
569 1.60859e+06
570 1.6086e+06
571 1.60872e+06
572 1.6089e+06
573 1.60894e+06
574 1.60896e+06
575 1.60902e+06
576 1.60905e+06
577 1.60913e+06
578 1.60918e+06
579 1.60921e+06
580 1.60926e+06
581 1.60929e+06
582 1.60935e+06
583 1.60939e+06
584 1.60943e+06
585 1.60948e+06
586 1.60947e+06
587 1.60951e+06
588 1.60969e+06
589 1.60977e+06
590 1.6098e+06
591 1.60982e+06
592 1.60989e+06
593 1.60993e+06
594 1.60993e+06
595 1.60999e+06
596 1.61004e+06
597 1.61004e+06
598 1.61005e+06
599 1.61008e+06
600 1.61012e+06
601 1.61019e+06
602 1.61023e+06
603 1.61025e+06
604 1.6103e+06
605 1.61034e+06
606 1.61037e+06
607 1.61045e+06
608 1.61047e+06
609 1.6105e+06
610 1.61056e+06
611 1.61066e+06
612 1.61067e+06
613 1.61067e+06
614 1.61068e+06
615 1.61081e+06
616 1.61091e+06
617 1.61093e+06
618 1.61097e+06
619 1.61108e+06
620 1.6112e+06
621 1.61124e+06
622 1.61124e+06
623 1.61125e+06
624 1.61126e+06
625 1.61138e+06
626 1.61141e+06
627 1.61141e+06
628 1.61143e+06
629 1.61145e+06
630 1.61147e+06
631 1.61153e+06
632 1.61157e+06
633 1.6117e+06
634 1.61175e+06
635 1.61188e+06
636 1.61193e+06
637 1.61196e+06
638 1.61204e+06
639 1.61204e+06
640 1.61212e+06
641 1.61217e+06
642 1.6122e+06
643 1.61224e+06
644 1.6123e+06
645 1.61234e+06
646 1.61239e+06
647 1.61241e+06
648 1.61246e+06
649 1.61256e+06
650 1.61265e+06
651 1.6127e+06
652 1.6128e+06
653 1.61284e+06
654 1.61284e+06
655 1.61293e+06
656 1.61304e+06
657 1.6131e+06
658 1.6132e+06
659 1.61322e+06
660 1.61324e+06
661 1.61326e+06
662 1.61333e+06
663 1.61343e+06
664 1.61346e+06
665 1.61354e+06
666 1.61358e+06
667 1.61361e+06
668 1.61367e+06
669 1.61371e+06
670 1.61375e+06
671 1.61375e+06
672 1.61389e+06
673 1.6139e+06
674 1.61393e+06
675 1.614e+06
676 1.61411e+06
677 1.61413e+06
678 1.61414e+06
679 1.61422e+06
680 1.61427e+06
681 1.6144e+06
682 1.61441e+06
683 1.61448e+06
684 1.61451e+06
685 1.61454e+06
686 1.61461e+06
687 1.61465e+06
688 1.61471e+06
689 1.61474e+06
690 1.61487e+06
691 1.61495e+06
692 1.61499e+06
693 1.61502e+06
694 1.61512e+06
695 1.6152e+06
696 1.61523e+06
697 1.61532e+06
698 1.61542e+06
699 1.61548e+06
700 1.61554e+06
701 1.61562e+06
702 1.61571e+06
703 1.61572e+06
704 1.61575e+06
705 1.61582e+06
706 1.61582e+06
707 1.61587e+06
708 1.61596e+06
709 1.61607e+06
710 1.61608e+06
711 1.6162e+06
712 1.61629e+06
713 1.61647e+06
714 1.6166e+06
715 1.61667e+06
716 1.61668e+06
717 1.61671e+06
718 1.61673e+06
719 1.61677e+06
720 1.61681e+06
721 1.61684e+06
722 1.61688e+06
723 1.61695e+06
724 1.61708e+06
725 1.6172e+06
726 1.61721e+06
727 1.61725e+06
728 1.6173e+06
729 1.61736e+06
730 1.61739e+06
731 1.61739e+06
732 1.6175e+06
733 1.6176e+06
734 1.61768e+06
735 1.61771e+06
736 1.61774e+06
737 1.61778e+06
738 1.61787e+06
739 1.61792e+06
740 1.61795e+06
741 1.61804e+06
742 1.61818e+06
743 1.61827e+06
744 1.61832e+06
745 1.61837e+06
746 1.61842e+06
747 1.61853e+06
748 1.61855e+06
749 1.6186e+06
750 1.6187e+06
751 1.61874e+06
752 1.61876e+06
753 1.61884e+06
754 1.61893e+06
755 1.61896e+06
756 1.61907e+06
757 1.61926e+06
758 1.61931e+06
759 1.61937e+06
760 1.61945e+06
761 1.6195e+06
762 1.61956e+06
763 1.61956e+06
764 1.61962e+06
765 1.6197e+06
766 1.61974e+06
767 1.61976e+06
768 1.61978e+06
769 1.61978e+06
770 1.61982e+06
771 1.61987e+06
772 1.61987e+06
773 1.61994e+06
774 1.62e+06
775 1.62002e+06
776 1.62007e+06
777 1.62015e+06
778 1.62017e+06
779 1.62022e+06
780 1.6203e+06
781 1.6203e+06
782 1.6203e+06
783 1.62034e+06
784 1.62036e+06
785 1.62039e+06
786 1.6204e+06
787 1.62046e+06
788 1.62046e+06
789 1.62056e+06
790 1.62058e+06
791 1.62065e+06
792 1.62073e+06
793 1.62076e+06
794 1.62085e+06
795 1.62096e+06
796 1.62102e+06
797 1.62107e+06
798 1.62109e+06
799 1.62114e+06
800 1.62127e+06
801 1.62135e+06
802 1.62141e+06
803 1.6215e+06
804 1.62157e+06
805 1.62161e+06
806 1.6217e+06
807 1.62177e+06
808 1.62178e+06
809 1.62178e+06
810 1.6218e+06
811 1.62182e+06
812 1.62192e+06
813 1.62205e+06
814 1.6221e+06
815 1.62216e+06
816 1.62216e+06
817 1.6222e+06
818 1.62224e+06
819 1.62224e+06
820 1.6223e+06
821 1.6224e+06
822 1.62245e+06
823 1.62252e+06
824 1.6226e+06
825 1.62271e+06
826 1.62271e+06
827 1.62272e+06
828 1.62278e+06
829 1.62284e+06
830 1.62288e+06
831 1.62297e+06
832 1.62302e+06
833 1.62311e+06
834 1.62313e+06
835 1.6232e+06
836 1.6232e+06
837 1.62324e+06
838 1.62332e+06
839 1.62344e+06
840 1.62349e+06
841 1.6235e+06
842 1.62353e+06
843 1.62357e+06
844 1.62367e+06
845 1.62376e+06
846 1.6238e+06
847 1.62391e+06
848 1.62393e+06
849 1.62392e+06
850 1.62393e+06
851 1.62396e+06
852 1.62396e+06
853 1.62405e+06
854 1.62405e+06
855 1.62407e+06
856 1.62408e+06
857 1.6242e+06
858 1.62424e+06
859 1.62424e+06
860 1.62424e+06
861 1.62434e+06
862 1.6245e+06
863 1.62454e+06
864 1.62458e+06
865 1.6246e+06
866 1.6246e+06
867 1.62464e+06
868 1.62468e+06
869 1.62474e+06
870 1.62486e+06
871 1.62492e+06
872 1.62495e+06
873 1.62499e+06
874 1.625e+06
875 1.62504e+06
876 1.62505e+06
877 1.62517e+06
878 1.62522e+06
879 1.62527e+06
880 1.6253e+06
881 1.62534e+06
882 1.62541e+06
883 1.62543e+06
884 1.62547e+06
885 1.62554e+06
886 1.62557e+06
887 1.62566e+06
888 1.62574e+06
889 1.62584e+06
890 1.62603e+06
891 1.6261e+06
892 1.62616e+06
893 1.62618e+06
894 1.62624e+06
895 1.62625e+06
896 1.62632e+06
897 1.62645e+06
898 1.62656e+06
899 1.62659e+06
900 1.62664e+06
901 1.62669e+06
902 1.6267e+06
903 1.62677e+06
904 1.62684e+06
905 1.62688e+06
906 1.62695e+06
907 1.62699e+06
908 1.62705e+06
909 1.62716e+06
910 1.62721e+06
911 1.62722e+06
912 1.62726e+06
913 1.62732e+06
914 1.62746e+06
915 1.62748e+06
916 1.62759e+06
917 1.62765e+06
918 1.62774e+06
919 1.62787e+06
920 1.62788e+06
921 1.62799e+06
922 1.62808e+06
923 1.62814e+06
924 1.62816e+06
925 1.62821e+06
926 1.62833e+06
927 1.62834e+06
928 1.62837e+06
929 1.62842e+06
930 1.62846e+06
931 1.62857e+06
932 1.62856e+06
933 1.62861e+06
934 1.62862e+06
935 1.62867e+06
936 1.62874e+06
937 1.62874e+06
938 1.62877e+06
939 1.62877e+06
940 1.6288e+06
941 1.62888e+06
942 1.62893e+06
943 1.6291e+06
944 1.62915e+06
945 1.62927e+06
946 1.62934e+06
947 1.62936e+06
948 1.62945e+06
949 1.62948e+06
950 1.62956e+06
951 1.62956e+06
952 1.62959e+06
953 1.62964e+06
954 1.62973e+06
955 1.62978e+06
956 1.62979e+06
957 1.62984e+06
958 1.6299e+06
959 1.62997e+06
960 1.62998e+06
961 1.62998e+06
962 1.63001e+06
963 1.63004e+06
964 1.63007e+06
965 1.63012e+06
966 1.63016e+06
967 1.63028e+06
968 1.63029e+06
969 1.63033e+06
970 1.63036e+06
971 1.63044e+06
972 1.63046e+06
973 1.63054e+06
974 1.63055e+06
975 1.63058e+06
976 1.63068e+06
977 1.63073e+06
978 1.63086e+06
979 1.63089e+06
980 1.6309e+06
981 1.63093e+06
982 1.63101e+06
983 1.63107e+06
984 1.6311e+06
985 1.63113e+06
986 1.63113e+06
987 1.63116e+06
988 1.63127e+06
989 1.63136e+06
990 1.63136e+06
991 1.63138e+06
992 1.63139e+06
993 1.63139e+06
994 1.63149e+06
995 1.63153e+06
996 1.63173e+06
997 1.63173e+06
998 1.63176e+06
999 1.63181e+06
1000 1.63183e+06
