128 0.3 0.411
0 156776
1 1.56784e+06
2 1.568e+06
3 1.56815e+06
4 1.56827e+06
5 1.56847e+06
6 1.56852e+06
7 1.56857e+06
8 1.56866e+06
9 1.56873e+06
10 1.56883e+06
11 1.56898e+06
12 1.56906e+06
13 1.56914e+06
14 1.56927e+06
15 1.56935e+06
16 1.56943e+06
17 1.56955e+06
18 1.56963e+06
19 1.56987e+06
20 1.56992e+06
21 1.57012e+06
22 1.5702e+06
23 1.57031e+06
24 1.57038e+06
25 1.57046e+06
26 1.57047e+06
27 1.57051e+06
28 1.57057e+06
29 1.57064e+06
30 1.57075e+06
31 1.57082e+06
32 1.57089e+06
33 1.57089e+06
34 1.57103e+06
35 1.5711e+06
36 1.57124e+06
37 1.57131e+06
38 1.57138e+06
39 1.57142e+06
40 1.57147e+06
41 1.57156e+06
42 1.57158e+06
43 1.57166e+06
44 1.57178e+06
45 1.57181e+06
46 1.57199e+06
47 1.57209e+06
48 1.5722e+06
49 1.57232e+06
50 1.57235e+06
51 1.57237e+06
52 1.5724e+06
53 1.57245e+06
54 1.57262e+06
55 1.57264e+06
56 1.57273e+06
57 1.57282e+06
58 1.5729e+06
59 1.57296e+06
60 1.57305e+06
61 1.5731e+06
62 1.57313e+06
63 1.5732e+06
64 1.57328e+06
65 1.57344e+06
66 1.57361e+06
67 1.5737e+06
68 1.57374e+06
69 1.5739e+06
70 1.57403e+06
71 1.57408e+06
72 1.57416e+06
73 1.57421e+06
74 1.57424e+06
75 1.57427e+06
76 1.57437e+06
77 1.57444e+06
78 1.57457e+06
79 1.57466e+06
80 1.57476e+06
81 1.57486e+06
82 1.5749e+06
83 1.57507e+06
84 1.57522e+06
85 1.57526e+06
86 1.57538e+06
87 1.57543e+06
88 1.57555e+06
89 1.57565e+06
90 1.57574e+06
91 1.57578e+06
92 1.57592e+06
93 1.57613e+06
94 1.57633e+06
95 1.57634e+06
96 1.57639e+06
97 1.57639e+06
98 1.57648e+06
99 1.57656e+06
100 1.57672e+06
101 1.57677e+06
102 1.57686e+06
103 1.57698e+06
104 1.57706e+06
105 1.57711e+06
106 1.57718e+06
107 1.57724e+06
108 1.57732e+06
109 1.57734e+06
110 1.57746e+06
111 1.57759e+06
112 1.57769e+06
113 1.57786e+06
114 1.57793e+06
115 1.57806e+06
116 1.57816e+06
117 1.57821e+06
118 1.57826e+06
119 1.57829e+06
120 1.57836e+06
121 1.5784e+06
122 1.57849e+06
123 1.57868e+06
124 1.5788e+06
125 1.57891e+06
126 1.57897e+06
127 1.57914e+06
128 1.57925e+06
129 1.57935e+06
130 1.5794e+06
131 1.57944e+06
132 1.57955e+06
133 1.57961e+06
134 1.57966e+06
135 1.57974e+06
136 1.57983e+06
137 1.57984e+06
138 1.57988e+06
139 1.58002e+06
140 1.58009e+06
141 1.5801e+06
142 1.5802e+06
143 1.58024e+06
144 1.58036e+06
145 1.58046e+06
146 1.58048e+06
147 1.5805e+06
148 1.58052e+06
149 1.58057e+06
150 1.58062e+06
151 1.58068e+06
152 1.58075e+06
153 1.58081e+06
154 1.58092e+06
155 1.58101e+06
156 1.58114e+06
157 1.58118e+06
158 1.58122e+06
159 1.58135e+06
160 1.58142e+06
161 1.58155e+06
162 1.58161e+06
163 1.58165e+06
164 1.58174e+06
165 1.5818e+06
166 1.5819e+06
167 1.58192e+06
168 1.58204e+06
169 1.58208e+06
170 1.58212e+06
171 1.58224e+06
172 1.58233e+06
173 1.5824e+06
174 1.58252e+06
175 1.58263e+06
176 1.58267e+06
177 1.58272e+06
178 1.58279e+06
179 1.58284e+06
180 1.58289e+06
181 1.58292e+06
182 1.58294e+06
183 1.58308e+06
184 1.58321e+06
185 1.58326e+06
186 1.58326e+06
187 1.58341e+06
188 1.58342e+06
189 1.58344e+06
190 1.5835e+06
191 1.5836e+06
192 1.58367e+06
193 1.58369e+06
194 1.58379e+06
195 1.5839e+06
196 1.58402e+06
197 1.58408e+06
198 1.58417e+06
199 1.58418e+06
200 1.58431e+06
201 1.58437e+06
202 1.58444e+06
203 1.58448e+06
204 1.58459e+06
205 1.58474e+06
206 1.58479e+06
207 1.58488e+06
208 1.5849e+06
209 1.58497e+06
210 1.5851e+06
211 1.5852e+06
212 1.58528e+06
213 1.58534e+06
214 1.5854e+06
215 1.58562e+06
216 1.58565e+06
217 1.58568e+06
218 1.58571e+06
219 1.58576e+06
220 1.58588e+06
221 1.58588e+06
222 1.58594e+06
223 1.586e+06
224 1.58602e+06
225 1.58603e+06
226 1.58609e+06
227 1.58612e+06
228 1.58616e+06
229 1.58628e+06
230 1.58639e+06
231 1.58654e+06
232 1.58657e+06
233 1.58663e+06
234 1.58666e+06
235 1.5867e+06
236 1.58686e+06
237 1.58696e+06
238 1.58705e+06
239 1.58717e+06
240 1.58726e+06
241 1.58737e+06
242 1.58739e+06
243 1.5874e+06
244 1.58744e+06
245 1.58754e+06
246 1.58759e+06
247 1.58765e+06
248 1.58776e+06
249 1.5878e+06
250 1.58788e+06
251 1.5879e+06
252 1.588e+06
253 1.5882e+06
254 1.58824e+06
255 1.58829e+06
256 1.58835e+06
257 1.58842e+06
258 1.58853e+06
259 1.58858e+06
260 1.58866e+06
261 1.5887e+06
262 1.58884e+06
263 1.58893e+06
264 1.58904e+06
265 1.58912e+06
266 1.58926e+06
267 1.58939e+06
268 1.58947e+06
269 1.58956e+06
270 1.58968e+06
271 1.58975e+06
272 1.58987e+06
273 1.58994e+06
274 1.58999e+06
275 1.59005e+06
276 1.59014e+06
277 1.59018e+06
278 1.59032e+06
279 1.59036e+06
280 1.59042e+06
281 1.5905e+06
282 1.59061e+06
283 1.59077e+06
284 1.59091e+06
285 1.59097e+06
286 1.59101e+06
287 1.59102e+06
288 1.59105e+06
289 1.59113e+06
290 1.59115e+06
291 1.59116e+06
292 1.59127e+06
293 1.59134e+06
294 1.59139e+06
295 1.59145e+06
296 1.59153e+06
297 1.59161e+06
298 1.59166e+06
299 1.59175e+06
300 1.59183e+06
301 1.59186e+06
302 1.5919e+06
303 1.59201e+06
304 1.59205e+06
305 1.59206e+06
306 1.59217e+06
307 1.59222e+06
308 1.59224e+06
309 1.59225e+06
310 1.59233e+06
311 1.59236e+06
312 1.59246e+06
313 1.59249e+06
314 1.5926e+06
315 1.59272e+06
316 1.59279e+06
317 1.59287e+06
318 1.59289e+06
319 1.59292e+06
320 1.59305e+06
321 1.59314e+06
322 1.59322e+06
323 1.59334e+06
324 1.59338e+06
325 1.59342e+06
326 1.59347e+06
327 1.59351e+06
328 1.59358e+06
329 1.59362e+06
330 1.59376e+06
331 1.59384e+06
332 1.59392e+06
333 1.59404e+06
334 1.59408e+06
335 1.59416e+06
336 1.59422e+06
337 1.59425e+06
338 1.59431e+06
339 1.59434e+06
340 1.59442e+06
341 1.59455e+06
342 1.59463e+06
343 1.59469e+06
344 1.59478e+06
345 1.59486e+06
346 1.59504e+06
347 1.59508e+06
348 1.59509e+06
349 1.59514e+06
350 1.59525e+06
351 1.5953e+06
352 1.59539e+06
353 1.5956e+06
354 1.59567e+06
355 1.59572e+06
356 1.59578e+06
357 1.59585e+06
358 1.59594e+06
359 1.59605e+06
360 1.59612e+06
361 1.59614e+06
362 1.59618e+06
363 1.59625e+06
364 1.5963e+06
365 1.5963e+06
366 1.59633e+06
367 1.5964e+06
368 1.5965e+06
369 1.59656e+06
370 1.59668e+06
371 1.59668e+06
372 1.59674e+06
373 1.59675e+06
374 1.5968e+06
375 1.59698e+06
376 1.597e+06
377 1.59704e+06
378 1.59705e+06
379 1.59715e+06
380 1.59717e+06
381 1.59722e+06
382 1.59738e+06
383 1.59742e+06
384 1.59746e+06
385 1.59753e+06
386 1.59753e+06
387 1.59754e+06
388 1.59764e+06
389 1.5977e+06
390 1.59771e+06
391 1.59779e+06
392 1.59787e+06
393 1.59791e+06
394 1.59803e+06
395 1.59809e+06
396 1.59821e+06
397 1.59828e+06
398 1.59834e+06
399 1.59841e+06
400 1.59847e+06
401 1.59857e+06
402 1.5986e+06
403 1.59865e+06
404 1.59874e+06
405 1.59878e+06
406 1.59891e+06
407 1.59895e+06
408 1.59898e+06
409 1.599e+06
410 1.59908e+06
411 1.59916e+06
412 1.5992e+06
413 1.59943e+06
414 1.59945e+06
415 1.59949e+06
416 1.59952e+06
417 1.59962e+06
418 1.59974e+06
419 1.5998e+06
420 1.59994e+06
421 1.6e+06
422 1.6001e+06
423 1.60017e+06
424 1.60025e+06
425 1.60029e+06
426 1.60043e+06
427 1.60048e+06
428 1.60057e+06
429 1.60069e+06
430 1.60074e+06
431 1.6009e+06
432 1.60107e+06
433 1.60118e+06
434 1.60125e+06
435 1.60133e+06
436 1.6014e+06
437 1.60147e+06
438 1.60157e+06
439 1.60172e+06
440 1.60182e+06
441 1.60198e+06
442 1.60205e+06
443 1.6021e+06
444 1.60212e+06
445 1.60217e+06
446 1.60222e+06
447 1.60235e+06
448 1.6024e+06
449 1.60242e+06
450 1.6025e+06
451 1.60256e+06
452 1.60263e+06
453 1.6027e+06
454 1.60281e+06
455 1.60288e+06
456 1.60292e+06
457 1.60305e+06
458 1.60307e+06
459 1.60324e+06
460 1.60332e+06
461 1.60333e+06
462 1.60342e+06
463 1.60346e+06
464 1.60347e+06
465 1.60356e+06
466 1.60365e+06
467 1.60366e+06
468 1.60366e+06
469 1.60378e+06
470 1.60384e+06
471 1.60386e+06
472 1.60392e+06
473 1.60396e+06
474 1.60404e+06
475 1.60407e+06
476 1.60412e+06
477 1.60416e+06
478 1.60422e+06
479 1.60426e+06
480 1.60434e+06
481 1.60441e+06
482 1.60448e+06
483 1.60451e+06
484 1.60456e+06
485 1.6046e+06
486 1.60462e+06
487 1.60463e+06
488 1.60474e+06
489 1.60474e+06
490 1.60479e+06
491 1.6048e+06
492 1.60489e+06
493 1.60494e+06
494 1.60497e+06
495 1.60499e+06
496 1.6051e+06
497 1.60523e+06
498 1.60528e+06
499 1.60531e+06
500 1.60533e+06
501 1.60541e+06
502 1.60546e+06
503 1.60549e+06
504 1.60553e+06
505 1.60555e+06
506 1.60555e+06
507 1.60563e+06
508 1.60566e+06
509 1.60568e+06
510 1.60574e+06
511 1.60574e+06
512 1.60584e+06
513 1.60589e+06
514 1.60594e+06
515 1.60601e+06
516 1.60605e+06
517 1.60616e+06
518 1.6063e+06
519 1.60638e+06
520 1.60647e+06
521 1.60653e+06
522 1.60654e+06
523 1.60663e+06
524 1.60672e+06
525 1.60681e+06
526 1.6069e+06
527 1.60697e+06
528 1.60704e+06
529 1.60715e+06
530 1.60717e+06
531 1.60723e+06
532 1.6073e+06
533 1.60736e+06
534 1.60744e+06
535 1.60746e+06
536 1.60747e+06
537 1.60749e+06
538 1.60754e+06
539 1.60765e+06
540 1.60768e+06
541 1.60777e+06
542 1.6079e+06
543 1.60792e+06
544 1.60805e+06
545 1.60807e+06
546 1.60816e+06
547 1.60822e+06
548 1.60831e+06
549 1.60834e+06
550 1.60834e+06
551 1.60844e+06
552 1.60851e+06
553 1.60856e+06
554 1.60861e+06
555 1.60873e+06
556 1.60876e+06
557 1.6088e+06
558 1.60891e+06
559 1.60893e+06
560 1.60898e+06
561 1.60898e+06
562 1.60905e+06
563 1.60913e+06
564 1.60923e+06
565 1.60923e+06
566 1.6093e+06
567 1.60941e+06
568 1.60944e+06
569 1.60952e+06
570 1.60953e+06
571 1.60956e+06
572 1.60962e+06
573 1.60967e+06
574 1.60981e+06
575 1.60989e+06
576 1.60996e+06
577 1.61005e+06
578 1.61005e+06
579 1.61008e+06
580 1.61016e+06
581 1.61018e+06
582 1.61022e+06
583 1.61023e+06
584 1.61031e+06
585 1.61038e+06
586 1.61042e+06
587 1.61046e+06
588 1.6105e+06
589 1.61053e+06
590 1.61057e+06
591 1.61058e+06
592 1.61066e+06
593 1.61071e+06
594 1.61077e+06
595 1.61087e+06
596 1.61096e+06
597 1.61097e+06
598 1.611e+06
599 1.61101e+06
600 1.61101e+06
601 1.61106e+06
602 1.61107e+06
603 1.61112e+06
604 1.61129e+06
605 1.61143e+06
606 1.61156e+06
607 1.61158e+06
608 1.61165e+06
609 1.61175e+06
610 1.61189e+06
611 1.61195e+06
612 1.61197e+06
613 1.61203e+06
614 1.6121e+06
615 1.61219e+06
616 1.61228e+06
617 1.6123e+06
618 1.61233e+06
619 1.61236e+06
620 1.61237e+06
621 1.61238e+06
622 1.61246e+06
623 1.6125e+06
624 1.61258e+06
625 1.61262e+06
626 1.61265e+06
627 1.61267e+06
628 1.61278e+06
629 1.61288e+06
630 1.61289e+06
631 1.61294e+06
632 1.61296e+06
633 1.61298e+06
634 1.613e+06
635 1.61307e+06
636 1.61313e+06
637 1.61316e+06
638 1.61317e+06
639 1.61322e+06
640 1.61323e+06
641 1.61331e+06
642 1.61344e+06
643 1.61344e+06
644 1.61349e+06
645 1.61352e+06
646 1.6136e+06
647 1.61369e+06
648 1.61374e+06
649 1.61388e+06
650 1.61394e+06
651 1.61403e+06
652 1.61408e+06
653 1.61415e+06
654 1.6142e+06
655 1.61424e+06
656 1.61428e+06
657 1.61432e+06
658 1.61436e+06
659 1.61438e+06
660 1.6145e+06
661 1.61459e+06
662 1.61466e+06
663 1.61474e+06
664 1.61482e+06
665 1.61488e+06
666 1.61493e+06
667 1.61494e+06
668 1.61497e+06
669 1.61499e+06
670 1.6151e+06
671 1.61512e+06
672 1.61516e+06
673 1.61517e+06
674 1.61524e+06
675 1.61536e+06
676 1.61544e+06
677 1.61545e+06
678 1.61545e+06
679 1.61557e+06
680 1.61559e+06
681 1.61563e+06
682 1.61564e+06
683 1.61571e+06
684 1.61572e+06
685 1.61587e+06
686 1.61596e+06
687 1.61598e+06
688 1.61608e+06
689 1.6161e+06
690 1.61614e+06
691 1.6162e+06
692 1.61627e+06
693 1.61631e+06
694 1.61639e+06
695 1.61644e+06
696 1.61644e+06
697 1.6165e+06
698 1.61655e+06
699 1.61659e+06
700 1.61662e+06
701 1.61672e+06
702 1.61679e+06
703 1.6168e+06
704 1.61682e+06
705 1.61688e+06
706 1.61695e+06
707 1.61696e+06
708 1.61703e+06
709 1.61704e+06
710 1.61704e+06
711 1.61712e+06
712 1.61717e+06
713 1.61723e+06
714 1.61724e+06
715 1.61736e+06
716 1.61737e+06
717 1.61754e+06
718 1.61765e+06
719 1.61767e+06
720 1.61771e+06
721 1.61774e+06
722 1.61775e+06
723 1.61775e+06
724 1.61786e+06
725 1.6179e+06
726 1.61791e+06
727 1.61794e+06
728 1.61794e+06
729 1.61804e+06
730 1.61809e+06
731 1.61812e+06
732 1.61829e+06
733 1.61836e+06
734 1.61842e+06
735 1.61843e+06
736 1.61859e+06
737 1.6187e+06
738 1.61876e+06
739 1.61876e+06
740 1.6188e+06
741 1.61883e+06
742 1.61887e+06
743 1.61896e+06
744 1.61903e+06
745 1.61904e+06
746 1.61906e+06
747 1.6191e+06
748 1.61915e+06
749 1.61915e+06
750 1.61916e+06
751 1.61934e+06
752 1.61942e+06
753 1.61944e+06
754 1.61949e+06
755 1.6195e+06
756 1.61954e+06
757 1.61954e+06
758 1.61964e+06
759 1.61976e+06
760 1.61978e+06
761 1.61986e+06
762 1.61993e+06
763 1.62001e+06
764 1.62003e+06
765 1.62011e+06
766 1.62019e+06
767 1.62031e+06
768 1.62037e+06
769 1.62037e+06
770 1.62045e+06
771 1.62047e+06
772 1.62052e+06
773 1.62059e+06
774 1.62061e+06
775 1.62064e+06
776 1.62068e+06
777 1.6207e+06
778 1.62079e+06
779 1.6208e+06
780 1.62084e+06
781 1.62089e+06
782 1.62096e+06
783 1.62103e+06
784 1.62109e+06
785 1.62109e+06
786 1.62114e+06
787 1.62115e+06
788 1.62115e+06
789 1.62117e+06
790 1.62124e+06
791 1.62131e+06
792 1.62135e+06
793 1.62136e+06
794 1.62144e+06
795 1.62145e+06
796 1.62152e+06
797 1.62154e+06
798 1.62155e+06
799 1.62162e+06
800 1.62168e+06
801 1.62168e+06
802 1.6217e+06
803 1.62173e+06
804 1.6218e+06
805 1.62182e+06
806 1.62182e+06
807 1.62185e+06
808 1.62185e+06
809 1.6219e+06
810 1.62191e+06
811 1.62192e+06
812 1.62193e+06
813 1.62208e+06
814 1.62211e+06
815 1.62213e+06
816 1.62223e+06
817 1.62224e+06
818 1.62228e+06
819 1.62232e+06
820 1.62236e+06
821 1.62245e+06
822 1.62262e+06
823 1.62265e+06
824 1.6227e+06
825 1.6227e+06
826 1.6227e+06
827 1.62277e+06
828 1.62286e+06
829 1.62287e+06
830 1.62295e+06
831 1.62303e+06
832 1.62303e+06
833 1.62305e+06
834 1.62306e+06
835 1.62311e+06
836 1.62317e+06
837 1.62328e+06
838 1.62336e+06
839 1.62342e+06
840 1.62348e+06
841 1.62349e+06
842 1.62354e+06
843 1.62361e+06
844 1.62363e+06
845 1.62371e+06
846 1.62381e+06
847 1.62384e+06
848 1.62393e+06
849 1.62395e+06
850 1.62398e+06
851 1.62402e+06
852 1.62407e+06
853 1.62408e+06
854 1.62415e+06
855 1.62415e+06
856 1.62416e+06
857 1.62418e+06
858 1.62428e+06
859 1.62431e+06
860 1.62432e+06
861 1.62434e+06
862 1.62447e+06
863 1.62458e+06
864 1.62459e+06
865 1.62466e+06
866 1.6247e+06
867 1.62475e+06
868 1.62475e+06
869 1.62481e+06
870 1.62481e+06
871 1.62491e+06
872 1.62505e+06
873 1.62514e+06
874 1.62519e+06
875 1.62519e+06
876 1.6252e+06
877 1.62524e+06
878 1.62524e+06
879 1.62526e+06
880 1.62529e+06
881 1.6254e+06
882 1.62546e+06
883 1.62554e+06
884 1.62555e+06
885 1.62559e+06
886 1.62571e+06
887 1.62576e+06
888 1.62582e+06
889 1.62585e+06
890 1.62595e+06
891 1.62602e+06
892 1.6261e+06
893 1.6262e+06
894 1.62634e+06
895 1.62638e+06
896 1.6264e+06
897 1.62651e+06
898 1.62652e+06
899 1.62653e+06
900 1.62663e+06
901 1.62666e+06
902 1.62675e+06
903 1.62685e+06
904 1.62692e+06
905 1.62693e+06
906 1.62698e+06
907 1.62704e+06
908 1.62704e+06
909 1.62715e+06
910 1.6272e+06
911 1.6273e+06
912 1.62735e+06
913 1.62744e+06
914 1.62746e+06
915 1.62753e+06
916 1.62754e+06
917 1.6276e+06
918 1.62763e+06
919 1.6277e+06
920 1.62771e+06
921 1.62777e+06
922 1.62784e+06
923 1.62787e+06
924 1.62787e+06
925 1.62794e+06
926 1.62795e+06
927 1.628e+06
928 1.62804e+06
929 1.62809e+06
930 1.62814e+06
931 1.62818e+06
932 1.62818e+06
933 1.62826e+06
934 1.62828e+06
935 1.62833e+06
936 1.62843e+06
937 1.62843e+06
938 1.62851e+06
939 1.62857e+06
940 1.62861e+06
941 1.62868e+06
942 1.62875e+06
943 1.62879e+06
944 1.6288e+06
945 1.62883e+06
946 1.62883e+06
947 1.62883e+06
948 1.62884e+06
949 1.62884e+06
950 1.62884e+06
951 1.62891e+06
952 1.62895e+06
953 1.629e+06
954 1.62908e+06
955 1.62914e+06
956 1.62919e+06
957 1.62921e+06
958 1.62928e+06
959 1.6293e+06
960 1.6293e+06
961 1.62938e+06
962 1.62942e+06
963 1.62947e+06
964 1.62953e+06
965 1.62961e+06
966 1.62971e+06
967 1.62977e+06
968 1.62979e+06
969 1.62991e+06
970 1.62993e+06
971 1.62997e+06
972 1.63006e+06
973 1.63016e+06
974 1.63017e+06
975 1.63033e+06
976 1.63033e+06
977 1.63044e+06
978 1.63052e+06
979 1.63052e+06
980 1.63053e+06
981 1.63059e+06
982 1.63062e+06
983 1.63064e+06
984 1.6307e+06
985 1.63073e+06
986 1.63084e+06
987 1.63084e+06
988 1.63085e+06
989 1.63085e+06
990 1.63091e+06
991 1.63094e+06
992 1.63102e+06
993 1.63103e+06
994 1.63114e+06
995 1.63114e+06
996 1.63123e+06
997 1.63135e+06
998 1.63139e+06
999 1.63145e+06
1000 1.63149e+06
