128 0.3 0.499
0 156776
1 1.56787e+06
2 1.56797e+06
3 1.5681e+06
4 1.56822e+06
5 1.56842e+06
6 1.56847e+06
7 1.56854e+06
8 1.5686e+06
9 1.56867e+06
10 1.56879e+06
11 1.56894e+06
12 1.56902e+06
13 1.5691e+06
14 1.56924e+06
15 1.56931e+06
16 1.56945e+06
17 1.56956e+06
18 1.56969e+06
19 1.56993e+06
20 1.57006e+06
21 1.57022e+06
22 1.57027e+06
23 1.57033e+06
24 1.57051e+06
25 1.57066e+06
26 1.57068e+06
27 1.57072e+06
28 1.57078e+06
29 1.57084e+06
30 1.57097e+06
31 1.57107e+06
32 1.57109e+06
33 1.57112e+06
34 1.57124e+06
35 1.5713e+06
36 1.57138e+06
37 1.57147e+06
38 1.5715e+06
39 1.57154e+06
40 1.57161e+06
41 1.57169e+06
42 1.5717e+06
43 1.57188e+06
44 1.57196e+06
45 1.57199e+06
46 1.57209e+06
47 1.57225e+06
48 1.57239e+06
49 1.57241e+06
50 1.57245e+06
51 1.57251e+06
52 1.57258e+06
53 1.57264e+06
54 1.57276e+06
55 1.57289e+06
56 1.57302e+06
57 1.57303e+06
58 1.57322e+06
59 1.57328e+06
60 1.57338e+06
61 1.57339e+06
62 1.57348e+06
63 1.5735e+06
64 1.5736e+06
65 1.57369e+06
66 1.57387e+06
67 1.57398e+06
68 1.57403e+06
69 1.57412e+06
70 1.57422e+06
71 1.57431e+06
72 1.57446e+06
73 1.5747e+06
74 1.57472e+06
75 1.57481e+06
76 1.57489e+06
77 1.57496e+06
78 1.57504e+06
79 1.57514e+06
80 1.5752e+06
81 1.57528e+06
82 1.57538e+06
83 1.57551e+06
84 1.5756e+06
85 1.57581e+06
86 1.57588e+06
87 1.57602e+06
88 1.57611e+06
89 1.57616e+06
90 1.57635e+06
91 1.57645e+06
92 1.57658e+06
93 1.5767e+06
94 1.57681e+06
95 1.57689e+06
96 1.57701e+06
97 1.57716e+06
98 1.57729e+06
99 1.57732e+06
100 1.57744e+06
101 1.57758e+06
102 1.57771e+06
103 1.5778e+06
104 1.5779e+06
105 1.57802e+06
106 1.57806e+06
107 1.57818e+06
108 1.57827e+06
109 1.5783e+06
110 1.57834e+06
111 1.57853e+06
112 1.57863e+06
113 1.57876e+06
114 1.57882e+06
115 1.5789e+06
116 1.57919e+06
117 1.57926e+06
118 1.57935e+06
119 1.57947e+06
120 1.57953e+06
121 1.57962e+06
122 1.57974e+06
123 1.57986e+06
124 1.57995e+06
125 1.58005e+06
126 1.58019e+06
127 1.58027e+06
128 1.5804e+06
129 1.58044e+06
130 1.58048e+06
131 1.58068e+06
132 1.58075e+06
133 1.58088e+06
134 1.58102e+06
135 1.58115e+06
136 1.58122e+06
137 1.58131e+06
138 1.58137e+06
139 1.58151e+06
140 1.58172e+06
141 1.58174e+06
142 1.58183e+06
143 1.5819e+06
144 1.582e+06
145 1.58208e+06
146 1.58218e+06
147 1.58228e+06
148 1.58235e+06
149 1.58245e+06
150 1.58248e+06
151 1.58252e+06
152 1.58255e+06
153 1.58265e+06
154 1.58275e+06
155 1.58287e+06
156 1.58292e+06
157 1.58304e+06
158 1.58304e+06
159 1.5832e+06
160 1.58324e+06
161 1.58331e+06
162 1.58342e+06
163 1.58347e+06
164 1.58359e+06
165 1.58367e+06
166 1.58376e+06
167 1.58387e+06
168 1.58395e+06
169 1.58402e+06
170 1.58406e+06
171 1.58427e+06
172 1.58435e+06
173 1.58447e+06
174 1.58467e+06
175 1.58475e+06
176 1.58479e+06
177 1.58488e+06
178 1.58492e+06
179 1.58497e+06
180 1.58497e+06
181 1.58502e+06
182 1.58507e+06
183 1.58517e+06
184 1.58523e+06
185 1.58527e+06
186 1.58546e+06
187 1.58555e+06
188 1.58564e+06
189 1.58568e+06
190 1.58578e+06
191 1.58587e+06
192 1.58598e+06
193 1.58605e+06
194 1.5861e+06
195 1.58627e+06
196 1.58635e+06
197 1.58636e+06
198 1.58649e+06
199 1.58653e+06
200 1.58656e+06
201 1.58658e+06
202 1.58672e+06
203 1.5868e+06
204 1.58687e+06
205 1.58694e+06
206 1.587e+06
207 1.58711e+06
208 1.58716e+06
209 1.58722e+06
210 1.58736e+06
211 1.5874e+06
212 1.58756e+06
213 1.58768e+06
214 1.58777e+06
215 1.58782e+06
216 1.58787e+06
217 1.58794e+06
218 1.58795e+06
219 1.58795e+06
220 1.58804e+06
221 1.5881e+06
222 1.58819e+06
223 1.58825e+06
224 1.5884e+06
225 1.58853e+06
226 1.58867e+06
227 1.58877e+06
228 1.58885e+06
229 1.58898e+06
230 1.58902e+06
231 1.58909e+06
232 1.58915e+06
233 1.58922e+06
234 1.58931e+06
235 1.58948e+06
236 1.58956e+06
237 1.58963e+06
238 1.58974e+06
239 1.58979e+06
240 1.58985e+06
241 1.58986e+06
242 1.58994e+06
243 1.59006e+06
244 1.5901e+06
245 1.59017e+06
246 1.59023e+06
247 1.59032e+06
248 1.59039e+06
249 1.59041e+06
250 1.59051e+06
251 1.59059e+06
252 1.59079e+06
253 1.5909e+06
254 1.59097e+06
255 1.59112e+06
256 1.59117e+06
257 1.59127e+06
258 1.5913e+06
259 1.59139e+06
260 1.59142e+06
261 1.59146e+06
262 1.59155e+06
263 1.59158e+06
264 1.59164e+06
265 1.59177e+06
266 1.59188e+06
267 1.59188e+06
268 1.59196e+06
269 1.59198e+06
270 1.59205e+06
271 1.59211e+06
272 1.59216e+06
273 1.59228e+06
274 1.59234e+06
275 1.5924e+06
276 1.59245e+06
277 1.59258e+06
278 1.59273e+06
279 1.59282e+06
280 1.59289e+06
281 1.59294e+06
282 1.59311e+06
283 1.5932e+06
284 1.59325e+06
285 1.59328e+06
286 1.59337e+06
287 1.59345e+06
288 1.5935e+06
289 1.59357e+06
290 1.5937e+06
291 1.59378e+06
292 1.59392e+06
293 1.59396e+06
294 1.59407e+06
295 1.59412e+06
296 1.59418e+06
297 1.5942e+06
298 1.59422e+06
299 1.59423e+06
300 1.5943e+06
301 1.59434e+06
302 1.59455e+06
303 1.59463e+06
304 1.5947e+06
305 1.59477e+06
306 1.5948e+06
307 1.59481e+06
308 1.59493e+06
309 1.595e+06
310 1.59507e+06
311 1.59513e+06
312 1.5952e+06
313 1.59529e+06
314 1.59536e+06
315 1.59545e+06
316 1.5955e+06
317 1.59565e+06
318 1.59566e+06
319 1.59578e+06
320 1.59581e+06
321 1.59598e+06
322 1.5961e+06
323 1.59621e+06
324 1.59635e+06
325 1.59637e+06
326 1.59639e+06
327 1.59653e+06
328 1.59658e+06
329 1.59669e+06
330 1.59681e+06
331 1.59687e+06
332 1.59694e+06
333 1.59697e+06
334 1.59708e+06
335 1.59719e+06
336 1.5972e+06
337 1.59723e+06
338 1.59729e+06
339 1.59729e+06
340 1.59739e+06
341 1.59741e+06
342 1.59747e+06
343 1.59754e+06
344 1.59763e+06
345 1.59765e+06
346 1.59769e+06
347 1.59774e+06
348 1.59779e+06
349 1.59783e+06
350 1.59791e+06
351 1.59794e+06
352 1.59798e+06
353 1.59802e+06
354 1.59806e+06
355 1.59817e+06
356 1.59833e+06
357 1.59834e+06
358 1.59837e+06
359 1.59844e+06
360 1.59845e+06
361 1.59846e+06
362 1.59846e+06
363 1.59851e+06
364 1.59857e+06
365 1.5986e+06
366 1.59868e+06
367 1.59874e+06
368 1.59875e+06
369 1.5988e+06
370 1.59885e+06
371 1.59896e+06
372 1.59897e+06
373 1.59902e+06
374 1.59906e+06
375 1.59918e+06
376 1.59923e+06
377 1.59924e+06
378 1.5993e+06
379 1.59932e+06
380 1.59934e+06
381 1.59942e+06
382 1.59954e+06
383 1.59958e+06
384 1.59967e+06
385 1.59978e+06
386 1.59983e+06
387 1.59985e+06
388 1.59992e+06
389 1.59998e+06
390 1.60002e+06
391 1.60013e+06
392 1.60019e+06
393 1.60021e+06
394 1.60025e+06
395 1.60029e+06
396 1.60039e+06
397 1.60043e+06
398 1.60054e+06
399 1.60061e+06
400 1.60062e+06
401 1.60067e+06
402 1.60084e+06
403 1.60092e+06
404 1.60099e+06
405 1.6011e+06
406 1.60114e+06
407 1.60118e+06
408 1.60124e+06
409 1.60127e+06
410 1.60134e+06
411 1.60146e+06
412 1.60146e+06
413 1.6016e+06
414 1.60168e+06
415 1.60173e+06
416 1.60176e+06
417 1.60179e+06
418 1.60185e+06
419 1.60195e+06
420 1.60201e+06
421 1.60203e+06
422 1.60205e+06
423 1.60212e+06
424 1.6022e+06
425 1.60226e+06
426 1.60228e+06
427 1.60228e+06
428 1.60236e+06
429 1.60245e+06
430 1.6025e+06
431 1.60251e+06
432 1.6026e+06
433 1.60266e+06
434 1.60268e+06
435 1.60274e+06
436 1.6028e+06
437 1.60283e+06
438 1.60288e+06
439 1.60296e+06
440 1.60302e+06
441 1.60304e+06
442 1.6031e+06
443 1.60315e+06
444 1.60315e+06
445 1.60317e+06
446 1.60328e+06
447 1.60329e+06
448 1.60331e+06
449 1.60331e+06
450 1.60338e+06
451 1.60341e+06
452 1.60342e+06
453 1.60348e+06
454 1.60353e+06
455 1.60359e+06
456 1.60367e+06
457 1.60388e+06
458 1.60391e+06
459 1.60396e+06
460 1.60399e+06
461 1.60405e+06
462 1.60408e+06
463 1.60413e+06
464 1.60415e+06
465 1.60419e+06
466 1.60424e+06
467 1.60428e+06
468 1.60431e+06
469 1.60438e+06
470 1.60447e+06
471 1.6046e+06
472 1.60466e+06
473 1.60477e+06
474 1.60491e+06
475 1.60496e+06
476 1.60497e+06
477 1.60502e+06
478 1.60505e+06
479 1.60509e+06
480 1.60509e+06
481 1.60511e+06
482 1.60513e+06
483 1.60517e+06
484 1.60523e+06
485 1.6053e+06
486 1.60535e+06
487 1.60546e+06
488 1.60551e+06
489 1.60552e+06
490 1.60557e+06
491 1.60564e+06
492 1.6057e+06
493 1.60576e+06
494 1.60581e+06
495 1.60584e+06
496 1.60591e+06
497 1.60601e+06
498 1.60605e+06
499 1.60615e+06
500 1.6062e+06
501 1.60623e+06
502 1.60626e+06
503 1.60627e+06
504 1.60627e+06
505 1.60633e+06
506 1.60635e+06
507 1.60641e+06
508 1.60647e+06
509 1.60647e+06
510 1.60659e+06
511 1.6066e+06
512 1.60671e+06
513 1.60682e+06
514 1.60685e+06
515 1.60688e+06
516 1.6069e+06
517 1.607e+06
518 1.607e+06
519 1.60711e+06
520 1.60711e+06
521 1.60718e+06
522 1.60724e+06
523 1.60729e+06
524 1.60734e+06
525 1.60739e+06
526 1.60746e+06
527 1.6075e+06
528 1.60754e+06
529 1.60762e+06
530 1.60764e+06
531 1.60771e+06
532 1.60777e+06
533 1.60778e+06
534 1.60788e+06
535 1.60788e+06
536 1.6079e+06
537 1.60791e+06
538 1.60796e+06
539 1.608e+06
540 1.60803e+06
541 1.60807e+06
542 1.60811e+06
543 1.60811e+06
544 1.60816e+06
545 1.60816e+06
546 1.60818e+06
547 1.60818e+06
548 1.60825e+06
549 1.60825e+06
550 1.60828e+06
551 1.60837e+06
552 1.60841e+06
553 1.60846e+06
554 1.60853e+06
555 1.60858e+06
556 1.60863e+06
557 1.60868e+06
558 1.60874e+06
559 1.60878e+06
560 1.60894e+06
561 1.60896e+06
562 1.60902e+06
563 1.60905e+06
564 1.60913e+06
565 1.60919e+06
566 1.60928e+06
567 1.60933e+06
568 1.60938e+06
569 1.60939e+06
570 1.60943e+06
571 1.60948e+06
572 1.60952e+06
573 1.60957e+06
574 1.60963e+06
575 1.60969e+06
576 1.60974e+06
577 1.60977e+06
578 1.6098e+06
579 1.60986e+06
580 1.61004e+06
581 1.61014e+06
582 1.61021e+06
583 1.61026e+06
584 1.61028e+06
585 1.61035e+06
586 1.61038e+06
587 1.61046e+06
588 1.61047e+06
589 1.61052e+06
590 1.61064e+06
591 1.61068e+06
592 1.61077e+06
593 1.61087e+06
594 1.61095e+06
595 1.61102e+06
596 1.61102e+06
597 1.61117e+06
598 1.61121e+06
599 1.61127e+06
600 1.6113e+06
601 1.6113e+06
602 1.61142e+06
603 1.61146e+06
604 1.61151e+06
605 1.61154e+06
606 1.61162e+06
607 1.61166e+06
608 1.61175e+06
609 1.6118e+06
610 1.61193e+06
611 1.61197e+06
612 1.61204e+06
613 1.61207e+06
614 1.61216e+06
615 1.61218e+06
616 1.61227e+06
617 1.61227e+06
618 1.61229e+06
619 1.61234e+06
620 1.61238e+06
621 1.61242e+06
622 1.61249e+06
623 1.61254e+06
624 1.61261e+06
625 1.61268e+06
626 1.61272e+06
627 1.61275e+06
628 1.61278e+06
629 1.61284e+06
630 1.6129e+06
631 1.61294e+06
632 1.61294e+06
633 1.613e+06
634 1.61301e+06
635 1.61307e+06
636 1.6131e+06
637 1.61315e+06
638 1.61326e+06
639 1.61328e+06
640 1.6134e+06
641 1.61346e+06
642 1.61355e+06
643 1.61357e+06
644 1.61358e+06
645 1.61379e+06
646 1.61382e+06
647 1.61392e+06
648 1.61394e+06
649 1.614e+06
650 1.61401e+06
651 1.61407e+06
652 1.6141e+06
653 1.6141e+06
654 1.61412e+06
655 1.61414e+06
656 1.61414e+06
657 1.61418e+06
658 1.61419e+06
659 1.61422e+06
660 1.61426e+06
661 1.61436e+06
662 1.61441e+06
663 1.61444e+06
664 1.61444e+06
665 1.61456e+06
666 1.61457e+06
667 1.61468e+06
668 1.61477e+06
669 1.61487e+06
670 1.61497e+06
671 1.61503e+06
672 1.61509e+06
673 1.61519e+06
674 1.61522e+06
675 1.61529e+06
676 1.61539e+06
677 1.61545e+06
678 1.61551e+06
679 1.61558e+06
680 1.61562e+06
681 1.61564e+06
682 1.61567e+06
683 1.61578e+06
684 1.61588e+06
685 1.61592e+06
686 1.61602e+06
687 1.61612e+06
688 1.61629e+06
689 1.6163e+06
690 1.61636e+06
691 1.61639e+06
692 1.61648e+06
693 1.61656e+06
694 1.61667e+06
695 1.61674e+06
696 1.61681e+06
697 1.61686e+06
698 1.61692e+06
699 1.617e+06
700 1.61712e+06
701 1.61717e+06
702 1.61731e+06
703 1.61734e+06
704 1.61736e+06
705 1.61742e+06
706 1.61747e+06
707 1.6175e+06
708 1.6175e+06
709 1.61764e+06
710 1.61767e+06
711 1.61773e+06
712 1.61782e+06
713 1.61784e+06
714 1.61789e+06
715 1.61791e+06
716 1.61796e+06
717 1.618e+06
718 1.61804e+06
719 1.61811e+06
720 1.61817e+06
721 1.6182e+06
722 1.61826e+06
723 1.61839e+06
724 1.61847e+06
725 1.61859e+06
726 1.61862e+06
727 1.61862e+06
728 1.61866e+06
729 1.61868e+06
730 1.61874e+06
731 1.61876e+06
732 1.61884e+06
733 1.61887e+06
734 1.61892e+06
735 1.61892e+06
736 1.61909e+06
737 1.61909e+06
738 1.61915e+06
739 1.61916e+06
740 1.61921e+06
741 1.61927e+06
742 1.6193e+06
743 1.61939e+06
744 1.61948e+06
745 1.61956e+06
746 1.61958e+06
747 1.61962e+06
748 1.61962e+06
749 1.61971e+06
750 1.61977e+06
751 1.61994e+06
752 1.62002e+06
753 1.62011e+06
754 1.62025e+06
755 1.62028e+06
756 1.62036e+06
757 1.62043e+06
758 1.6205e+06
759 1.62051e+06
760 1.62054e+06
761 1.62056e+06
762 1.62059e+06
763 1.62064e+06
764 1.62069e+06
765 1.62078e+06
766 1.62083e+06
767 1.62089e+06
768 1.62093e+06
769 1.62093e+06
770 1.62096e+06
771 1.62104e+06
772 1.62106e+06
773 1.62112e+06
774 1.62122e+06
775 1.62131e+06
776 1.62138e+06
777 1.62146e+06
778 1.62154e+06
779 1.62174e+06
780 1.62182e+06
781 1.62184e+06
782 1.62188e+06
783 1.6219e+06
784 1.62198e+06
785 1.62203e+06
786 1.62211e+06
787 1.62221e+06
788 1.62229e+06
789 1.62231e+06
790 1.6224e+06
791 1.6224e+06
792 1.62243e+06
793 1.62244e+06
794 1.62245e+06
795 1.62247e+06
796 1.62257e+06
797 1.62261e+06
798 1.62272e+06
799 1.62277e+06
800 1.62278e+06
801 1.62279e+06
802 1.62284e+06
803 1.6229e+06
804 1.62292e+06
805 1.62297e+06
806 1.62297e+06
807 1.62297e+06
808 1.62298e+06
809 1.62301e+06
810 1.62304e+06
811 1.62305e+06
812 1.62309e+06
813 1.62314e+06
814 1.62315e+06
815 1.62329e+06
816 1.62338e+06
817 1.62343e+06
818 1.62347e+06
819 1.62353e+06
820 1.6236e+06
821 1.62362e+06
822 1.62364e+06
823 1.62374e+06
824 1.62382e+06
825 1.62384e+06
826 1.62388e+06
827 1.62393e+06
828 1.6241e+06
829 1.62413e+06
830 1.62422e+06
831 1.6243e+06
832 1.62434e+06
833 1.62439e+06
834 1.62443e+06
835 1.62444e+06
836 1.62458e+06
837 1.62463e+06
838 1.62468e+06
839 1.62471e+06
840 1.62474e+06
841 1.62476e+06
842 1.62477e+06
843 1.6248e+06
844 1.6248e+06
845 1.6248e+06
846 1.6249e+06
847 1.62494e+06
848 1.62495e+06
849 1.625e+06
850 1.62505e+06
851 1.62512e+06
852 1.62517e+06
853 1.62524e+06
854 1.62532e+06
855 1.62538e+06
856 1.62545e+06
857 1.62546e+06
858 1.62546e+06
859 1.62558e+06
860 1.62559e+06
861 1.62568e+06
862 1.6257e+06
863 1.62576e+06
864 1.62586e+06
865 1.6259e+06
866 1.62607e+06
867 1.62614e+06
868 1.62621e+06
869 1.62623e+06
870 1.62625e+06
871 1.62634e+06
872 1.62634e+06
873 1.62643e+06
874 1.62654e+06
875 1.62663e+06
876 1.62667e+06
877 1.62674e+06
878 1.62677e+06
879 1.62683e+06
880 1.62688e+06
881 1.62696e+06
882 1.62704e+06
883 1.62714e+06
884 1.62726e+06
885 1.62729e+06
886 1.62734e+06
887 1.62738e+06
888 1.62739e+06
889 1.6274e+06
890 1.62758e+06
891 1.62759e+06
892 1.62761e+06
893 1.62768e+06
894 1.6279e+06
895 1.62793e+06
896 1.62798e+06
897 1.62814e+06
898 1.62816e+06
899 1.62824e+06
900 1.62828e+06
901 1.62845e+06
902 1.6285e+06
903 1.62852e+06
904 1.62856e+06
905 1.62858e+06
906 1.62861e+06
907 1.62863e+06
908 1.62863e+06
909 1.62869e+06
910 1.62873e+06
911 1.62873e+06
912 1.6288e+06
913 1.6289e+06
914 1.62896e+06
915 1.62901e+06
916 1.62905e+06
917 1.62913e+06
918 1.62918e+06
919 1.62921e+06
920 1.62924e+06
921 1.62932e+06
922 1.62932e+06
923 1.62934e+06
924 1.62934e+06
925 1.62938e+06
926 1.62939e+06
927 1.62941e+06
928 1.62942e+06
929 1.62945e+06
930 1.6295e+06
931 1.6297e+06
932 1.62976e+06
933 1.62976e+06
934 1.62978e+06
935 1.62982e+06
936 1.62985e+06
937 1.62989e+06
938 1.62989e+06
939 1.62998e+06
940 1.63001e+06
941 1.63001e+06
942 1.63001e+06
943 1.63001e+06
944 1.63008e+06
945 1.63009e+06
946 1.63014e+06
947 1.63016e+06
948 1.63017e+06
949 1.63018e+06
950 1.63019e+06
951 1.6302e+06
952 1.63021e+06
953 1.63032e+06
954 1.63042e+06
955 1.6305e+06
956 1.63055e+06
957 1.63063e+06
958 1.63076e+06
959 1.63084e+06
960 1.63086e+06
961 1.6309e+06
962 1.63101e+06
963 1.63113e+06
964 1.63115e+06
965 1.63121e+06
966 1.6313e+06
967 1.63131e+06
968 1.63134e+06
969 1.63143e+06
970 1.63151e+06
971 1.63155e+06
972 1.63158e+06
973 1.63162e+06
974 1.63163e+06
975 1.63175e+06
976 1.63179e+06
977 1.63184e+06
978 1.63187e+06
979 1.63194e+06
980 1.63195e+06
981 1.63206e+06
982 1.6321e+06
983 1.63219e+06
984 1.63226e+06
985 1.63228e+06
986 1.63231e+06
987 1.63234e+06
988 1.63237e+06
989 1.63243e+06
990 1.63243e+06
991 1.63243e+06
992 1.63246e+06
993 1.63248e+06
994 1.63256e+06
995 1.6326e+06
996 1.63268e+06
997 1.63269e+06
998 1.63276e+06
999 1.6328e+06
1000 1.63287e+06
