128 0.3 0.359
0 156776
1 1.56787e+06
2 1.56797e+06
3 1.5681e+06
4 1.56822e+06
5 1.56842e+06
6 1.56847e+06
7 1.56854e+06
8 1.5686e+06
9 1.56867e+06
10 1.5688e+06
11 1.56895e+06
12 1.56903e+06
13 1.56911e+06
14 1.56925e+06
15 1.56932e+06
16 1.56946e+06
17 1.56956e+06
18 1.56969e+06
19 1.56994e+06
20 1.57006e+06
21 1.57023e+06
22 1.57028e+06
23 1.57034e+06
24 1.57052e+06
25 1.57067e+06
26 1.57069e+06
27 1.57073e+06
28 1.57079e+06
29 1.57085e+06
30 1.57098e+06
31 1.57108e+06
32 1.5711e+06
33 1.57113e+06
34 1.57125e+06
35 1.5713e+06
36 1.57139e+06
37 1.57148e+06
38 1.57151e+06
39 1.57154e+06
40 1.57161e+06
41 1.57169e+06
42 1.5717e+06
43 1.57187e+06
44 1.57199e+06
45 1.57203e+06
46 1.57218e+06
47 1.57228e+06
48 1.57238e+06
49 1.57241e+06
50 1.57245e+06
51 1.57251e+06
52 1.57257e+06
53 1.57262e+06
54 1.57273e+06
55 1.57282e+06
56 1.57296e+06
57 1.57298e+06
58 1.57316e+06
59 1.57323e+06
60 1.5733e+06
61 1.57331e+06
62 1.57338e+06
63 1.57342e+06
64 1.5735e+06
65 1.57357e+06
66 1.57377e+06
67 1.5739e+06
68 1.57395e+06
69 1.57408e+06
70 1.57418e+06
71 1.57423e+06
72 1.57442e+06
73 1.57458e+06
74 1.57461e+06
75 1.57473e+06
76 1.57484e+06
77 1.5749e+06
78 1.57502e+06
79 1.57507e+06
80 1.57518e+06
81 1.57528e+06
82 1.57533e+06
83 1.5755e+06
84 1.57562e+06
85 1.57577e+06
86 1.57589e+06
87 1.57602e+06
88 1.57618e+06
89 1.57624e+06
90 1.57646e+06
91 1.57653e+06
92 1.57665e+06
93 1.57679e+06
94 1.57692e+06
95 1.57699e+06
96 1.57708e+06
97 1.5772e+06
98 1.57734e+06
99 1.5774e+06
100 1.57756e+06
101 1.57768e+06
102 1.57778e+06
103 1.57793e+06
104 1.57801e+06
105 1.57817e+06
106 1.57822e+06
107 1.57833e+06
108 1.57841e+06
109 1.57843e+06
110 1.5785e+06
111 1.57864e+06
112 1.57875e+06
113 1.5789e+06
114 1.57895e+06
115 1.57905e+06
116 1.57923e+06
117 1.5793e+06
118 1.57937e+06
119 1.57946e+06
120 1.57952e+06
121 1.57962e+06
122 1.57974e+06
123 1.57986e+06
124 1.57994e+06
125 1.58006e+06
126 1.58018e+06
127 1.58032e+06
128 1.58044e+06
129 1.58048e+06
130 1.58057e+06
131 1.58072e+06
132 1.58078e+06
133 1.58088e+06
134 1.58095e+06
135 1.58108e+06
136 1.58115e+06
137 1.5812e+06
138 1.58125e+06
139 1.58138e+06
140 1.58154e+06
141 1.58157e+06
142 1.5817e+06
143 1.58176e+06
144 1.58185e+06
145 1.58192e+06
146 1.58198e+06
147 1.58207e+06
148 1.58214e+06
149 1.58226e+06
150 1.58232e+06
151 1.58236e+06
152 1.58244e+06
153 1.58254e+06
154 1.5826e+06
155 1.5827e+06
156 1.58275e+06
157 1.58286e+06
158 1.58287e+06
159 1.58306e+06
160 1.58315e+06
161 1.58323e+06
162 1.58331e+06
163 1.58336e+06
164 1.58345e+06
165 1.58354e+06
166 1.58362e+06
167 1.58368e+06
168 1.58376e+06
169 1.58382e+06
170 1.58382e+06
171 1.58398e+06
172 1.58405e+06
173 1.58415e+06
174 1.5844e+06
175 1.5845e+06
176 1.58456e+06
177 1.58467e+06
178 1.58475e+06
179 1.58479e+06
180 1.58484e+06
181 1.58489e+06
182 1.58494e+06
183 1.58504e+06
184 1.58515e+06
185 1.58519e+06
186 1.5853e+06
187 1.58534e+06
188 1.58536e+06
189 1.5854e+06
190 1.58542e+06
191 1.58553e+06
192 1.58568e+06
193 1.58574e+06
194 1.58582e+06
195 1.586e+06
196 1.58611e+06
197 1.58613e+06
198 1.58624e+06
199 1.58625e+06
200 1.58627e+06
201 1.58631e+06
202 1.58642e+06
203 1.58647e+06
204 1.58654e+06
205 1.58666e+06
206 1.58672e+06
207 1.58681e+06
208 1.58685e+06
209 1.58691e+06
210 1.58702e+06
211 1.58708e+06
212 1.58724e+06
213 1.58738e+06
214 1.58744e+06
215 1.58749e+06
216 1.58752e+06
217 1.58754e+06
218 1.58756e+06
219 1.58761e+06
220 1.58769e+06
221 1.58771e+06
222 1.58781e+06
223 1.58791e+06
224 1.58806e+06
225 1.58827e+06
226 1.58838e+06
227 1.58851e+06
228 1.5886e+06
229 1.58876e+06
230 1.5888e+06
231 1.5889e+06
232 1.589e+06
233 1.58905e+06
234 1.58911e+06
235 1.58924e+06
236 1.58933e+06
237 1.58937e+06
238 1.58953e+06
239 1.58962e+06
240 1.58969e+06
241 1.5897e+06
242 1.58975e+06
243 1.58987e+06
244 1.58992e+06
245 1.59e+06
246 1.59005e+06
247 1.59011e+06
248 1.59016e+06
249 1.59017e+06
250 1.59024e+06
251 1.59034e+06
252 1.5905e+06
253 1.59066e+06
254 1.59072e+06
255 1.59088e+06
256 1.59095e+06
257 1.59104e+06
258 1.59108e+06
259 1.59117e+06
260 1.59119e+06
261 1.59123e+06
262 1.59133e+06
263 1.5914e+06
264 1.5915e+06
265 1.59158e+06
266 1.59167e+06
267 1.59173e+06
268 1.59183e+06
269 1.59187e+06
270 1.59192e+06
271 1.59201e+06
272 1.59204e+06
273 1.59216e+06
274 1.59222e+06
275 1.59231e+06
276 1.59239e+06
277 1.59247e+06
278 1.59263e+06
279 1.59273e+06
280 1.59283e+06
281 1.5929e+06
282 1.593e+06
283 1.59312e+06
284 1.5932e+06
285 1.59326e+06
286 1.59333e+06
287 1.59341e+06
288 1.59344e+06
289 1.5936e+06
290 1.59373e+06
291 1.59376e+06
292 1.59376e+06
293 1.59384e+06
294 1.59391e+06
295 1.59401e+06
296 1.59407e+06
297 1.59411e+06
298 1.59412e+06
299 1.59413e+06
300 1.59418e+06
301 1.59423e+06
302 1.59442e+06
303 1.59453e+06
304 1.5946e+06
305 1.59466e+06
306 1.59472e+06
307 1.59473e+06
308 1.59485e+06
309 1.59494e+06
310 1.59505e+06
311 1.59508e+06
312 1.59515e+06
313 1.59522e+06
314 1.59526e+06
315 1.59533e+06
316 1.59536e+06
317 1.59546e+06
318 1.59551e+06
319 1.59562e+06
320 1.59564e+06
321 1.59578e+06
322 1.59592e+06
323 1.59606e+06
324 1.59617e+06
325 1.5962e+06
326 1.59624e+06
327 1.59636e+06
328 1.5964e+06
329 1.59647e+06
330 1.5966e+06
331 1.59668e+06
332 1.59671e+06
333 1.59674e+06
334 1.59682e+06
335 1.59683e+06
336 1.59685e+06
337 1.59687e+06
338 1.59693e+06
339 1.59693e+06
340 1.59707e+06
341 1.59713e+06
342 1.59722e+06
343 1.5973e+06
344 1.59734e+06
345 1.59736e+06
346 1.59746e+06
347 1.59752e+06
348 1.59754e+06
349 1.59766e+06
350 1.59775e+06
351 1.5978e+06
352 1.59782e+06
353 1.5979e+06
354 1.59794e+06
355 1.59802e+06
356 1.59818e+06
357 1.5982e+06
358 1.59822e+06
359 1.59829e+06
360 1.59837e+06
361 1.59839e+06
362 1.59842e+06
363 1.59853e+06
364 1.59858e+06
365 1.59861e+06
366 1.59862e+06
367 1.59871e+06
368 1.59874e+06
369 1.59883e+06
370 1.59888e+06
371 1.59898e+06
372 1.59901e+06
373 1.59905e+06
374 1.5991e+06
375 1.5992e+06
376 1.59927e+06
377 1.5993e+06
378 1.59937e+06
379 1.59941e+06
380 1.59946e+06
381 1.59951e+06
382 1.59964e+06
383 1.59967e+06
384 1.59976e+06
385 1.59985e+06
386 1.59986e+06
387 1.5999e+06
388 1.60002e+06
389 1.60006e+06
390 1.60009e+06
391 1.60019e+06
392 1.60023e+06
393 1.60024e+06
394 1.6003e+06
395 1.60032e+06
396 1.60045e+06
397 1.6005e+06
398 1.6006e+06
399 1.60064e+06
400 1.60065e+06
401 1.60072e+06
402 1.60078e+06
403 1.60086e+06
404 1.6009e+06
405 1.60098e+06
406 1.60105e+06
407 1.60109e+06
408 1.60118e+06
409 1.60123e+06
410 1.60135e+06
411 1.60148e+06
412 1.60148e+06
413 1.60164e+06
414 1.60168e+06
415 1.60173e+06
416 1.60174e+06
417 1.60176e+06
418 1.60184e+06
419 1.60193e+06
420 1.60198e+06
421 1.60204e+06
422 1.60209e+06
423 1.60212e+06
424 1.60226e+06
425 1.60228e+06
426 1.60238e+06
427 1.60238e+06
428 1.60252e+06
429 1.60257e+06
430 1.60262e+06
431 1.60265e+06
432 1.60279e+06
433 1.60284e+06
434 1.60284e+06
435 1.6029e+06
436 1.60298e+06
437 1.60308e+06
438 1.6032e+06
439 1.60327e+06
440 1.60338e+06
441 1.60342e+06
442 1.60345e+06
443 1.6035e+06
444 1.60351e+06
445 1.60352e+06
446 1.60364e+06
447 1.60364e+06
448 1.60366e+06
449 1.60367e+06
450 1.60377e+06
451 1.60388e+06
452 1.60389e+06
453 1.60395e+06
454 1.60401e+06
455 1.60405e+06
456 1.60412e+06
457 1.60434e+06
458 1.60441e+06
459 1.60453e+06
460 1.60461e+06
461 1.60465e+06
462 1.6047e+06
463 1.60474e+06
464 1.60479e+06
465 1.60484e+06
466 1.60494e+06
467 1.60498e+06
468 1.60501e+06
469 1.60504e+06
470 1.6051e+06
471 1.60519e+06
472 1.60521e+06
473 1.60532e+06
474 1.60546e+06
475 1.60552e+06
476 1.60555e+06
477 1.60558e+06
478 1.60563e+06
479 1.60567e+06
480 1.6057e+06
481 1.60573e+06
482 1.60577e+06
483 1.6058e+06
484 1.60584e+06
485 1.60592e+06
486 1.60598e+06
487 1.60609e+06
488 1.6061e+06
489 1.60611e+06
490 1.60617e+06
491 1.60622e+06
492 1.60625e+06
493 1.60632e+06
494 1.60642e+06
495 1.60649e+06
496 1.60659e+06
497 1.60667e+06
498 1.60668e+06
499 1.60676e+06
500 1.60684e+06
501 1.60689e+06
502 1.60694e+06
503 1.60696e+06
504 1.60697e+06
505 1.60703e+06
506 1.6071e+06
507 1.60711e+06
508 1.60715e+06
509 1.60725e+06
510 1.60734e+06
511 1.60735e+06
512 1.60741e+06
513 1.60756e+06
514 1.60762e+06
515 1.60766e+06
516 1.60772e+06
517 1.60781e+06
518 1.60785e+06
519 1.60794e+06
520 1.608e+06
521 1.60807e+06
522 1.6081e+06
523 1.60823e+06
524 1.60827e+06
525 1.60837e+06
526 1.60842e+06
527 1.60847e+06
528 1.60849e+06
529 1.60864e+06
530 1.60866e+06
531 1.60872e+06
532 1.60874e+06
533 1.60885e+06
534 1.60899e+06
535 1.6091e+06
536 1.60912e+06
537 1.60915e+06
538 1.60921e+06
539 1.60922e+06
540 1.60926e+06
541 1.60934e+06
542 1.60944e+06
543 1.60948e+06
544 1.6095e+06
545 1.60954e+06
546 1.6096e+06
547 1.6096e+06
548 1.60962e+06
549 1.60962e+06
550 1.60962e+06
551 1.60967e+06
552 1.60978e+06
553 1.6098e+06
554 1.60996e+06
555 1.61001e+06
556 1.61004e+06
557 1.61007e+06
558 1.61011e+06
559 1.61018e+06
560 1.61034e+06
561 1.61036e+06
562 1.6104e+06
563 1.61046e+06
564 1.61049e+06
565 1.61052e+06
566 1.61055e+06
567 1.61059e+06
568 1.61069e+06
569 1.6108e+06
570 1.61085e+06
571 1.61094e+06
572 1.61099e+06
573 1.61101e+06
574 1.61107e+06
575 1.61119e+06
576 1.61119e+06
577 1.61122e+06
578 1.61122e+06
579 1.61125e+06
580 1.61145e+06
581 1.61152e+06
582 1.61161e+06
583 1.61166e+06
584 1.61172e+06
585 1.61182e+06
586 1.61189e+06
587 1.61192e+06
588 1.61193e+06
589 1.61197e+06
590 1.612e+06
591 1.61205e+06
592 1.61217e+06
593 1.61229e+06
594 1.61232e+06
595 1.61244e+06
596 1.61244e+06
597 1.61244e+06
598 1.61251e+06
599 1.61257e+06
600 1.61262e+06
601 1.61262e+06
602 1.61269e+06
603 1.61278e+06
604 1.61282e+06
605 1.61285e+06
606 1.61287e+06
607 1.61288e+06
608 1.61294e+06
609 1.61303e+06
610 1.61317e+06
611 1.61318e+06
612 1.61333e+06
613 1.61333e+06
614 1.6134e+06
615 1.61342e+06
616 1.61349e+06
617 1.61353e+06
618 1.61356e+06
619 1.61366e+06
620 1.61366e+06
621 1.6137e+06
622 1.6137e+06
623 1.61374e+06
624 1.61377e+06
625 1.61383e+06
626 1.61385e+06
627 1.61395e+06
628 1.61399e+06
629 1.61399e+06
630 1.61405e+06
631 1.61413e+06
632 1.61415e+06
633 1.61424e+06
634 1.61434e+06
635 1.61438e+06
636 1.61445e+06
637 1.61448e+06
638 1.61456e+06
639 1.61458e+06
640 1.61469e+06
641 1.61478e+06
642 1.61483e+06
643 1.61485e+06
644 1.6149e+06
645 1.615e+06
646 1.61506e+06
647 1.61514e+06
648 1.61516e+06
649 1.61521e+06
650 1.61531e+06
651 1.61531e+06
652 1.61537e+06
653 1.61538e+06
654 1.61543e+06
655 1.61547e+06
656 1.6155e+06
657 1.61552e+06
658 1.6156e+06
659 1.61563e+06
660 1.61565e+06
661 1.61575e+06
662 1.61578e+06
663 1.61579e+06
664 1.6159e+06
665 1.61597e+06
666 1.61606e+06
667 1.61608e+06
668 1.6161e+06
669 1.61623e+06
670 1.61632e+06
671 1.61637e+06
672 1.6165e+06
673 1.6166e+06
674 1.61668e+06
675 1.61672e+06
676 1.61679e+06
677 1.61681e+06
678 1.61687e+06
679 1.61688e+06
680 1.61694e+06
681 1.61698e+06
682 1.61699e+06
683 1.61715e+06
684 1.61717e+06
685 1.61724e+06
686 1.61733e+06
687 1.61737e+06
688 1.61753e+06
689 1.61756e+06
690 1.61765e+06
691 1.61767e+06
692 1.61774e+06
693 1.61778e+06
694 1.61778e+06
695 1.61787e+06
696 1.61789e+06
697 1.61798e+06
698 1.61801e+06
699 1.61806e+06
700 1.61808e+06
701 1.61817e+06
702 1.61823e+06
703 1.61826e+06
704 1.61835e+06
705 1.61848e+06
706 1.61858e+06
707 1.61862e+06
708 1.61866e+06
709 1.6187e+06
710 1.61873e+06
711 1.61888e+06
712 1.61892e+06
713 1.61892e+06
714 1.61895e+06
715 1.61906e+06
716 1.6191e+06
717 1.61912e+06
718 1.6192e+06
719 1.61923e+06
720 1.61926e+06
721 1.6193e+06
722 1.61932e+06
723 1.61934e+06
724 1.61945e+06
725 1.61953e+06
726 1.61954e+06
727 1.61962e+06
728 1.61966e+06
729 1.61969e+06
730 1.6197e+06
731 1.61975e+06
732 1.6199e+06
733 1.61992e+06
734 1.61996e+06
735 1.62e+06
736 1.62018e+06
737 1.62018e+06
738 1.62018e+06
739 1.62022e+06
740 1.62028e+06
741 1.62032e+06
742 1.62033e+06
743 1.62047e+06
744 1.62056e+06
745 1.62058e+06
746 1.62059e+06
747 1.6206e+06
748 1.62065e+06
749 1.6207e+06
750 1.62071e+06
751 1.62081e+06
752 1.62089e+06
753 1.62094e+06
754 1.62099e+06
755 1.62099e+06
756 1.62107e+06
757 1.62111e+06
758 1.62111e+06
759 1.62117e+06
760 1.62118e+06
761 1.62125e+06
762 1.6213e+06
763 1.62136e+06
764 1.62142e+06
765 1.62147e+06
766 1.6215e+06
767 1.62156e+06
768 1.62164e+06
769 1.62168e+06
770 1.62172e+06
771 1.62179e+06
772 1.6218e+06
773 1.62192e+06
774 1.622e+06
775 1.62207e+06
776 1.62208e+06
777 1.62215e+06
778 1.62234e+06
779 1.62241e+06
780 1.62256e+06
781 1.62262e+06
782 1.62266e+06
783 1.62266e+06
784 1.62275e+06
785 1.62293e+06
786 1.62294e+06
787 1.62304e+06
788 1.62307e+06
789 1.6231e+06
790 1.62314e+06
791 1.62317e+06
792 1.62327e+06
793 1.62329e+06
794 1.62335e+06
795 1.62338e+06
796 1.62344e+06
797 1.62347e+06
798 1.62353e+06
799 1.62357e+06
800 1.6236e+06
801 1.62369e+06
802 1.62369e+06
803 1.62373e+06
804 1.62374e+06
805 1.62379e+06
806 1.62382e+06
807 1.62385e+06
808 1.62392e+06
809 1.62397e+06
810 1.62403e+06
811 1.62407e+06
812 1.6241e+06
813 1.6241e+06
814 1.62419e+06
815 1.62422e+06
816 1.62432e+06
817 1.62437e+06
818 1.62439e+06
819 1.62445e+06
820 1.62452e+06
821 1.62464e+06
822 1.62468e+06
823 1.62476e+06
824 1.62476e+06
825 1.6248e+06
826 1.62483e+06
827 1.62488e+06
828 1.62493e+06
829 1.62493e+06
830 1.62493e+06
831 1.625e+06
832 1.62505e+06
833 1.62508e+06
834 1.62509e+06
835 1.62511e+06
836 1.62517e+06
837 1.62525e+06
838 1.62529e+06
839 1.62534e+06
840 1.62536e+06
841 1.6254e+06
842 1.6254e+06
843 1.62545e+06
844 1.62551e+06
845 1.62552e+06
846 1.62562e+06
847 1.62571e+06
848 1.62577e+06
849 1.62577e+06
850 1.62579e+06
851 1.626e+06
852 1.62608e+06
853 1.62613e+06
854 1.62621e+06
855 1.62624e+06
856 1.62634e+06
857 1.62635e+06
858 1.62638e+06
859 1.62644e+06
860 1.62648e+06
861 1.62656e+06
862 1.62659e+06
863 1.62664e+06
864 1.62672e+06
865 1.62678e+06
866 1.62695e+06
867 1.62698e+06
868 1.62702e+06
869 1.62712e+06
870 1.62714e+06
871 1.62714e+06
872 1.62716e+06
873 1.6272e+06
874 1.62729e+06
875 1.62734e+06
876 1.6274e+06
877 1.62743e+06
878 1.62744e+06
879 1.62752e+06
880 1.62755e+06
881 1.62759e+06
882 1.62764e+06
883 1.62764e+06
884 1.62773e+06
885 1.62774e+06
886 1.62774e+06
887 1.62778e+06
888 1.62781e+06
889 1.62785e+06
890 1.6279e+06
891 1.62792e+06
892 1.62792e+06
893 1.62796e+06
894 1.62806e+06
895 1.62807e+06
896 1.62814e+06
897 1.62831e+06
898 1.62833e+06
899 1.62844e+06
900 1.62849e+06
901 1.62853e+06
902 1.62856e+06
903 1.62856e+06
904 1.62858e+06
905 1.62861e+06
906 1.62862e+06
907 1.62866e+06
908 1.62867e+06
909 1.62871e+06
910 1.62871e+06
911 1.62872e+06
912 1.62886e+06
913 1.62895e+06
914 1.62899e+06
915 1.62905e+06
916 1.62915e+06
917 1.62917e+06
918 1.62929e+06
919 1.62941e+06
920 1.62941e+06
921 1.62943e+06
922 1.6295e+06
923 1.62952e+06
924 1.62958e+06
925 1.62966e+06
926 1.62966e+06
927 1.62975e+06
928 1.62983e+06
929 1.62987e+06
930 1.62993e+06
931 1.62997e+06
932 1.62997e+06
933 1.62997e+06
934 1.62999e+06
935 1.63006e+06
936 1.63012e+06
937 1.63014e+06
938 1.63024e+06
939 1.63031e+06
940 1.63037e+06
941 1.63037e+06
942 1.63037e+06
943 1.63037e+06
944 1.63047e+06
945 1.63047e+06
946 1.63056e+06
947 1.63056e+06
948 1.6306e+06
949 1.63064e+06
950 1.6307e+06
951 1.63077e+06
952 1.63085e+06
953 1.63088e+06
954 1.63092e+06
955 1.63092e+06
956 1.63098e+06
957 1.63104e+06
958 1.6312e+06
959 1.63121e+06
960 1.63126e+06
961 1.63142e+06
962 1.63149e+06
963 1.63156e+06
964 1.63158e+06
965 1.63163e+06
966 1.6317e+06
967 1.63174e+06
968 1.63181e+06
969 1.6319e+06
970 1.63192e+06
971 1.63207e+06
972 1.63213e+06
973 1.63218e+06
974 1.63222e+06
975 1.6323e+06
976 1.63234e+06
977 1.63242e+06
978 1.63245e+06
979 1.63245e+06
980 1.6325e+06
981 1.63257e+06
982 1.63259e+06
983 1.63272e+06
984 1.63276e+06
985 1.63278e+06
986 1.63288e+06
987 1.63288e+06
988 1.63291e+06
989 1.63301e+06
990 1.63305e+06
991 1.63307e+06
992 1.63319e+06
993 1.63322e+06
994 1.63336e+06
995 1.63339e+06
996 1.63344e+06
997 1.63348e+06
998 1.6335e+06
999 1.63353e+06
1000 1.63358e+06
