128 0.3 0.251
0 156776
1 1.56782e+06
2 1.56796e+06
3 1.56797e+06
4 1.56798e+06
5 1.56809e+06
6 1.56813e+06
7 1.56822e+06
8 1.56827e+06
9 1.56837e+06
10 1.56842e+06
11 1.56858e+06
12 1.56867e+06
13 1.56873e+06
14 1.56884e+06
15 1.56896e+06
16 1.5691e+06
17 1.56914e+06
18 1.56922e+06
19 1.56934e+06
20 1.56939e+06
21 1.56952e+06
22 1.56964e+06
23 1.56979e+06
24 1.56984e+06
25 1.56999e+06
26 1.57002e+06
27 1.5701e+06
28 1.57018e+06
29 1.57026e+06
30 1.57031e+06
31 1.57034e+06
32 1.57041e+06
33 1.57047e+06
34 1.5706e+06
35 1.57065e+06
36 1.57076e+06
37 1.57085e+06
38 1.57102e+06
39 1.57114e+06
40 1.57126e+06
41 1.57129e+06
42 1.57144e+06
43 1.57153e+06
44 1.57165e+06
45 1.57169e+06
46 1.57174e+06
47 1.57179e+06
48 1.57187e+06
49 1.57195e+06
50 1.57204e+06
51 1.57214e+06
52 1.57216e+06
53 1.57231e+06
54 1.57243e+06
55 1.57248e+06
56 1.57254e+06
57 1.57258e+06
58 1.57266e+06
59 1.57274e+06
60 1.5728e+06
61 1.57304e+06
62 1.57312e+06
63 1.57316e+06
64 1.57327e+06
65 1.57334e+06
66 1.57345e+06
67 1.57359e+06
68 1.57365e+06
69 1.5737e+06
70 1.57376e+06
71 1.5738e+06
72 1.57383e+06
73 1.57384e+06
74 1.57397e+06
75 1.5741e+06
76 1.57415e+06
77 1.57422e+06
78 1.57435e+06
79 1.57444e+06
80 1.57459e+06
81 1.57466e+06
82 1.57476e+06
83 1.57484e+06
84 1.57492e+06
85 1.57502e+06
86 1.57508e+06
87 1.57517e+06
88 1.57522e+06
89 1.57529e+06
90 1.57538e+06
91 1.57539e+06
92 1.57541e+06
93 1.57552e+06
94 1.57561e+06
95 1.57567e+06
96 1.57582e+06
97 1.5759e+06
98 1.57598e+06
99 1.57602e+06
100 1.5761e+06
101 1.57627e+06
102 1.57647e+06
103 1.57646e+06
104 1.57653e+06
105 1.57658e+06
106 1.57678e+06
107 1.57688e+06
108 1.57699e+06
109 1.57703e+06
110 1.57711e+06
111 1.57713e+06
112 1.57717e+06
113 1.57719e+06
114 1.57726e+06
115 1.57737e+06
116 1.57744e+06
117 1.57758e+06
118 1.5776e+06
119 1.57768e+06
120 1.5777e+06
121 1.57772e+06
122 1.57782e+06
123 1.57786e+06
124 1.57799e+06
125 1.57804e+06
126 1.57816e+06
127 1.57834e+06
128 1.5785e+06
129 1.57855e+06
130 1.57858e+06
131 1.57863e+06
132 1.57865e+06
133 1.57873e+06
134 1.57894e+06
135 1.57901e+06
136 1.57914e+06
137 1.57921e+06
138 1.57931e+06
139 1.57936e+06
140 1.57943e+06
141 1.57956e+06
142 1.57963e+06
143 1.57976e+06
144 1.57988e+06
145 1.58003e+06
146 1.5802e+06
147 1.58025e+06
148 1.58034e+06
149 1.58035e+06
150 1.58049e+06
151 1.58055e+06
152 1.58061e+06
153 1.58071e+06
154 1.58082e+06
155 1.58099e+06
156 1.58112e+06
157 1.58118e+06
158 1.58125e+06
159 1.58131e+06
160 1.58133e+06
161 1.58137e+06
162 1.58142e+06
163 1.5815e+06
164 1.58163e+06
165 1.58173e+06
166 1.5818e+06
167 1.58182e+06
168 1.58189e+06
169 1.58194e+06
170 1.58198e+06
171 1.58204e+06
172 1.5821e+06
173 1.58217e+06
174 1.58231e+06
175 1.58236e+06
176 1.58239e+06
177 1.58245e+06
178 1.58247e+06
179 1.5826e+06
180 1.58268e+06
181 1.58275e+06
182 1.5828e+06
183 1.58281e+06
184 1.58284e+06
185 1.58286e+06
186 1.58295e+06
187 1.58301e+06
188 1.58311e+06
189 1.58315e+06
190 1.58322e+06
191 1.58334e+06
192 1.58341e+06
193 1.58356e+06
194 1.58371e+06
195 1.58382e+06
196 1.58394e+06
197 1.584e+06
198 1.58416e+06
199 1.58423e+06
200 1.58427e+06
201 1.5843e+06
202 1.58439e+06
203 1.58445e+06
204 1.58445e+06
205 1.58452e+06
206 1.5846e+06
207 1.58475e+06
208 1.58488e+06
209 1.58489e+06
210 1.58497e+06
211 1.58508e+06
212 1.58512e+06
213 1.58528e+06
214 1.58537e+06
215 1.5855e+06
216 1.58558e+06
217 1.5857e+06
218 1.58578e+06
219 1.58586e+06
220 1.5859e+06
221 1.58599e+06
222 1.58605e+06
223 1.5862e+06
224 1.58624e+06
225 1.58628e+06
226 1.58646e+06
227 1.58656e+06
228 1.5866e+06
229 1.58663e+06
230 1.58671e+06
231 1.58681e+06
232 1.58695e+06
233 1.58705e+06
234 1.58709e+06
235 1.58711e+06
236 1.58727e+06
237 1.58741e+06
238 1.58753e+06
239 1.58761e+06
240 1.58765e+06
241 1.58773e+06
242 1.58779e+06
243 1.58788e+06
244 1.58792e+06
245 1.58798e+06
246 1.58803e+06
247 1.58809e+06
248 1.58818e+06
249 1.58821e+06
250 1.58826e+06
251 1.58834e+06
252 1.58845e+06
253 1.58847e+06
254 1.58852e+06
255 1.58858e+06
256 1.58871e+06
257 1.58876e+06
258 1.58884e+06
259 1.58896e+06
260 1.58898e+06
261 1.589e+06
262 1.58913e+06
263 1.58916e+06
264 1.58922e+06
265 1.58931e+06
266 1.58933e+06
267 1.58942e+06
268 1.58943e+06
269 1.58946e+06
270 1.58957e+06
271 1.58962e+06
272 1.58971e+06
273 1.58977e+06
274 1.58988e+06
275 1.59e+06
276 1.59008e+06
277 1.59015e+06
278 1.59021e+06
279 1.59026e+06
280 1.5903e+06
281 1.59041e+06
282 1.59044e+06
283 1.59054e+06
284 1.5906e+06
285 1.5907e+06
286 1.59085e+06
287 1.59093e+06
288 1.59103e+06
289 1.59117e+06
290 1.59122e+06
291 1.59128e+06
292 1.59132e+06
293 1.59137e+06
294 1.59146e+06
295 1.59149e+06
296 1.59164e+06
297 1.59164e+06
298 1.59176e+06
299 1.59186e+06
300 1.59193e+06
301 1.59198e+06
302 1.59202e+06
303 1.59205e+06
304 1.59215e+06
305 1.59225e+06
306 1.59227e+06
307 1.59236e+06
308 1.59238e+06
309 1.5924e+06
310 1.59248e+06
311 1.59254e+06
312 1.59258e+06
313 1.59261e+06
314 1.59278e+06
315 1.59284e+06
316 1.59286e+06
317 1.59292e+06
318 1.59296e+06
319 1.59304e+06
320 1.59316e+06
321 1.59319e+06
322 1.5933e+06
323 1.59331e+06
324 1.59339e+06
325 1.59344e+06
326 1.59352e+06
327 1.59355e+06
328 1.5936e+06
329 1.59365e+06
330 1.59365e+06
331 1.59372e+06
332 1.59374e+06
333 1.59383e+06
334 1.59387e+06
335 1.59395e+06
336 1.59412e+06
337 1.59416e+06
338 1.59421e+06
339 1.59434e+06
340 1.59441e+06
341 1.59446e+06
342 1.59456e+06
343 1.59467e+06
344 1.5947e+06
345 1.59475e+06
346 1.59483e+06
347 1.59496e+06
348 1.59498e+06
349 1.595e+06
350 1.59513e+06
351 1.59518e+06
352 1.5952e+06
353 1.59521e+06
354 1.59526e+06
355 1.59528e+06
356 1.59535e+06
357 1.59545e+06
358 1.59547e+06
359 1.59555e+06
360 1.59559e+06
361 1.59566e+06
362 1.59573e+06
363 1.5958e+06
364 1.59585e+06
365 1.59592e+06
366 1.59595e+06
367 1.596e+06
368 1.59609e+06
369 1.59615e+06
370 1.59616e+06
371 1.59618e+06
372 1.59633e+06
373 1.59638e+06
374 1.59658e+06
375 1.59662e+06
376 1.59671e+06
377 1.59677e+06
378 1.59677e+06
379 1.59694e+06
380 1.59701e+06
381 1.59704e+06
382 1.59721e+06
383 1.59724e+06
384 1.59736e+06
385 1.59744e+06
386 1.59746e+06
387 1.59756e+06
388 1.59757e+06
389 1.59767e+06
390 1.59771e+06
391 1.59779e+06
392 1.59789e+06
393 1.59791e+06
394 1.59793e+06
395 1.59799e+06
396 1.59807e+06
397 1.59812e+06
398 1.59819e+06
399 1.59827e+06
400 1.5983e+06
401 1.59835e+06
402 1.59838e+06
403 1.59856e+06
404 1.59858e+06
405 1.59867e+06
406 1.59881e+06
407 1.59889e+06
408 1.59888e+06
409 1.59899e+06
410 1.599e+06
411 1.59905e+06
412 1.59908e+06
413 1.59913e+06
414 1.59928e+06
415 1.59936e+06
416 1.59937e+06
417 1.59947e+06
418 1.59959e+06
419 1.59967e+06
420 1.59974e+06
421 1.5998e+06
422 1.59988e+06
423 1.6e+06
424 1.60008e+06
425 1.60009e+06
426 1.60017e+06
427 1.60018e+06
428 1.6003e+06
429 1.60032e+06
430 1.60046e+06
431 1.60055e+06
432 1.60062e+06
433 1.60065e+06
434 1.60071e+06
435 1.60075e+06
436 1.60086e+06
437 1.60091e+06
438 1.60098e+06
439 1.60114e+06
440 1.6012e+06
441 1.60126e+06
442 1.60127e+06
443 1.60137e+06
444 1.60146e+06
445 1.60155e+06
446 1.60165e+06
447 1.60171e+06
448 1.60175e+06
449 1.60179e+06
450 1.60192e+06
451 1.60191e+06
452 1.60195e+06
453 1.60197e+06
454 1.60198e+06
455 1.60208e+06
456 1.60221e+06
457 1.60221e+06
458 1.60229e+06
459 1.60249e+06
460 1.60253e+06
461 1.60259e+06
462 1.6026e+06
463 1.60262e+06
464 1.60264e+06
465 1.60271e+06
466 1.60287e+06
467 1.6029e+06
468 1.60296e+06
469 1.60307e+06
470 1.60309e+06
471 1.60314e+06
472 1.60323e+06
473 1.60327e+06
474 1.60331e+06
475 1.60341e+06
476 1.60348e+06
477 1.60351e+06
478 1.60363e+06
479 1.60369e+06
480 1.60374e+06
481 1.60375e+06
482 1.60384e+06
483 1.60387e+06
484 1.60389e+06
485 1.60392e+06
486 1.60398e+06
487 1.60404e+06
488 1.60411e+06
489 1.60413e+06
490 1.60413e+06
491 1.60422e+06
492 1.60426e+06
493 1.60427e+06
494 1.6043e+06
495 1.6044e+06
496 1.60443e+06
497 1.60449e+06
498 1.60448e+06
499 1.60458e+06
500 1.60459e+06
501 1.60465e+06
502 1.60471e+06
503 1.60478e+06
504 1.60489e+06
505 1.60492e+06
506 1.605e+06
507 1.60508e+06
508 1.60513e+06
509 1.60522e+06
510 1.60523e+06
511 1.60533e+06
512 1.60542e+06
513 1.60548e+06
514 1.60551e+06
515 1.60554e+06
516 1.60555e+06
517 1.60558e+06
518 1.60558e+06
519 1.60567e+06
520 1.60568e+06
521 1.60578e+06
522 1.60586e+06
523 1.60589e+06
524 1.60591e+06
525 1.60597e+06
526 1.60611e+06
527 1.60622e+06
528 1.60636e+06
529 1.6064e+06
530 1.60642e+06
531 1.60657e+06
532 1.60669e+06
533 1.60682e+06
534 1.60685e+06
535 1.60685e+06
536 1.6069e+06
537 1.60696e+06
538 1.607e+06
539 1.60706e+06
540 1.60711e+06
541 1.60722e+06
542 1.60727e+06
543 1.60727e+06
544 1.60732e+06
545 1.6074e+06
546 1.60748e+06
547 1.60758e+06
548 1.60758e+06
549 1.60761e+06
550 1.60762e+06
551 1.60773e+06
552 1.60775e+06
553 1.60786e+06
554 1.60788e+06
555 1.60791e+06
556 1.60804e+06
557 1.60808e+06
558 1.60814e+06
559 1.60815e+06
560 1.60819e+06
561 1.60824e+06
562 1.60837e+06
563 1.60839e+06
564 1.60846e+06
565 1.60845e+06
566 1.60854e+06
567 1.60857e+06
568 1.60874e+06
569 1.60878e+06
570 1.60898e+06
571 1.60908e+06
572 1.60914e+06
573 1.60917e+06
574 1.60919e+06
575 1.6092e+06
576 1.60925e+06
577 1.60932e+06
578 1.60933e+06
579 1.60936e+06
580 1.6094e+06
581 1.60947e+06
582 1.60952e+06
583 1.60952e+06
584 1.60952e+06
585 1.6096e+06
586 1.60969e+06
587 1.60981e+06
588 1.60981e+06
589 1.60992e+06
590 1.61003e+06
591 1.61004e+06
592 1.61008e+06
593 1.61011e+06
594 1.61014e+06
595 1.61017e+06
596 1.61028e+06
597 1.61034e+06
598 1.6104e+06
599 1.61048e+06
600 1.61049e+06
601 1.61052e+06
602 1.61056e+06
603 1.61059e+06
604 1.6107e+06
605 1.61078e+06
606 1.6109e+06
607 1.61102e+06
608 1.61104e+06
609 1.61119e+06
610 1.61129e+06
611 1.61132e+06
612 1.61139e+06
613 1.61144e+06
614 1.61148e+06
615 1.61152e+06
616 1.61155e+06
617 1.61157e+06
618 1.61161e+06
619 1.61163e+06
620 1.61163e+06
621 1.61166e+06
622 1.61173e+06
623 1.61183e+06
624 1.6119e+06
625 1.612e+06
626 1.61205e+06
627 1.61217e+06
628 1.61218e+06
629 1.6122e+06
630 1.61222e+06
631 1.61227e+06
632 1.61234e+06
633 1.61239e+06
634 1.61244e+06
635 1.61254e+06
636 1.61257e+06
637 1.61259e+06
638 1.61263e+06
639 1.61264e+06
640 1.61267e+06
641 1.61278e+06
642 1.61289e+06
643 1.61296e+06
644 1.61297e+06
645 1.61305e+06
646 1.61313e+06
647 1.61318e+06
648 1.61319e+06
649 1.61327e+06
650 1.61331e+06
651 1.61338e+06
652 1.61343e+06
653 1.61361e+06
654 1.61361e+06
655 1.61361e+06
656 1.61364e+06
657 1.61379e+06
658 1.61388e+06
659 1.6139e+06
660 1.614e+06
661 1.61407e+06
662 1.61411e+06
663 1.61415e+06
664 1.61416e+06
665 1.61424e+06
666 1.61428e+06
667 1.61436e+06
668 1.61442e+06
669 1.61446e+06
670 1.61449e+06
671 1.61462e+06
672 1.61466e+06
673 1.61473e+06
674 1.61473e+06
675 1.61479e+06
676 1.61482e+06
677 1.61489e+06
678 1.615e+06
679 1.6151e+06
680 1.61519e+06
681 1.61528e+06
682 1.61532e+06
683 1.61538e+06
684 1.61543e+06
685 1.61544e+06
686 1.61552e+06
687 1.61558e+06
688 1.61568e+06
689 1.61569e+06
690 1.61571e+06
691 1.61574e+06
692 1.61577e+06
693 1.61584e+06
694 1.61596e+06
695 1.61609e+06
696 1.61613e+06
697 1.61619e+06
698 1.61631e+06
699 1.61637e+06
700 1.61639e+06
701 1.61645e+06
702 1.6165e+06
703 1.61652e+06
704 1.61657e+06
705 1.61672e+06
706 1.61675e+06
707 1.61687e+06
708 1.61695e+06
709 1.61706e+06
710 1.61718e+06
711 1.61728e+06
712 1.6173e+06
713 1.61731e+06
714 1.61739e+06
715 1.61743e+06
716 1.61746e+06
717 1.61753e+06
718 1.61762e+06
719 1.61768e+06
720 1.61773e+06
721 1.61775e+06
722 1.6178e+06
723 1.61793e+06
724 1.61793e+06
725 1.618e+06
726 1.61805e+06
727 1.61808e+06
728 1.61813e+06
729 1.61816e+06
730 1.6182e+06
731 1.61825e+06
732 1.61828e+06
733 1.61834e+06
734 1.61841e+06
735 1.61844e+06
736 1.6185e+06
737 1.61853e+06
738 1.61861e+06
739 1.61864e+06
740 1.6187e+06
741 1.6187e+06
742 1.61879e+06
743 1.6188e+06
744 1.61889e+06
745 1.61894e+06
746 1.61898e+06
747 1.61906e+06
748 1.61918e+06
749 1.61921e+06
750 1.61926e+06
751 1.6193e+06
752 1.61931e+06
753 1.6193e+06
754 1.61932e+06
755 1.61945e+06
756 1.61946e+06
757 1.61955e+06
758 1.61958e+06
759 1.61962e+06
760 1.61968e+06
761 1.61971e+06
762 1.61972e+06
763 1.61975e+06
764 1.61983e+06
765 1.61984e+06
766 1.61988e+06
767 1.61993e+06
768 1.62001e+06
769 1.6201e+06
770 1.62022e+06
771 1.62028e+06
772 1.6203e+06
773 1.62036e+06
774 1.62042e+06
775 1.62049e+06
776 1.62059e+06
777 1.62063e+06
778 1.62069e+06
779 1.62077e+06
780 1.62083e+06
781 1.62091e+06
782 1.62097e+06
783 1.621e+06
784 1.62109e+06
785 1.62125e+06
786 1.62135e+06
787 1.6214e+06
788 1.62144e+06
789 1.62151e+06
790 1.62162e+06
791 1.62164e+06
792 1.62166e+06
793 1.62167e+06
794 1.6217e+06
795 1.62173e+06
796 1.62182e+06
797 1.62208e+06
798 1.62214e+06
799 1.62218e+06
800 1.62218e+06
801 1.62222e+06
802 1.62226e+06
803 1.62229e+06
804 1.62236e+06
805 1.62243e+06
806 1.62249e+06
807 1.62254e+06
808 1.62256e+06
809 1.62269e+06
810 1.62271e+06
811 1.62273e+06
812 1.62278e+06
813 1.62281e+06
814 1.62289e+06
815 1.62299e+06
816 1.62316e+06
817 1.62316e+06
818 1.62316e+06
819 1.62318e+06
820 1.62321e+06
821 1.62329e+06
822 1.62332e+06
823 1.62332e+06
824 1.62334e+06
825 1.62339e+06
826 1.62341e+06
827 1.62342e+06
828 1.62343e+06
829 1.62354e+06
830 1.62367e+06
831 1.62371e+06
832 1.62375e+06
833 1.62384e+06
834 1.62387e+06
835 1.62387e+06
836 1.62394e+06
837 1.62398e+06
838 1.62402e+06
839 1.62411e+06
840 1.6241e+06
841 1.62417e+06
842 1.62422e+06
843 1.62424e+06
844 1.62434e+06
845 1.62441e+06
846 1.62449e+06
847 1.62454e+06
848 1.62455e+06
849 1.62459e+06
850 1.62472e+06
851 1.62475e+06
852 1.62478e+06
853 1.62479e+06
854 1.62502e+06
855 1.62511e+06
856 1.62517e+06
857 1.6252e+06
858 1.62522e+06
859 1.62528e+06
860 1.62529e+06
861 1.62529e+06
862 1.62531e+06
863 1.62537e+06
864 1.62545e+06
865 1.62549e+06
866 1.62551e+06
867 1.62554e+06
868 1.62564e+06
869 1.6258e+06
870 1.62581e+06
871 1.62584e+06
872 1.62584e+06
873 1.6259e+06
874 1.62592e+06
875 1.62598e+06
876 1.62604e+06
877 1.62607e+06
878 1.62608e+06
879 1.62618e+06
880 1.6262e+06
881 1.62623e+06
882 1.6263e+06
883 1.62633e+06
884 1.62644e+06
885 1.62652e+06
886 1.62655e+06
887 1.62658e+06
888 1.6266e+06
889 1.6266e+06
890 1.62665e+06
891 1.62665e+06
892 1.62667e+06
893 1.62671e+06
894 1.62675e+06
895 1.62679e+06
896 1.62689e+06
897 1.62692e+06
898 1.62702e+06
899 1.62703e+06
900 1.6271e+06
901 1.62711e+06
902 1.62718e+06
903 1.62723e+06
904 1.62728e+06
905 1.62736e+06
906 1.62738e+06
907 1.6274e+06
908 1.62742e+06
909 1.62749e+06
910 1.62758e+06
911 1.62772e+06
912 1.62772e+06
913 1.62778e+06
914 1.6278e+06
915 1.6278e+06
916 1.62784e+06
917 1.6279e+06
918 1.62793e+06
919 1.62798e+06
920 1.62806e+06
921 1.62814e+06
922 1.62819e+06
923 1.62826e+06
924 1.62837e+06
925 1.62842e+06
926 1.62846e+06
927 1.62854e+06
928 1.62856e+06
929 1.62868e+06
930 1.62868e+06
931 1.62887e+06
932 1.62893e+06
933 1.62895e+06
934 1.62895e+06
935 1.62898e+06
936 1.62904e+06
937 1.62915e+06
938 1.62925e+06
939 1.6293e+06
940 1.62933e+06
941 1.62933e+06
942 1.62934e+06
943 1.62938e+06
944 1.62943e+06
945 1.62944e+06
946 1.62944e+06
947 1.62946e+06
948 1.62947e+06
949 1.62954e+06
950 1.62962e+06
951 1.62968e+06
952 1.62973e+06
953 1.62976e+06
954 1.6298e+06
955 1.6298e+06
956 1.62979e+06
957 1.62987e+06
958 1.62989e+06
959 1.62996e+06
960 1.63003e+06
961 1.63011e+06
962 1.63012e+06
963 1.63025e+06
964 1.63031e+06
965 1.63036e+06
966 1.63038e+06
967 1.6304e+06
968 1.63044e+06
969 1.63043e+06
970 1.63046e+06
971 1.63047e+06
972 1.63054e+06
973 1.63068e+06
974 1.63079e+06
975 1.63092e+06
976 1.63096e+06
977 1.63102e+06
978 1.63107e+06
979 1.63109e+06
980 1.6312e+06
981 1.63121e+06
982 1.63122e+06
983 1.63131e+06
984 1.63132e+06
985 1.63141e+06
986 1.63151e+06
987 1.63155e+06
988 1.63158e+06
989 1.6316e+06
990 1.63162e+06
991 1.63165e+06
992 1.63166e+06
993 1.63174e+06
994 1.63179e+06
995 1.63179e+06
996 1.6319e+06
997 1.63194e+06
998 1.63203e+06
999 1.63209e+06
1000 1.6323e+06
