128 0.3 0.444
0 156776
1 1.56782e+06
2 1.56794e+06
3 1.56794e+06
4 1.56795e+06
5 1.56808e+06
6 1.56812e+06
7 1.56822e+06
8 1.5683e+06
9 1.56842e+06
10 1.56843e+06
11 1.5686e+06
12 1.56868e+06
13 1.56874e+06
14 1.56881e+06
15 1.56892e+06
16 1.56906e+06
17 1.56911e+06
18 1.56923e+06
19 1.56935e+06
20 1.56946e+06
21 1.56958e+06
22 1.56972e+06
23 1.56986e+06
24 1.56992e+06
25 1.57007e+06
26 1.57012e+06
27 1.57023e+06
28 1.57031e+06
29 1.57039e+06
30 1.57048e+06
31 1.57049e+06
32 1.57054e+06
33 1.57061e+06
34 1.57076e+06
35 1.57082e+06
36 1.57094e+06
37 1.57106e+06
38 1.57117e+06
39 1.57128e+06
40 1.57138e+06
41 1.57143e+06
42 1.57156e+06
43 1.57165e+06
44 1.57177e+06
45 1.57182e+06
46 1.57195e+06
47 1.57204e+06
48 1.57208e+06
49 1.57218e+06
50 1.57225e+06
51 1.57237e+06
52 1.57242e+06
53 1.57261e+06
54 1.57277e+06
55 1.57286e+06
56 1.5729e+06
57 1.57294e+06
58 1.57302e+06
59 1.57313e+06
60 1.57319e+06
61 1.57341e+06
62 1.57349e+06
63 1.57357e+06
64 1.57371e+06
65 1.57376e+06
66 1.57384e+06
67 1.57391e+06
68 1.57398e+06
69 1.57405e+06
70 1.5741e+06
71 1.57417e+06
72 1.57423e+06
73 1.5743e+06
74 1.57441e+06
75 1.57452e+06
76 1.57456e+06
77 1.57459e+06
78 1.57467e+06
79 1.57477e+06
80 1.57487e+06
81 1.57495e+06
82 1.57507e+06
83 1.57513e+06
84 1.57523e+06
85 1.57531e+06
86 1.57532e+06
87 1.57542e+06
88 1.57548e+06
89 1.57551e+06
90 1.57561e+06
91 1.57562e+06
92 1.57565e+06
93 1.57572e+06
94 1.57582e+06
95 1.57583e+06
96 1.57597e+06
97 1.57607e+06
98 1.57616e+06
99 1.57621e+06
100 1.57635e+06
101 1.57652e+06
102 1.57673e+06
103 1.57676e+06
104 1.57684e+06
105 1.57691e+06
106 1.57708e+06
107 1.57719e+06
108 1.57723e+06
109 1.57735e+06
110 1.57739e+06
111 1.57741e+06
112 1.57751e+06
113 1.57754e+06
114 1.57756e+06
115 1.57762e+06
116 1.57765e+06
117 1.57779e+06
118 1.5779e+06
119 1.57796e+06
120 1.57806e+06
121 1.57812e+06
122 1.57829e+06
123 1.57833e+06
124 1.57846e+06
125 1.57848e+06
126 1.5786e+06
127 1.57868e+06
128 1.57879e+06
129 1.57886e+06
130 1.57896e+06
131 1.57906e+06
132 1.57923e+06
133 1.57929e+06
134 1.57939e+06
135 1.57946e+06
136 1.57962e+06
137 1.57978e+06
138 1.57986e+06
139 1.57991e+06
140 1.58003e+06
141 1.58021e+06
142 1.58031e+06
143 1.58043e+06
144 1.58049e+06
145 1.58066e+06
146 1.58073e+06
147 1.58079e+06
148 1.5809e+06
149 1.58094e+06
150 1.58103e+06
151 1.58117e+06
152 1.58122e+06
153 1.58132e+06
154 1.58143e+06
155 1.58147e+06
156 1.58156e+06
157 1.5816e+06
158 1.58168e+06
159 1.5818e+06
160 1.58186e+06
161 1.58196e+06
162 1.582e+06
163 1.58204e+06
164 1.58215e+06
165 1.58222e+06
166 1.58225e+06
167 1.58232e+06
168 1.58239e+06
169 1.58242e+06
170 1.58243e+06
171 1.58251e+06
172 1.58251e+06
173 1.58257e+06
174 1.58267e+06
175 1.58271e+06
176 1.58282e+06
177 1.58292e+06
178 1.58303e+06
179 1.58314e+06
180 1.5832e+06
181 1.58328e+06
182 1.58333e+06
183 1.5834e+06
184 1.58346e+06
185 1.58354e+06
186 1.58364e+06
187 1.58373e+06
188 1.58378e+06
189 1.58385e+06
190 1.5839e+06
191 1.58396e+06
192 1.584e+06
193 1.58413e+06
194 1.58425e+06
195 1.58428e+06
196 1.58437e+06
197 1.58444e+06
198 1.58454e+06
199 1.58459e+06
200 1.58472e+06
201 1.58485e+06
202 1.5849e+06
203 1.58502e+06
204 1.58503e+06
205 1.5851e+06
206 1.58522e+06
207 1.58532e+06
208 1.5854e+06
209 1.58545e+06
210 1.58556e+06
211 1.58568e+06
212 1.58576e+06
213 1.58587e+06
214 1.58591e+06
215 1.58598e+06
216 1.586e+06
217 1.58603e+06
218 1.58606e+06
219 1.58611e+06
220 1.5862e+06
221 1.58625e+06
222 1.58631e+06
223 1.58645e+06
224 1.58653e+06
225 1.58658e+06
226 1.58663e+06
227 1.58666e+06
228 1.58668e+06
229 1.58681e+06
230 1.5869e+06
231 1.587e+06
232 1.5871e+06
233 1.58722e+06
234 1.58726e+06
235 1.58739e+06
236 1.58746e+06
237 1.58757e+06
238 1.58759e+06
239 1.58767e+06
240 1.58768e+06
241 1.58779e+06
242 1.58783e+06
243 1.58797e+06
244 1.58811e+06
245 1.58814e+06
246 1.58819e+06
247 1.58826e+06
248 1.58836e+06
249 1.58844e+06
250 1.58848e+06
251 1.58856e+06
252 1.58865e+06
253 1.58865e+06
254 1.58867e+06
255 1.58883e+06
256 1.58894e+06
257 1.58904e+06
258 1.58913e+06
259 1.58919e+06
260 1.58934e+06
261 1.58936e+06
262 1.58944e+06
263 1.58949e+06
264 1.58953e+06
265 1.58954e+06
266 1.5896e+06
267 1.58963e+06
268 1.58966e+06
269 1.58974e+06
270 1.58976e+06
271 1.58979e+06
272 1.58989e+06
273 1.58992e+06
274 1.59009e+06
275 1.59012e+06
276 1.59022e+06
277 1.59028e+06
278 1.59031e+06
279 1.59041e+06
280 1.59043e+06
281 1.5905e+06
282 1.59059e+06
283 1.59064e+06
284 1.59069e+06
285 1.59083e+06
286 1.59093e+06
287 1.59094e+06
288 1.59109e+06
289 1.59117e+06
290 1.59131e+06
291 1.59138e+06
292 1.59149e+06
293 1.59154e+06
294 1.59164e+06
295 1.59166e+06
296 1.59172e+06
297 1.59178e+06
298 1.5918e+06
299 1.59189e+06
300 1.59194e+06
301 1.59198e+06
302 1.59199e+06
303 1.59199e+06
304 1.5921e+06
305 1.59216e+06
306 1.59219e+06
307 1.59221e+06
308 1.5923e+06
309 1.59239e+06
310 1.59243e+06
311 1.59254e+06
312 1.59258e+06
313 1.59271e+06
314 1.59276e+06
315 1.5928e+06
316 1.59283e+06
317 1.59291e+06
318 1.59296e+06
319 1.59304e+06
320 1.59305e+06
321 1.59307e+06
322 1.59319e+06
323 1.59319e+06
324 1.59326e+06
325 1.59331e+06
326 1.59351e+06
327 1.59352e+06
328 1.59352e+06
329 1.59367e+06
330 1.59372e+06
331 1.59375e+06
332 1.59382e+06
333 1.59388e+06
334 1.59396e+06
335 1.59398e+06
336 1.59403e+06
337 1.59412e+06
338 1.59416e+06
339 1.59418e+06
340 1.59429e+06
341 1.59433e+06
342 1.59438e+06
343 1.59455e+06
344 1.59461e+06
345 1.5947e+06
346 1.59475e+06
347 1.59482e+06
348 1.59487e+06
349 1.59491e+06
350 1.59499e+06
351 1.59505e+06
352 1.59509e+06
353 1.5951e+06
354 1.59518e+06
355 1.59521e+06
356 1.59529e+06
357 1.59536e+06
358 1.59558e+06
359 1.59573e+06
360 1.59576e+06
361 1.59578e+06
362 1.59589e+06
363 1.59593e+06
364 1.59597e+06
365 1.5961e+06
366 1.59621e+06
367 1.59621e+06
368 1.59627e+06
369 1.59635e+06
370 1.59638e+06
371 1.59646e+06
372 1.59655e+06
373 1.59657e+06
374 1.59663e+06
375 1.59671e+06
376 1.59674e+06
377 1.59676e+06
378 1.59688e+06
379 1.59697e+06
380 1.597e+06
381 1.5971e+06
382 1.59717e+06
383 1.59718e+06
384 1.59724e+06
385 1.59739e+06
386 1.59747e+06
387 1.59756e+06
388 1.59761e+06
389 1.59764e+06
390 1.59772e+06
391 1.59779e+06
392 1.59787e+06
393 1.59798e+06
394 1.59806e+06
395 1.59814e+06
396 1.59822e+06
397 1.5983e+06
398 1.59836e+06
399 1.59842e+06
400 1.59851e+06
401 1.59856e+06
402 1.5987e+06
403 1.59884e+06
404 1.59891e+06
405 1.59897e+06
406 1.59906e+06
407 1.59909e+06
408 1.59926e+06
409 1.59932e+06
410 1.59938e+06
411 1.59944e+06
412 1.59947e+06
413 1.59951e+06
414 1.59964e+06
415 1.59974e+06
416 1.59978e+06
417 1.5998e+06
418 1.59986e+06
419 1.59989e+06
420 1.59994e+06
421 1.60003e+06
422 1.6001e+06
423 1.60016e+06
424 1.6002e+06
425 1.60027e+06
426 1.60027e+06
427 1.60036e+06
428 1.60045e+06
429 1.60053e+06
430 1.60055e+06
431 1.60064e+06
432 1.60066e+06
433 1.60071e+06
434 1.60077e+06
435 1.60087e+06
436 1.60099e+06
437 1.60102e+06
438 1.60107e+06
439 1.60118e+06
440 1.60129e+06
441 1.60139e+06
442 1.6014e+06
443 1.60142e+06
444 1.60149e+06
445 1.6015e+06
446 1.60156e+06
447 1.60159e+06
448 1.60166e+06
449 1.60178e+06
450 1.6018e+06
451 1.60181e+06
452 1.60185e+06
453 1.60187e+06
454 1.60189e+06
455 1.60196e+06
456 1.60201e+06
457 1.60217e+06
458 1.60223e+06
459 1.60225e+06
460 1.60237e+06
461 1.60249e+06
462 1.60262e+06
463 1.60266e+06
464 1.60276e+06
465 1.60283e+06
466 1.60287e+06
467 1.60289e+06
468 1.60292e+06
469 1.60301e+06
470 1.60316e+06
471 1.60317e+06
472 1.6032e+06
473 1.60324e+06
474 1.60325e+06
475 1.60336e+06
476 1.60341e+06
477 1.60346e+06
478 1.60349e+06
479 1.60358e+06
480 1.60361e+06
481 1.60368e+06
482 1.60371e+06
483 1.6038e+06
484 1.60388e+06
485 1.60391e+06
486 1.60395e+06
487 1.60396e+06
488 1.60412e+06
489 1.60422e+06
490 1.60433e+06
491 1.60439e+06
492 1.60453e+06
493 1.60477e+06
494 1.60487e+06
495 1.6049e+06
496 1.60495e+06
497 1.60496e+06
498 1.60506e+06
499 1.60506e+06
500 1.60508e+06
501 1.60512e+06
502 1.60524e+06
503 1.60524e+06
504 1.60528e+06
505 1.6054e+06
506 1.60546e+06
507 1.60554e+06
508 1.60559e+06
509 1.60563e+06
510 1.60565e+06
511 1.6057e+06
512 1.6057e+06
513 1.60584e+06
514 1.60585e+06
515 1.60586e+06
516 1.60598e+06
517 1.60605e+06
518 1.60606e+06
519 1.60613e+06
520 1.60625e+06
521 1.60626e+06
522 1.60628e+06
523 1.60632e+06
524 1.60632e+06
525 1.60637e+06
526 1.6064e+06
527 1.6064e+06
528 1.60644e+06
529 1.60648e+06
530 1.60653e+06
531 1.60657e+06
532 1.60662e+06
533 1.60668e+06
534 1.60671e+06
535 1.60678e+06
536 1.60691e+06
537 1.60693e+06
538 1.607e+06
539 1.60702e+06
540 1.60706e+06
541 1.60707e+06
542 1.60721e+06
543 1.60724e+06
544 1.60725e+06
545 1.60726e+06
546 1.60735e+06
547 1.60737e+06
548 1.60745e+06
549 1.60753e+06
550 1.60757e+06
551 1.60764e+06
552 1.60768e+06
553 1.60778e+06
554 1.60785e+06
555 1.60788e+06
556 1.6079e+06
557 1.60792e+06
558 1.608e+06
559 1.60808e+06
560 1.60814e+06
561 1.60822e+06
562 1.60833e+06
563 1.60833e+06
564 1.6084e+06
565 1.60844e+06
566 1.6085e+06
567 1.60853e+06
568 1.60865e+06
569 1.60877e+06
570 1.60879e+06
571 1.60888e+06
572 1.60892e+06
573 1.60896e+06
574 1.60906e+06
575 1.60913e+06
576 1.60921e+06
577 1.60928e+06
578 1.60931e+06
579 1.60934e+06
580 1.60939e+06
581 1.60946e+06
582 1.60949e+06
583 1.60957e+06
584 1.60963e+06
585 1.60966e+06
586 1.60969e+06
587 1.6098e+06
588 1.60993e+06
589 1.60998e+06
590 1.61007e+06
591 1.61011e+06
592 1.61015e+06
593 1.61018e+06
594 1.61027e+06
595 1.61026e+06
596 1.61032e+06
597 1.61032e+06
598 1.61039e+06
599 1.61045e+06
600 1.61048e+06
601 1.61061e+06
602 1.61067e+06
603 1.61069e+06
604 1.61073e+06
605 1.6108e+06
606 1.61082e+06
607 1.61096e+06
608 1.61102e+06
609 1.61112e+06
610 1.61128e+06
611 1.61139e+06
612 1.61149e+06
613 1.61152e+06
614 1.61153e+06
615 1.61153e+06
616 1.61156e+06
617 1.6116e+06
618 1.61163e+06
619 1.61165e+06
620 1.61175e+06
621 1.61176e+06
622 1.61191e+06
623 1.61196e+06
624 1.61203e+06
625 1.61218e+06
626 1.61229e+06
627 1.61236e+06
628 1.61241e+06
629 1.61247e+06
630 1.61255e+06
631 1.61261e+06
632 1.61266e+06
633 1.61272e+06
634 1.61275e+06
635 1.61277e+06
636 1.61283e+06
637 1.61289e+06
638 1.61293e+06
639 1.61298e+06
640 1.613e+06
641 1.61305e+06
642 1.61322e+06
643 1.61325e+06
644 1.61328e+06
645 1.6133e+06
646 1.61332e+06
647 1.61335e+06
648 1.61338e+06
649 1.61347e+06
650 1.61361e+06
651 1.61365e+06
652 1.6137e+06
653 1.61373e+06
654 1.61372e+06
655 1.61381e+06
656 1.61386e+06
657 1.614e+06
658 1.61404e+06
659 1.61408e+06
660 1.61413e+06
661 1.61425e+06
662 1.61426e+06
663 1.61432e+06
664 1.61438e+06
665 1.61439e+06
666 1.61458e+06
667 1.61466e+06
668 1.61474e+06
669 1.61474e+06
670 1.61478e+06
671 1.61481e+06
672 1.61494e+06
673 1.61506e+06
674 1.61506e+06
675 1.61507e+06
676 1.61512e+06
677 1.61522e+06
678 1.61526e+06
679 1.61542e+06
680 1.61546e+06
681 1.61557e+06
682 1.61576e+06
683 1.61575e+06
684 1.61578e+06
685 1.61588e+06
686 1.6159e+06
687 1.61593e+06
688 1.61593e+06
689 1.61595e+06
690 1.61597e+06
691 1.61612e+06
692 1.61613e+06
693 1.61627e+06
694 1.61632e+06
695 1.61638e+06
696 1.6164e+06
697 1.61646e+06
698 1.61653e+06
699 1.6166e+06
700 1.61669e+06
701 1.61676e+06
702 1.61689e+06
703 1.61694e+06
704 1.61704e+06
705 1.61707e+06
706 1.61713e+06
707 1.61715e+06
708 1.61716e+06
709 1.61726e+06
710 1.6173e+06
711 1.61732e+06
712 1.61732e+06
713 1.61737e+06
714 1.61747e+06
715 1.61748e+06
716 1.61748e+06
717 1.61749e+06
718 1.61749e+06
719 1.61751e+06
720 1.61751e+06
721 1.61759e+06
722 1.61766e+06
723 1.61776e+06
724 1.61789e+06
725 1.61792e+06
726 1.61793e+06
727 1.61798e+06
728 1.61805e+06
729 1.61817e+06
730 1.6183e+06
731 1.61836e+06
732 1.61837e+06
733 1.61839e+06
734 1.6184e+06
735 1.61847e+06
736 1.61847e+06
737 1.61849e+06
738 1.61851e+06
739 1.61857e+06
740 1.61864e+06
741 1.61877e+06
742 1.61886e+06
743 1.61891e+06
744 1.61893e+06
745 1.61893e+06
746 1.61908e+06
747 1.6191e+06
748 1.61917e+06
749 1.61918e+06
750 1.61927e+06
751 1.61929e+06
752 1.61937e+06
753 1.6194e+06
754 1.61942e+06
755 1.61949e+06
756 1.6196e+06
757 1.61964e+06
758 1.61974e+06
759 1.61979e+06
760 1.61985e+06
761 1.61992e+06
762 1.62002e+06
763 1.62005e+06
764 1.62014e+06
765 1.62017e+06
766 1.62027e+06
767 1.62032e+06
768 1.62036e+06
769 1.62041e+06
770 1.62047e+06
771 1.62049e+06
772 1.62049e+06
773 1.62058e+06
774 1.6207e+06
775 1.62092e+06
776 1.62101e+06
777 1.62103e+06
778 1.62111e+06
779 1.62119e+06
780 1.62119e+06
781 1.62126e+06
782 1.62135e+06
783 1.62138e+06
784 1.62141e+06
785 1.6215e+06
786 1.62152e+06
787 1.62156e+06
788 1.62166e+06
789 1.62172e+06
790 1.62178e+06
791 1.62183e+06
792 1.62192e+06
793 1.62199e+06
794 1.62205e+06
795 1.62217e+06
796 1.62223e+06
797 1.62225e+06
798 1.62226e+06
799 1.62229e+06
800 1.62238e+06
801 1.62249e+06
802 1.62252e+06
803 1.62255e+06
804 1.62266e+06
805 1.6227e+06
806 1.6227e+06
807 1.62276e+06
808 1.62287e+06
809 1.62293e+06
810 1.62296e+06
811 1.62297e+06
812 1.62298e+06
813 1.62298e+06
814 1.62304e+06
815 1.62314e+06
816 1.62336e+06
817 1.62338e+06
818 1.62346e+06
819 1.62348e+06
820 1.62352e+06
821 1.62353e+06
822 1.62353e+06
823 1.62359e+06
824 1.62369e+06
825 1.62368e+06
826 1.62369e+06
827 1.62371e+06
828 1.62386e+06
829 1.62386e+06
830 1.62396e+06
831 1.624e+06
832 1.62407e+06
833 1.62412e+06
834 1.6242e+06
835 1.62422e+06
836 1.62429e+06
837 1.6244e+06
838 1.6244e+06
839 1.62446e+06
840 1.62446e+06
841 1.62447e+06
842 1.6245e+06
843 1.62454e+06
844 1.62458e+06
845 1.62465e+06
846 1.62467e+06
847 1.62475e+06
848 1.62476e+06
849 1.62481e+06
850 1.62486e+06
851 1.62492e+06
852 1.62499e+06
853 1.62513e+06
854 1.62521e+06
855 1.6253e+06
856 1.62531e+06
857 1.62538e+06
858 1.62539e+06
859 1.62548e+06
860 1.62553e+06
861 1.62553e+06
862 1.62556e+06
863 1.62559e+06
864 1.6257e+06
865 1.62573e+06
866 1.62578e+06
867 1.62586e+06
868 1.62601e+06
869 1.62603e+06
870 1.62605e+06
871 1.62609e+06
872 1.62615e+06
873 1.62624e+06
874 1.62633e+06
875 1.62636e+06
876 1.62646e+06
877 1.62654e+06
878 1.6266e+06
879 1.62665e+06
880 1.62667e+06
881 1.62668e+06
882 1.62672e+06
883 1.62673e+06
884 1.62682e+06
885 1.62687e+06
886 1.6269e+06
887 1.62705e+06
888 1.62709e+06
889 1.62719e+06
890 1.62731e+06
891 1.62734e+06
892 1.62734e+06
893 1.62737e+06
894 1.62751e+06
895 1.62755e+06
896 1.62758e+06
897 1.62766e+06
898 1.62771e+06
899 1.62773e+06
900 1.6278e+06
901 1.62784e+06
902 1.6279e+06
903 1.62798e+06
904 1.62798e+06
905 1.62801e+06
906 1.62803e+06
907 1.62805e+06
908 1.6281e+06
909 1.62814e+06
910 1.62817e+06
911 1.62819e+06
912 1.62822e+06
913 1.62837e+06
914 1.62842e+06
915 1.62851e+06
916 1.62852e+06
917 1.62855e+06
918 1.62859e+06
919 1.62865e+06
920 1.62865e+06
921 1.62872e+06
922 1.62878e+06
923 1.62879e+06
924 1.62882e+06
925 1.62883e+06
926 1.62886e+06
927 1.62888e+06
928 1.62897e+06
929 1.62904e+06
930 1.62905e+06
931 1.62906e+06
932 1.62922e+06
933 1.62927e+06
934 1.62929e+06
935 1.62937e+06
936 1.6295e+06
937 1.62956e+06
938 1.62957e+06
939 1.62971e+06
940 1.62977e+06
941 1.62989e+06
942 1.62992e+06
943 1.63001e+06
944 1.63004e+06
945 1.63013e+06
946 1.63014e+06
947 1.63017e+06
948 1.63024e+06
949 1.63034e+06
950 1.63037e+06
951 1.63045e+06
952 1.63048e+06
953 1.63052e+06
954 1.63055e+06
955 1.63058e+06
956 1.63068e+06
957 1.63069e+06
958 1.6307e+06
959 1.6308e+06
960 1.63086e+06
961 1.63094e+06
962 1.63105e+06
963 1.63107e+06
964 1.63122e+06
965 1.63129e+06
966 1.63136e+06
967 1.63138e+06
968 1.63146e+06
969 1.63147e+06
970 1.63149e+06
971 1.63151e+06
972 1.6316e+06
973 1.6316e+06
974 1.63162e+06
975 1.63168e+06
976 1.63171e+06
977 1.63171e+06
978 1.63174e+06
979 1.63173e+06
980 1.6318e+06
981 1.63187e+06
982 1.63195e+06
983 1.63195e+06
984 1.63204e+06
985 1.63205e+06
986 1.63205e+06
987 1.6321e+06
988 1.63212e+06
989 1.63216e+06
990 1.63222e+06
991 1.63232e+06
992 1.63232e+06
993 1.63232e+06
994 1.63237e+06
995 1.63238e+06
996 1.63245e+06
997 1.63256e+06
998 1.63259e+06
999 1.63277e+06
1000 1.63279e+06
