128 0.3 0.222
0 156776
1 1.56781e+06
2 1.56789e+06
3 1.56796e+06
4 1.56808e+06
5 1.56812e+06
6 1.56813e+06
7 1.56825e+06
8 1.56833e+06
9 1.5684e+06
10 1.56857e+06
11 1.56866e+06
12 1.56877e+06
13 1.56879e+06
14 1.5688e+06
15 1.56892e+06
16 1.569e+06
17 1.56902e+06
18 1.56905e+06
19 1.56909e+06
20 1.56916e+06
21 1.56928e+06
22 1.56936e+06
23 1.56945e+06
24 1.56954e+06
25 1.56968e+06
26 1.56975e+06
27 1.56986e+06
28 1.56998e+06
29 1.57006e+06
30 1.57028e+06
31 1.57038e+06
32 1.57044e+06
33 1.57058e+06
34 1.57076e+06
35 1.57076e+06
36 1.57081e+06
37 1.5709e+06
38 1.571e+06
39 1.57111e+06
40 1.57117e+06
41 1.57128e+06
42 1.57136e+06
43 1.57144e+06
44 1.57152e+06
45 1.57164e+06
46 1.57175e+06
47 1.57188e+06
48 1.57204e+06
49 1.57214e+06
50 1.57221e+06
51 1.57227e+06
52 1.57231e+06
53 1.5724e+06
54 1.57244e+06
55 1.57256e+06
56 1.57265e+06
57 1.57279e+06
58 1.57289e+06
59 1.57301e+06
60 1.5731e+06
61 1.57321e+06
62 1.57323e+06
63 1.57329e+06
64 1.5734e+06
65 1.57361e+06
66 1.5737e+06
67 1.5738e+06
68 1.5739e+06
69 1.57394e+06
70 1.57406e+06
71 1.57413e+06
72 1.5742e+06
73 1.57421e+06
74 1.57432e+06
75 1.57443e+06
76 1.57449e+06
77 1.57458e+06
78 1.57465e+06
79 1.5747e+06
80 1.57481e+06
81 1.5749e+06
82 1.57496e+06
83 1.57507e+06
84 1.5752e+06
85 1.57525e+06
86 1.57541e+06
87 1.57547e+06
88 1.57555e+06
89 1.57563e+06
90 1.5757e+06
91 1.57577e+06
92 1.57584e+06
93 1.57586e+06
94 1.57594e+06
95 1.57616e+06
96 1.57624e+06
97 1.57629e+06
98 1.57637e+06
99 1.57649e+06
100 1.57662e+06
101 1.57676e+06
102 1.57693e+06
103 1.57706e+06
104 1.57712e+06
105 1.57721e+06
106 1.57728e+06
107 1.57739e+06
108 1.57746e+06
109 1.57756e+06
110 1.57764e+06
111 1.57773e+06
112 1.57785e+06
113 1.5779e+06
114 1.57796e+06
115 1.57804e+06
116 1.57808e+06
117 1.57811e+06
118 1.57824e+06
119 1.57836e+06
120 1.57844e+06
121 1.5785e+06
122 1.57854e+06
123 1.57868e+06
124 1.57876e+06
125 1.5788e+06
126 1.57889e+06
127 1.57892e+06
128 1.57896e+06
129 1.57906e+06
130 1.57917e+06
131 1.57934e+06
132 1.57944e+06
133 1.57946e+06
134 1.57959e+06
135 1.57961e+06
136 1.5797e+06
137 1.57972e+06
138 1.57978e+06
139 1.57993e+06
140 1.57996e+06
141 1.58006e+06
142 1.58008e+06
143 1.58014e+06
144 1.58017e+06
145 1.58029e+06
146 1.58036e+06
147 1.58046e+06
148 1.58051e+06
149 1.58067e+06
150 1.58076e+06
151 1.58087e+06
152 1.58098e+06
153 1.58101e+06
154 1.58109e+06
155 1.58119e+06
156 1.58134e+06
157 1.58147e+06
158 1.58154e+06
159 1.58161e+06
160 1.58168e+06
161 1.58172e+06
162 1.58177e+06
163 1.58185e+06
164 1.58198e+06
165 1.58208e+06
166 1.58212e+06
167 1.58219e+06
168 1.58223e+06
169 1.58231e+06
170 1.58242e+06
171 1.58257e+06
172 1.58262e+06
173 1.58266e+06
174 1.58283e+06
175 1.58284e+06
176 1.583e+06
177 1.58304e+06
178 1.58311e+06
179 1.58313e+06
180 1.58327e+06
181 1.58337e+06
182 1.58341e+06
183 1.58346e+06
184 1.58348e+06
185 1.58353e+06
186 1.58361e+06
187 1.58371e+06
188 1.58385e+06
189 1.5839e+06
190 1.58394e+06
191 1.58404e+06
192 1.58415e+06
193 1.5843e+06
194 1.58439e+06
195 1.58452e+06
196 1.58462e+06
197 1.58467e+06
198 1.58477e+06
199 1.58485e+06
200 1.5849e+06
201 1.58498e+06
202 1.58504e+06
203 1.58505e+06
204 1.58511e+06
205 1.5852e+06
206 1.58529e+06
207 1.58531e+06
208 1.58541e+06
209 1.58558e+06
210 1.58565e+06
211 1.58569e+06
212 1.58582e+06
213 1.58596e+06
214 1.58601e+06
215 1.58609e+06
216 1.58617e+06
217 1.5862e+06
218 1.58627e+06
219 1.5864e+06
220 1.58651e+06
221 1.58661e+06
222 1.5868e+06
223 1.58684e+06
224 1.58693e+06
225 1.58695e+06
226 1.58709e+06
227 1.58717e+06
228 1.58722e+06
229 1.58723e+06
230 1.58724e+06
231 1.58729e+06
232 1.58735e+06
233 1.58745e+06
234 1.58754e+06
235 1.58756e+06
236 1.58757e+06
237 1.58767e+06
238 1.58776e+06
239 1.58784e+06
240 1.58789e+06
241 1.58801e+06
242 1.58802e+06
243 1.58814e+06
244 1.58823e+06
245 1.58827e+06
246 1.58828e+06
247 1.58831e+06
248 1.58834e+06
249 1.58847e+06
250 1.5885e+06
251 1.58862e+06
252 1.58867e+06
253 1.5887e+06
254 1.58882e+06
255 1.58888e+06
256 1.58893e+06
257 1.58899e+06
258 1.58903e+06
259 1.58906e+06
260 1.58912e+06
261 1.58913e+06
262 1.58922e+06
263 1.58931e+06
264 1.58939e+06
265 1.58949e+06
266 1.58961e+06
267 1.58962e+06
268 1.58964e+06
269 1.58965e+06
270 1.58971e+06
271 1.58979e+06
272 1.58989e+06
273 1.58999e+06
274 1.59004e+06
275 1.59008e+06
276 1.59017e+06
277 1.59023e+06
278 1.59028e+06
279 1.59033e+06
280 1.59041e+06
281 1.59046e+06
282 1.59052e+06
283 1.59057e+06
284 1.59062e+06
285 1.59073e+06
286 1.59076e+06
287 1.59082e+06
288 1.59092e+06
289 1.59105e+06
290 1.59114e+06
291 1.5913e+06
292 1.59134e+06
293 1.59144e+06
294 1.59146e+06
295 1.59162e+06
296 1.59165e+06
297 1.59173e+06
298 1.59191e+06
299 1.59192e+06
300 1.59197e+06
301 1.59206e+06
302 1.5921e+06
303 1.59214e+06
304 1.59219e+06
305 1.59225e+06
306 1.59228e+06
307 1.59241e+06
308 1.59244e+06
309 1.59252e+06
310 1.59256e+06
311 1.59263e+06
312 1.59281e+06
313 1.59287e+06
314 1.593e+06
315 1.59305e+06
316 1.5931e+06
317 1.59316e+06
318 1.59325e+06
319 1.59332e+06
320 1.59346e+06
321 1.59349e+06
322 1.59358e+06
323 1.59361e+06
324 1.59368e+06
325 1.59374e+06
326 1.59391e+06
327 1.59397e+06
328 1.59398e+06
329 1.59407e+06
330 1.59411e+06
331 1.59417e+06
332 1.59426e+06
333 1.59435e+06
334 1.59444e+06
335 1.59457e+06
336 1.59462e+06
337 1.59463e+06
338 1.59468e+06
339 1.59472e+06
340 1.59485e+06
341 1.59499e+06
342 1.59502e+06
343 1.5951e+06
344 1.59512e+06
345 1.59524e+06
346 1.59528e+06
347 1.5953e+06
348 1.59537e+06
349 1.59543e+06
350 1.59543e+06
351 1.59546e+06
352 1.5955e+06
353 1.59552e+06
354 1.59566e+06
355 1.59572e+06
356 1.59581e+06
357 1.59589e+06
358 1.59592e+06
359 1.59596e+06
360 1.59599e+06
361 1.59607e+06
362 1.59608e+06
363 1.59621e+06
364 1.59633e+06
365 1.59646e+06
366 1.5965e+06
367 1.59651e+06
368 1.59657e+06
369 1.5967e+06
370 1.59672e+06
371 1.59682e+06
372 1.59686e+06
373 1.59692e+06
374 1.59699e+06
375 1.59705e+06
376 1.59709e+06
377 1.59716e+06
378 1.59723e+06
379 1.59728e+06
380 1.59736e+06
381 1.59739e+06
382 1.59741e+06
383 1.59744e+06
384 1.59751e+06
385 1.59758e+06
386 1.59769e+06
387 1.59791e+06
388 1.59792e+06
389 1.59798e+06
390 1.59805e+06
391 1.59818e+06
392 1.59829e+06
393 1.59836e+06
394 1.59852e+06
395 1.59858e+06
396 1.59864e+06
397 1.59872e+06
398 1.59875e+06
399 1.59883e+06
400 1.59889e+06
401 1.59896e+06
402 1.59904e+06
403 1.59917e+06
404 1.59924e+06
405 1.59927e+06
406 1.59928e+06
407 1.5993e+06
408 1.59943e+06
409 1.5995e+06
410 1.59952e+06
411 1.59962e+06
412 1.59973e+06
413 1.59986e+06
414 1.59987e+06
415 1.59995e+06
416 1.60005e+06
417 1.60009e+06
418 1.6001e+06
419 1.60012e+06
420 1.60015e+06
421 1.60018e+06
422 1.60021e+06
423 1.60022e+06
424 1.60025e+06
425 1.60028e+06
426 1.60038e+06
427 1.60044e+06
428 1.60051e+06
429 1.60064e+06
430 1.60079e+06
431 1.60085e+06
432 1.60085e+06
433 1.60096e+06
434 1.60101e+06
435 1.60101e+06
436 1.60111e+06
437 1.60126e+06
438 1.60136e+06
439 1.60139e+06
440 1.60151e+06
441 1.60157e+06
442 1.60168e+06
443 1.6018e+06
444 1.60196e+06
445 1.60203e+06
446 1.6021e+06
447 1.60217e+06
448 1.60221e+06
449 1.60225e+06
450 1.6023e+06
451 1.6023e+06
452 1.60237e+06
453 1.60243e+06
454 1.60248e+06
455 1.6026e+06
456 1.60266e+06
457 1.60274e+06
458 1.60277e+06
459 1.60286e+06
460 1.60297e+06
461 1.60316e+06
462 1.60321e+06
463 1.60324e+06
464 1.60329e+06
465 1.60338e+06
466 1.6035e+06
467 1.60353e+06
468 1.60363e+06
469 1.60369e+06
470 1.60379e+06
471 1.60384e+06
472 1.6039e+06
473 1.60394e+06
474 1.60401e+06
475 1.6041e+06
476 1.60416e+06
477 1.60423e+06
478 1.60432e+06
479 1.60433e+06
480 1.60438e+06
481 1.60454e+06
482 1.60465e+06
483 1.60481e+06
484 1.60486e+06
485 1.60494e+06
486 1.60496e+06
487 1.60498e+06
488 1.605e+06
489 1.60513e+06
490 1.60513e+06
491 1.60515e+06
492 1.60516e+06
493 1.60528e+06
494 1.60531e+06
495 1.60548e+06
496 1.60555e+06
497 1.60561e+06
498 1.60571e+06
499 1.60576e+06
500 1.60582e+06
501 1.60584e+06
502 1.60589e+06
503 1.60596e+06
504 1.60599e+06
505 1.60614e+06
506 1.60618e+06
507 1.60622e+06
508 1.60628e+06
509 1.60632e+06
510 1.6064e+06
511 1.60643e+06
512 1.60648e+06
513 1.60652e+06
514 1.60655e+06
515 1.60656e+06
516 1.60662e+06
517 1.60665e+06
518 1.60678e+06
519 1.60681e+06
520 1.60682e+06
521 1.60682e+06
522 1.60686e+06
523 1.60694e+06
524 1.60697e+06
525 1.60702e+06
526 1.60703e+06
527 1.60716e+06
528 1.60724e+06
529 1.60734e+06
530 1.60737e+06
531 1.60743e+06
532 1.60747e+06
533 1.6075e+06
534 1.60754e+06
535 1.6076e+06
536 1.60768e+06
537 1.60772e+06
538 1.60778e+06
539 1.60788e+06
540 1.608e+06
541 1.60807e+06
542 1.60809e+06
543 1.60809e+06
544 1.60815e+06
545 1.60816e+06
546 1.60818e+06
547 1.6082e+06
548 1.60827e+06
549 1.60828e+06
550 1.60831e+06
551 1.60837e+06
552 1.60854e+06
553 1.60854e+06
554 1.60857e+06
555 1.60862e+06
556 1.60868e+06
557 1.60871e+06
558 1.60881e+06
559 1.60885e+06
560 1.60886e+06
561 1.60896e+06
562 1.609e+06
563 1.60902e+06
564 1.60904e+06
565 1.60906e+06
566 1.60909e+06
567 1.60926e+06
568 1.60928e+06
569 1.60927e+06
570 1.60933e+06
571 1.60944e+06
572 1.60951e+06
573 1.60954e+06
574 1.60971e+06
575 1.6098e+06
576 1.60987e+06
577 1.60989e+06
578 1.60995e+06
579 1.61005e+06
580 1.61012e+06
581 1.61024e+06
582 1.61025e+06
583 1.61029e+06
584 1.61034e+06
585 1.61041e+06
586 1.61046e+06
587 1.61058e+06
588 1.61064e+06
589 1.61068e+06
590 1.61084e+06
591 1.61093e+06
592 1.61093e+06
593 1.61112e+06
594 1.61115e+06
595 1.6112e+06
596 1.61122e+06
597 1.61125e+06
598 1.6113e+06
599 1.61133e+06
600 1.61137e+06
601 1.61138e+06
602 1.61148e+06
603 1.61152e+06
604 1.6116e+06
605 1.61167e+06
606 1.61171e+06
607 1.61172e+06
608 1.61173e+06
609 1.61184e+06
610 1.61194e+06
611 1.61198e+06
612 1.61202e+06
613 1.61204e+06
614 1.6121e+06
615 1.61219e+06
616 1.61238e+06
617 1.61252e+06
618 1.61256e+06
619 1.61264e+06
620 1.61274e+06
621 1.61284e+06
622 1.61288e+06
623 1.61295e+06
624 1.61301e+06
625 1.61322e+06
626 1.61328e+06
627 1.61334e+06
628 1.61338e+06
629 1.61353e+06
630 1.61357e+06
631 1.61364e+06
632 1.61365e+06
633 1.61367e+06
634 1.61374e+06
635 1.61378e+06
636 1.61385e+06
637 1.61395e+06
638 1.61401e+06
639 1.61402e+06
640 1.61406e+06
641 1.61416e+06
642 1.61426e+06
643 1.6143e+06
644 1.61432e+06
645 1.61439e+06
646 1.61448e+06
647 1.61452e+06
648 1.61456e+06
649 1.61467e+06
650 1.61468e+06
651 1.61471e+06
652 1.61474e+06
653 1.61477e+06
654 1.61489e+06
655 1.61495e+06
656 1.61502e+06
657 1.61503e+06
658 1.6151e+06
659 1.61518e+06
660 1.61526e+06
661 1.61525e+06
662 1.61527e+06
663 1.61527e+06
664 1.61531e+06
665 1.61533e+06
666 1.61536e+06
667 1.61547e+06
668 1.61553e+06
669 1.61567e+06
670 1.61571e+06
671 1.61575e+06
672 1.61575e+06
673 1.61581e+06
674 1.61585e+06
675 1.61594e+06
676 1.61594e+06
677 1.61597e+06
678 1.61601e+06
679 1.61604e+06
680 1.61616e+06
681 1.6162e+06
682 1.61634e+06
683 1.61638e+06
684 1.61645e+06
685 1.61646e+06
686 1.61651e+06
687 1.61653e+06
688 1.61659e+06
689 1.61659e+06
690 1.61664e+06
691 1.61666e+06
692 1.61668e+06
693 1.61671e+06
694 1.61673e+06
695 1.61681e+06
696 1.61684e+06
697 1.61689e+06
698 1.61691e+06
699 1.61692e+06
700 1.61706e+06
701 1.61709e+06
702 1.61719e+06
703 1.61728e+06
704 1.61731e+06
705 1.61734e+06
706 1.61741e+06
707 1.61756e+06
708 1.61765e+06
709 1.6177e+06
710 1.61774e+06
711 1.61775e+06
712 1.61779e+06
713 1.61779e+06
714 1.61787e+06
715 1.6179e+06
716 1.61797e+06
717 1.61804e+06
718 1.61816e+06
719 1.61816e+06
720 1.61825e+06
721 1.61831e+06
722 1.61844e+06
723 1.61849e+06
724 1.61857e+06
725 1.61866e+06
726 1.6187e+06
727 1.61873e+06
728 1.61877e+06
729 1.61888e+06
730 1.61894e+06
731 1.61911e+06
732 1.61915e+06
733 1.61926e+06
734 1.61934e+06
735 1.6194e+06
736 1.61945e+06
737 1.61945e+06
738 1.61948e+06
739 1.61953e+06
740 1.61962e+06
741 1.61965e+06
742 1.61966e+06
743 1.61967e+06
744 1.61968e+06
745 1.61982e+06
746 1.61987e+06
747 1.61993e+06
748 1.61993e+06
749 1.62004e+06
750 1.62005e+06
751 1.62011e+06
752 1.62013e+06
753 1.62013e+06
754 1.62016e+06
755 1.62023e+06
756 1.62027e+06
757 1.62028e+06
758 1.62031e+06
759 1.6204e+06
760 1.6204e+06
761 1.62044e+06
762 1.62056e+06
763 1.62069e+06
764 1.62073e+06
765 1.62083e+06
766 1.62089e+06
767 1.62098e+06
768 1.62105e+06
769 1.62114e+06
770 1.62121e+06
771 1.62126e+06
772 1.62136e+06
773 1.62149e+06
774 1.62162e+06
775 1.62169e+06
776 1.62171e+06
777 1.62173e+06
778 1.62173e+06
779 1.62176e+06
780 1.62185e+06
781 1.62185e+06
782 1.62192e+06
783 1.62195e+06
784 1.62199e+06
785 1.62204e+06
786 1.62204e+06
787 1.62205e+06
788 1.62212e+06
789 1.6223e+06
790 1.62239e+06
791 1.62248e+06
792 1.62248e+06
793 1.62255e+06
794 1.62261e+06
795 1.62267e+06
796 1.62277e+06
797 1.62279e+06
798 1.62281e+06
799 1.62287e+06
800 1.62292e+06
801 1.62307e+06
802 1.62318e+06
803 1.62319e+06
804 1.62326e+06
805 1.62331e+06
806 1.62337e+06
807 1.62342e+06
808 1.62344e+06
809 1.62345e+06
810 1.62348e+06
811 1.6235e+06
812 1.62356e+06
813 1.62367e+06
814 1.62373e+06
815 1.62378e+06
816 1.62383e+06
817 1.62384e+06
818 1.62388e+06
819 1.6239e+06
820 1.62397e+06
821 1.62401e+06
822 1.62403e+06
823 1.62408e+06
824 1.62412e+06
825 1.62417e+06
826 1.62426e+06
827 1.62432e+06
828 1.62434e+06
829 1.62439e+06
830 1.62441e+06
831 1.62444e+06
832 1.62447e+06
833 1.62459e+06
834 1.62462e+06
835 1.62464e+06
836 1.62465e+06
837 1.62469e+06
838 1.62478e+06
839 1.6248e+06
840 1.62485e+06
841 1.62488e+06
842 1.62493e+06
843 1.62501e+06
844 1.62506e+06
845 1.62509e+06
846 1.62514e+06
847 1.62516e+06
848 1.6252e+06
849 1.6252e+06
850 1.62525e+06
851 1.62532e+06
852 1.62532e+06
853 1.62537e+06
854 1.62545e+06
855 1.6255e+06
856 1.62557e+06
857 1.62558e+06
858 1.62559e+06
859 1.62561e+06
860 1.6257e+06
861 1.62585e+06
862 1.62585e+06
863 1.62588e+06
864 1.62593e+06
865 1.62593e+06
866 1.62593e+06
867 1.62605e+06
868 1.62617e+06
869 1.6262e+06
870 1.62621e+06
871 1.62628e+06
872 1.6263e+06
873 1.62634e+06
874 1.6264e+06
875 1.62642e+06
876 1.62645e+06
877 1.6266e+06
878 1.62661e+06
879 1.62668e+06
880 1.62674e+06
881 1.62683e+06
882 1.62692e+06
883 1.62705e+06
884 1.62705e+06
885 1.62726e+06
886 1.62726e+06
887 1.62728e+06
888 1.62738e+06
889 1.62745e+06
890 1.62751e+06
891 1.62758e+06
892 1.62759e+06
893 1.62762e+06
894 1.62766e+06
895 1.6277e+06
896 1.62782e+06
897 1.62788e+06
898 1.62788e+06
899 1.62788e+06
900 1.62812e+06
901 1.62819e+06
902 1.62821e+06
903 1.62826e+06
904 1.6283e+06
905 1.62831e+06
906 1.62834e+06
907 1.62845e+06
908 1.62852e+06
909 1.62857e+06
910 1.62859e+06
911 1.62859e+06
912 1.62863e+06
913 1.62867e+06
914 1.62867e+06
915 1.62867e+06
916 1.62872e+06
917 1.62879e+06
918 1.62879e+06
919 1.62879e+06
920 1.62879e+06
921 1.62879e+06
922 1.62886e+06
923 1.62888e+06
924 1.62888e+06
925 1.629e+06
926 1.62921e+06
927 1.62923e+06
928 1.62928e+06
929 1.6293e+06
930 1.62944e+06
931 1.62949e+06
932 1.62957e+06
933 1.62957e+06
934 1.62964e+06
935 1.62971e+06
936 1.62976e+06
937 1.62982e+06
938 1.62983e+06
939 1.62986e+06
940 1.62988e+06
941 1.62989e+06
942 1.62998e+06
943 1.62998e+06
944 1.63003e+06
945 1.63007e+06
946 1.63013e+06
947 1.63014e+06
948 1.63022e+06
949 1.63027e+06
950 1.63031e+06
951 1.63035e+06
952 1.63043e+06
953 1.63043e+06
954 1.63055e+06
955 1.63067e+06
956 1.63067e+06
957 1.63078e+06
958 1.63083e+06
959 1.63086e+06
960 1.63086e+06
961 1.6309e+06
962 1.63091e+06
963 1.63094e+06
964 1.63097e+06
965 1.63097e+06
966 1.63097e+06
967 1.63097e+06
968 1.63101e+06
969 1.63108e+06
970 1.63109e+06
971 1.63114e+06
972 1.63114e+06
973 1.63117e+06
974 1.63125e+06
975 1.63144e+06
976 1.63146e+06
977 1.63146e+06
978 1.6315e+06
979 1.63151e+06
980 1.63151e+06
981 1.63158e+06
982 1.63159e+06
983 1.63162e+06
984 1.63165e+06
985 1.63168e+06
986 1.63172e+06
987 1.63182e+06
988 1.63184e+06
989 1.63196e+06
990 1.63198e+06
991 1.63204e+06
992 1.63204e+06
993 1.63211e+06
994 1.63215e+06
995 1.63219e+06
996 1.63227e+06
997 1.63231e+06
998 1.63237e+06
999 1.6324e+06
1000 1.6324e+06
