128 0.3 0.213
0 156776
1 1.56784e+06
2 1.56796e+06
3 1.56799e+06
4 1.56799e+06
5 1.56815e+06
6 1.56818e+06
7 1.5683e+06
8 1.56838e+06
9 1.56852e+06
10 1.56855e+06
11 1.56869e+06
12 1.56879e+06
13 1.56886e+06
14 1.56893e+06
15 1.56907e+06
16 1.56917e+06
17 1.56922e+06
18 1.5693e+06
19 1.56939e+06
20 1.56949e+06
21 1.56958e+06
22 1.56967e+06
23 1.56979e+06
24 1.56983e+06
25 1.56993e+06
26 1.57e+06
27 1.57009e+06
28 1.57012e+06
29 1.57021e+06
30 1.57027e+06
31 1.5703e+06
32 1.57039e+06
33 1.57047e+06
34 1.5707e+06
35 1.57076e+06
36 1.57081e+06
37 1.57089e+06
38 1.57105e+06
39 1.57116e+06
40 1.57131e+06
41 1.5714e+06
42 1.57154e+06
43 1.57169e+06
44 1.57178e+06
45 1.57185e+06
46 1.57188e+06
47 1.57195e+06
48 1.57199e+06
49 1.57208e+06
50 1.57214e+06
51 1.57221e+06
52 1.57223e+06
53 1.57241e+06
54 1.57252e+06
55 1.57269e+06
56 1.57275e+06
57 1.57278e+06
58 1.57283e+06
59 1.57296e+06
60 1.57305e+06
61 1.57322e+06
62 1.57324e+06
63 1.57326e+06
64 1.57342e+06
65 1.57346e+06
66 1.57356e+06
67 1.57364e+06
68 1.57379e+06
69 1.57388e+06
70 1.57392e+06
71 1.57399e+06
72 1.57406e+06
73 1.5741e+06
74 1.57419e+06
75 1.57435e+06
76 1.57444e+06
77 1.57456e+06
78 1.57469e+06
79 1.57481e+06
80 1.5749e+06
81 1.57503e+06
82 1.57522e+06
83 1.57526e+06
84 1.57538e+06
85 1.5754e+06
86 1.57551e+06
87 1.57559e+06
88 1.57564e+06
89 1.57571e+06
90 1.57588e+06
91 1.57596e+06
92 1.57598e+06
93 1.57602e+06
94 1.57618e+06
95 1.57619e+06
96 1.57627e+06
97 1.57633e+06
98 1.57638e+06
99 1.57641e+06
100 1.5765e+06
101 1.57668e+06
102 1.57678e+06
103 1.57686e+06
104 1.57699e+06
105 1.57699e+06
106 1.57711e+06
107 1.57716e+06
108 1.57722e+06
109 1.5773e+06
110 1.57733e+06
111 1.57736e+06
112 1.57741e+06
113 1.57745e+06
114 1.57752e+06
115 1.57765e+06
116 1.57776e+06
117 1.57792e+06
118 1.578e+06
119 1.57803e+06
120 1.5781e+06
121 1.57816e+06
122 1.57819e+06
123 1.57821e+06
124 1.57829e+06
125 1.57841e+06
126 1.57846e+06
127 1.57854e+06
128 1.57868e+06
129 1.57875e+06
130 1.57879e+06
131 1.57884e+06
132 1.57898e+06
133 1.57909e+06
134 1.5792e+06
135 1.57922e+06
136 1.57925e+06
137 1.57931e+06
138 1.57958e+06
139 1.57967e+06
140 1.57971e+06
141 1.57994e+06
142 1.58003e+06
143 1.58012e+06
144 1.58021e+06
145 1.58027e+06
146 1.58045e+06
147 1.58054e+06
148 1.58065e+06
149 1.58069e+06
150 1.58074e+06
151 1.58079e+06
152 1.58079e+06
153 1.58086e+06
154 1.58095e+06
155 1.58097e+06
156 1.58108e+06
157 1.58122e+06
158 1.58127e+06
159 1.58132e+06
160 1.5814e+06
161 1.5814e+06
162 1.58148e+06
163 1.58151e+06
164 1.58161e+06
165 1.58172e+06
166 1.58181e+06
167 1.58181e+06
168 1.58191e+06
169 1.58203e+06
170 1.58207e+06
171 1.58214e+06
172 1.58216e+06
173 1.58219e+06
174 1.5823e+06
175 1.5823e+06
176 1.58236e+06
177 1.58241e+06
178 1.58248e+06
179 1.58261e+06
180 1.5826e+06
181 1.58264e+06
182 1.58268e+06
183 1.58272e+06
184 1.58275e+06
185 1.58277e+06
186 1.58292e+06
187 1.58295e+06
188 1.58304e+06
189 1.58304e+06
190 1.58313e+06
191 1.58326e+06
192 1.58333e+06
193 1.58351e+06
194 1.58357e+06
195 1.58365e+06
196 1.58366e+06
197 1.58373e+06
198 1.58383e+06
199 1.58387e+06
200 1.58396e+06
201 1.58414e+06
202 1.5842e+06
203 1.58427e+06
204 1.58429e+06
205 1.58439e+06
206 1.58442e+06
207 1.58447e+06
208 1.58453e+06
209 1.58453e+06
210 1.58464e+06
211 1.58472e+06
212 1.58478e+06
213 1.58483e+06
214 1.58491e+06
215 1.58505e+06
216 1.58512e+06
217 1.58522e+06
218 1.5853e+06
219 1.5853e+06
220 1.58536e+06
221 1.5854e+06
222 1.5855e+06
223 1.5856e+06
224 1.58566e+06
225 1.58566e+06
226 1.5858e+06
227 1.58583e+06
228 1.58589e+06
229 1.58596e+06
230 1.586e+06
231 1.58614e+06
232 1.58626e+06
233 1.58633e+06
234 1.58638e+06
235 1.5865e+06
236 1.58658e+06
237 1.58664e+06
238 1.58666e+06
239 1.58675e+06
240 1.58681e+06
241 1.58693e+06
242 1.58705e+06
243 1.58711e+06
244 1.58721e+06
245 1.58732e+06
246 1.58738e+06
247 1.58741e+06
248 1.58754e+06
249 1.5876e+06
250 1.58765e+06
251 1.58769e+06
252 1.58776e+06
253 1.58782e+06
254 1.58787e+06
255 1.58799e+06
256 1.58816e+06
257 1.58821e+06
258 1.58823e+06
259 1.58832e+06
260 1.58842e+06
261 1.58852e+06
262 1.58868e+06
263 1.58875e+06
264 1.58878e+06
265 1.58891e+06
266 1.58905e+06
267 1.58909e+06
268 1.58911e+06
269 1.58916e+06
270 1.58918e+06
271 1.58924e+06
272 1.5893e+06
273 1.58936e+06
274 1.58948e+06
275 1.58954e+06
276 1.58956e+06
277 1.58969e+06
278 1.58978e+06
279 1.58988e+06
280 1.58993e+06
281 1.59004e+06
282 1.59012e+06
283 1.59027e+06
284 1.59037e+06
285 1.59051e+06
286 1.59058e+06
287 1.59067e+06
288 1.59074e+06
289 1.59084e+06
290 1.59087e+06
291 1.59088e+06
292 1.59102e+06
293 1.5911e+06
294 1.59116e+06
295 1.59118e+06
296 1.59124e+06
297 1.59128e+06
298 1.59133e+06
299 1.59137e+06
300 1.59148e+06
301 1.59151e+06
302 1.59151e+06
303 1.59151e+06
304 1.59158e+06
305 1.59162e+06
306 1.59163e+06
307 1.59181e+06
308 1.59191e+06
309 1.59199e+06
310 1.59202e+06
311 1.5922e+06
312 1.59234e+06
313 1.59242e+06
314 1.5925e+06
315 1.59255e+06
316 1.5926e+06
317 1.59264e+06
318 1.59276e+06
319 1.59276e+06
320 1.59288e+06
321 1.59289e+06
322 1.59295e+06
323 1.593e+06
324 1.59308e+06
325 1.59313e+06
326 1.59318e+06
327 1.59322e+06
328 1.59328e+06
329 1.59336e+06
330 1.59342e+06
331 1.59349e+06
332 1.59356e+06
333 1.59365e+06
334 1.59377e+06
335 1.59384e+06
336 1.59392e+06
337 1.59399e+06
338 1.594e+06
339 1.59408e+06
340 1.59418e+06
341 1.59419e+06
342 1.59422e+06
343 1.59434e+06
344 1.59444e+06
345 1.5945e+06
346 1.59453e+06
347 1.59458e+06
348 1.59468e+06
349 1.59473e+06
350 1.59477e+06
351 1.5948e+06
352 1.59486e+06
353 1.59493e+06
354 1.59498e+06
355 1.59514e+06
356 1.59518e+06
357 1.59525e+06
358 1.59528e+06
359 1.59538e+06
360 1.59544e+06
361 1.59549e+06
362 1.59553e+06
363 1.59556e+06
364 1.59561e+06
365 1.59569e+06
366 1.59572e+06
367 1.59584e+06
368 1.59586e+06
369 1.59588e+06
370 1.59591e+06
371 1.59601e+06
372 1.59618e+06
373 1.5962e+06
374 1.59641e+06
375 1.59639e+06
376 1.59641e+06
377 1.59651e+06
378 1.59656e+06
379 1.5966e+06
380 1.59664e+06
381 1.5967e+06
382 1.59676e+06
383 1.59679e+06
384 1.59691e+06
385 1.59696e+06
386 1.597e+06
387 1.5971e+06
388 1.59715e+06
389 1.59723e+06
390 1.59728e+06
391 1.59736e+06
392 1.59738e+06
393 1.59739e+06
394 1.5974e+06
395 1.59753e+06
396 1.59765e+06
397 1.59773e+06
398 1.5978e+06
399 1.59782e+06
400 1.59794e+06
401 1.59801e+06
402 1.59809e+06
403 1.59814e+06
404 1.59824e+06
405 1.59834e+06
406 1.59841e+06
407 1.59854e+06
408 1.59854e+06
409 1.59861e+06
410 1.5986e+06
411 1.59862e+06
412 1.59873e+06
413 1.59882e+06
414 1.5989e+06
415 1.59902e+06
416 1.5991e+06
417 1.5993e+06
418 1.59938e+06
419 1.59939e+06
420 1.59944e+06
421 1.59954e+06
422 1.59954e+06
423 1.59958e+06
424 1.59964e+06
425 1.59969e+06
426 1.59982e+06
427 1.59988e+06
428 1.5999e+06
429 1.6e+06
430 1.60004e+06
431 1.60007e+06
432 1.60014e+06
433 1.60018e+06
434 1.60024e+06
435 1.60027e+06
436 1.60044e+06
437 1.60047e+06
438 1.60047e+06
439 1.60061e+06
440 1.60062e+06
441 1.60081e+06
442 1.60084e+06
443 1.60092e+06
444 1.60096e+06
445 1.60104e+06
446 1.60106e+06
447 1.60116e+06
448 1.60116e+06
449 1.60121e+06
450 1.60129e+06
451 1.6013e+06
452 1.60132e+06
453 1.60142e+06
454 1.60145e+06
455 1.60153e+06
456 1.60156e+06
457 1.6016e+06
458 1.60164e+06
459 1.60175e+06
460 1.60182e+06
461 1.60192e+06
462 1.60195e+06
463 1.60202e+06
464 1.60203e+06
465 1.60208e+06
466 1.60212e+06
467 1.60222e+06
468 1.60226e+06
469 1.60236e+06
470 1.60245e+06
471 1.60251e+06
472 1.6025e+06
473 1.6025e+06
474 1.60251e+06
475 1.60252e+06
476 1.60256e+06
477 1.60268e+06
478 1.60277e+06
479 1.60289e+06
480 1.60297e+06
481 1.603e+06
482 1.60303e+06
483 1.6031e+06
484 1.60312e+06
485 1.60317e+06
486 1.60332e+06
487 1.60335e+06
488 1.60339e+06
489 1.6034e+06
490 1.60345e+06
491 1.60343e+06
492 1.60344e+06
493 1.60352e+06
494 1.60353e+06
495 1.60359e+06
496 1.60365e+06
497 1.60375e+06
498 1.60384e+06
499 1.60392e+06
500 1.60398e+06
501 1.60401e+06
502 1.60407e+06
503 1.60415e+06
504 1.60417e+06
505 1.60418e+06
506 1.6043e+06
507 1.60436e+06
508 1.60439e+06
509 1.60445e+06
510 1.60458e+06
511 1.60463e+06
512 1.60472e+06
513 1.60476e+06
514 1.60482e+06
515 1.60484e+06
516 1.60489e+06
517 1.60499e+06
518 1.60501e+06
519 1.60503e+06
520 1.60508e+06
521 1.60516e+06
522 1.6052e+06
523 1.60526e+06
524 1.60528e+06
525 1.60538e+06
526 1.60538e+06
527 1.60544e+06
528 1.60544e+06
529 1.60549e+06
530 1.60555e+06
531 1.60556e+06
532 1.60566e+06
533 1.60572e+06
534 1.60578e+06
535 1.60588e+06
536 1.60593e+06
537 1.60595e+06
538 1.60602e+06
539 1.60602e+06
540 1.60607e+06
541 1.60617e+06
542 1.60616e+06
543 1.60621e+06
544 1.60627e+06
545 1.60627e+06
546 1.60629e+06
547 1.60634e+06
548 1.60635e+06
549 1.60648e+06
550 1.6065e+06
551 1.60652e+06
552 1.60658e+06
553 1.60663e+06
554 1.60665e+06
555 1.6067e+06
556 1.60675e+06
557 1.60679e+06
558 1.60682e+06
559 1.60686e+06
560 1.60693e+06
561 1.60695e+06
562 1.60704e+06
563 1.60708e+06
564 1.60718e+06
565 1.6072e+06
566 1.60729e+06
567 1.60733e+06
568 1.60736e+06
569 1.60741e+06
570 1.60746e+06
571 1.60753e+06
572 1.60755e+06
573 1.60762e+06
574 1.60771e+06
575 1.60774e+06
576 1.60783e+06
577 1.60786e+06
578 1.60786e+06
579 1.60785e+06
580 1.6079e+06
581 1.60794e+06
582 1.60795e+06
583 1.60802e+06
584 1.60807e+06
585 1.60809e+06
586 1.60809e+06
587 1.60817e+06
588 1.60824e+06
589 1.60826e+06
590 1.60836e+06
591 1.60836e+06
592 1.60847e+06
593 1.60856e+06
594 1.60859e+06
595 1.60863e+06
596 1.6087e+06
597 1.60873e+06
598 1.60873e+06
599 1.60881e+06
600 1.60888e+06
601 1.60895e+06
602 1.60901e+06
603 1.60905e+06
604 1.60917e+06
605 1.60918e+06
606 1.60921e+06
607 1.6093e+06
608 1.60935e+06
609 1.60934e+06
610 1.60941e+06
611 1.60945e+06
612 1.6095e+06
613 1.60961e+06
614 1.60971e+06
615 1.60978e+06
616 1.6099e+06
617 1.60995e+06
618 1.61004e+06
619 1.6101e+06
620 1.61012e+06
621 1.61018e+06
622 1.61022e+06
623 1.6103e+06
624 1.61043e+06
625 1.61046e+06
626 1.61049e+06
627 1.61051e+06
628 1.61054e+06
629 1.61063e+06
630 1.61065e+06
631 1.61068e+06
632 1.6107e+06
633 1.61074e+06
634 1.61074e+06
635 1.6108e+06
636 1.61085e+06
637 1.6109e+06
638 1.61098e+06
639 1.61099e+06
640 1.61104e+06
641 1.61122e+06
642 1.61132e+06
643 1.61139e+06
644 1.61143e+06
645 1.61157e+06
646 1.61168e+06
647 1.61184e+06
648 1.6119e+06
649 1.61201e+06
650 1.61206e+06
651 1.61214e+06
652 1.61225e+06
653 1.61232e+06
654 1.61232e+06
655 1.61234e+06
656 1.61237e+06
657 1.61243e+06
658 1.61254e+06
659 1.61268e+06
660 1.61275e+06
661 1.6128e+06
662 1.61281e+06
663 1.61287e+06
664 1.6129e+06
665 1.61297e+06
666 1.61297e+06
667 1.61307e+06
668 1.61316e+06
669 1.61324e+06
670 1.61324e+06
671 1.61338e+06
672 1.61341e+06
673 1.61352e+06
674 1.61355e+06
675 1.61362e+06
676 1.61365e+06
677 1.61371e+06
678 1.61379e+06
679 1.61391e+06
680 1.61392e+06
681 1.61394e+06
682 1.61398e+06
683 1.61412e+06
684 1.61418e+06
685 1.61423e+06
686 1.61433e+06
687 1.61436e+06
688 1.6144e+06
689 1.61442e+06
690 1.61457e+06
691 1.61467e+06
692 1.61475e+06
693 1.6149e+06
694 1.61494e+06
695 1.615e+06
696 1.61508e+06
697 1.61512e+06
698 1.61513e+06
699 1.61515e+06
700 1.61524e+06
701 1.61527e+06
702 1.61534e+06
703 1.61545e+06
704 1.61547e+06
705 1.61557e+06
706 1.61559e+06
707 1.61561e+06
708 1.61566e+06
709 1.61566e+06
710 1.61566e+06
711 1.61574e+06
712 1.61577e+06
713 1.61577e+06
714 1.61581e+06
715 1.61587e+06
716 1.6159e+06
717 1.61595e+06
718 1.61616e+06
719 1.61616e+06
720 1.61636e+06
721 1.61637e+06
722 1.61639e+06
723 1.61642e+06
724 1.61652e+06
725 1.61658e+06
726 1.61664e+06
727 1.61671e+06
728 1.61672e+06
729 1.61677e+06
730 1.61681e+06
731 1.61688e+06
732 1.61689e+06
733 1.61692e+06
734 1.61697e+06
735 1.61704e+06
736 1.61712e+06
737 1.61715e+06
738 1.61718e+06
739 1.61721e+06
740 1.61723e+06
741 1.61729e+06
742 1.61731e+06
743 1.61732e+06
744 1.61742e+06
745 1.61742e+06
746 1.61742e+06
747 1.61751e+06
748 1.6176e+06
749 1.6177e+06
750 1.61782e+06
751 1.6179e+06
752 1.61794e+06
753 1.61799e+06
754 1.61798e+06
755 1.61804e+06
756 1.61807e+06
757 1.61808e+06
758 1.61821e+06
759 1.61829e+06
760 1.61835e+06
761 1.61847e+06
762 1.61856e+06
763 1.61858e+06
764 1.61862e+06
765 1.61862e+06
766 1.61862e+06
767 1.61871e+06
768 1.61874e+06
769 1.61884e+06
770 1.61885e+06
771 1.61892e+06
772 1.61893e+06
773 1.619e+06
774 1.61907e+06
775 1.61911e+06
776 1.61912e+06
777 1.61918e+06
778 1.61931e+06
779 1.6195e+06
780 1.6195e+06
781 1.61963e+06
782 1.61965e+06
783 1.61966e+06
784 1.61974e+06
785 1.61985e+06
786 1.6199e+06
787 1.61996e+06
788 1.61998e+06
789 1.62e+06
790 1.62011e+06
791 1.62014e+06
792 1.62021e+06
793 1.62021e+06
794 1.62021e+06
795 1.62024e+06
796 1.62029e+06
797 1.62037e+06
798 1.62047e+06
799 1.62052e+06
800 1.62059e+06
801 1.6207e+06
802 1.62074e+06
803 1.62081e+06
804 1.62086e+06
805 1.62091e+06
806 1.62093e+06
807 1.62103e+06
808 1.62107e+06
809 1.62105e+06
810 1.62108e+06
811 1.62114e+06
812 1.62121e+06
813 1.62128e+06
814 1.6213e+06
815 1.62136e+06
816 1.6214e+06
817 1.62145e+06
818 1.62147e+06
819 1.62148e+06
820 1.62148e+06
821 1.62149e+06
822 1.62155e+06
823 1.62156e+06
824 1.62163e+06
825 1.62178e+06
826 1.6218e+06
827 1.62183e+06
828 1.62194e+06
829 1.62199e+06
830 1.622e+06
831 1.62202e+06
832 1.62207e+06
833 1.62217e+06
834 1.62225e+06
835 1.62234e+06
836 1.62239e+06
837 1.62246e+06
838 1.62253e+06
839 1.62255e+06
840 1.62268e+06
841 1.62274e+06
842 1.62274e+06
843 1.62286e+06
844 1.62298e+06
845 1.62301e+06
846 1.62303e+06
847 1.62306e+06
848 1.62312e+06
849 1.62312e+06
850 1.62313e+06
851 1.62318e+06
852 1.62325e+06
853 1.62332e+06
854 1.62341e+06
855 1.62341e+06
856 1.62349e+06
857 1.62351e+06
858 1.62356e+06
859 1.62358e+06
860 1.6236e+06
861 1.62365e+06
862 1.62375e+06
863 1.62383e+06
864 1.6239e+06
865 1.62394e+06
866 1.62403e+06
867 1.62405e+06
868 1.62412e+06
869 1.62414e+06
870 1.62415e+06
871 1.62416e+06
872 1.62423e+06
873 1.62428e+06
874 1.62431e+06
875 1.6244e+06
876 1.62457e+06
877 1.6246e+06
878 1.62469e+06
879 1.62469e+06
880 1.62472e+06
881 1.62478e+06
882 1.62481e+06
883 1.62483e+06
884 1.62489e+06
885 1.62491e+06
886 1.62492e+06
887 1.62492e+06
888 1.62504e+06
889 1.62507e+06
890 1.62515e+06
891 1.62518e+06
892 1.62525e+06
893 1.62525e+06
894 1.62534e+06
895 1.6254e+06
896 1.6254e+06
897 1.62541e+06
898 1.62547e+06
899 1.62558e+06
900 1.62569e+06
901 1.62569e+06
902 1.62574e+06
903 1.62576e+06
904 1.62579e+06
905 1.62586e+06
906 1.62588e+06
907 1.62592e+06
908 1.62592e+06
909 1.62594e+06
910 1.62598e+06
911 1.62605e+06
912 1.62604e+06
913 1.62609e+06
914 1.62612e+06
915 1.62616e+06
916 1.62618e+06
917 1.62629e+06
918 1.62629e+06
919 1.62632e+06
920 1.62636e+06
921 1.62638e+06
922 1.62651e+06
923 1.62652e+06
924 1.62658e+06
925 1.62667e+06
926 1.62669e+06
927 1.62676e+06
928 1.62689e+06
929 1.62694e+06
930 1.627e+06
931 1.62705e+06
932 1.62709e+06
933 1.6271e+06
934 1.62714e+06
935 1.62715e+06
936 1.62724e+06
937 1.62724e+06
938 1.6273e+06
939 1.62736e+06
940 1.62742e+06
941 1.62747e+06
942 1.62756e+06
943 1.62761e+06
944 1.62769e+06
945 1.62779e+06
946 1.62784e+06
947 1.62787e+06
948 1.62795e+06
949 1.62801e+06
950 1.62803e+06
951 1.62808e+06
952 1.6281e+06
953 1.62819e+06
954 1.62823e+06
955 1.6283e+06
956 1.62834e+06
957 1.62838e+06
958 1.6284e+06
959 1.62841e+06
960 1.62844e+06
961 1.62856e+06
962 1.62863e+06
963 1.62874e+06
964 1.62878e+06
965 1.62877e+06
966 1.62878e+06
967 1.62882e+06
968 1.62888e+06
969 1.62888e+06
970 1.62892e+06
971 1.62896e+06
972 1.629e+06
973 1.62899e+06
974 1.62917e+06
975 1.62917e+06
976 1.62918e+06
977 1.6292e+06
978 1.62936e+06
979 1.62941e+06
980 1.62949e+06
981 1.62957e+06
982 1.62974e+06
983 1.62974e+06
984 1.6298e+06
985 1.62984e+06
986 1.6299e+06
987 1.62996e+06
988 1.63003e+06
989 1.63008e+06
990 1.63018e+06
991 1.63023e+06
992 1.63028e+06
993 1.6303e+06
994 1.6304e+06
995 1.63052e+06
996 1.63055e+06
997 1.63066e+06
998 1.6307e+06
999 1.63074e+06
1000 1.63078e+06
