128 0.3 0.27
0 156776
1 1.56782e+06
2 1.56796e+06
3 1.56797e+06
4 1.56798e+06
5 1.56809e+06
6 1.56813e+06
7 1.56822e+06
8 1.56827e+06
9 1.56837e+06
10 1.56842e+06
11 1.56858e+06
12 1.56867e+06
13 1.56873e+06
14 1.56884e+06
15 1.56896e+06
16 1.5691e+06
17 1.56914e+06
18 1.56922e+06
19 1.56934e+06
20 1.5694e+06
21 1.56953e+06
22 1.56966e+06
23 1.5698e+06
24 1.56986e+06
25 1.57e+06
26 1.57004e+06
27 1.57012e+06
28 1.57019e+06
29 1.57027e+06
30 1.57033e+06
31 1.57036e+06
32 1.57042e+06
33 1.57048e+06
34 1.57061e+06
35 1.57067e+06
36 1.57077e+06
37 1.57086e+06
38 1.57104e+06
39 1.57118e+06
40 1.57128e+06
41 1.57131e+06
42 1.57146e+06
43 1.57153e+06
44 1.57166e+06
45 1.57169e+06
46 1.57174e+06
47 1.57179e+06
48 1.57187e+06
49 1.57195e+06
50 1.572e+06
51 1.57213e+06
52 1.57215e+06
53 1.5723e+06
54 1.57242e+06
55 1.57247e+06
56 1.57253e+06
57 1.57258e+06
58 1.57266e+06
59 1.57278e+06
60 1.57284e+06
61 1.57309e+06
62 1.57316e+06
63 1.5732e+06
64 1.57328e+06
65 1.57335e+06
66 1.57346e+06
67 1.57355e+06
68 1.5736e+06
69 1.57368e+06
70 1.57376e+06
71 1.57379e+06
72 1.57383e+06
73 1.57385e+06
74 1.57397e+06
75 1.57413e+06
76 1.57418e+06
77 1.57425e+06
78 1.5743e+06
79 1.57437e+06
80 1.5745e+06
81 1.57459e+06
82 1.57468e+06
83 1.57475e+06
84 1.57488e+06
85 1.57499e+06
86 1.57503e+06
87 1.5751e+06
88 1.57516e+06
89 1.57522e+06
90 1.57531e+06
91 1.57534e+06
92 1.57536e+06
93 1.57547e+06
94 1.57554e+06
95 1.5756e+06
96 1.57575e+06
97 1.57584e+06
98 1.57592e+06
99 1.57599e+06
100 1.57607e+06
101 1.57625e+06
102 1.57646e+06
103 1.57646e+06
104 1.57651e+06
105 1.57659e+06
106 1.57677e+06
107 1.57686e+06
108 1.5769e+06
109 1.57696e+06
110 1.57697e+06
111 1.57699e+06
112 1.57703e+06
113 1.57705e+06
114 1.57712e+06
115 1.57722e+06
116 1.57729e+06
117 1.57743e+06
118 1.57746e+06
119 1.57755e+06
120 1.57757e+06
121 1.5776e+06
122 1.57768e+06
123 1.57772e+06
124 1.57783e+06
125 1.57786e+06
126 1.57799e+06
127 1.57823e+06
128 1.57837e+06
129 1.57843e+06
130 1.57852e+06
131 1.5786e+06
132 1.57862e+06
133 1.57869e+06
134 1.57887e+06
135 1.57897e+06
136 1.57907e+06
137 1.57917e+06
138 1.57928e+06
139 1.57933e+06
140 1.57942e+06
141 1.57959e+06
142 1.5797e+06
143 1.57979e+06
144 1.57987e+06
145 1.58002e+06
146 1.58012e+06
147 1.58017e+06
148 1.58031e+06
149 1.58037e+06
150 1.58053e+06
151 1.58057e+06
152 1.5807e+06
153 1.58082e+06
154 1.58092e+06
155 1.58108e+06
156 1.5812e+06
157 1.58125e+06
158 1.58133e+06
159 1.58139e+06
160 1.58145e+06
161 1.5815e+06
162 1.5816e+06
163 1.5817e+06
164 1.58177e+06
165 1.58188e+06
166 1.58198e+06
167 1.58201e+06
168 1.58211e+06
169 1.58211e+06
170 1.58213e+06
171 1.5822e+06
172 1.5822e+06
173 1.58222e+06
174 1.58235e+06
175 1.58238e+06
176 1.5824e+06
177 1.58246e+06
178 1.58246e+06
179 1.58253e+06
180 1.58256e+06
181 1.58258e+06
182 1.58263e+06
183 1.58266e+06
184 1.58273e+06
185 1.58277e+06
186 1.58294e+06
187 1.58307e+06
188 1.5831e+06
189 1.58317e+06
190 1.58323e+06
191 1.58329e+06
192 1.58336e+06
193 1.58354e+06
194 1.58358e+06
195 1.58365e+06
196 1.58377e+06
197 1.58386e+06
198 1.58398e+06
199 1.58409e+06
200 1.58411e+06
201 1.58415e+06
202 1.58425e+06
203 1.58432e+06
204 1.58435e+06
205 1.58437e+06
206 1.58443e+06
207 1.58448e+06
208 1.58463e+06
209 1.58471e+06
210 1.58471e+06
211 1.58488e+06
212 1.58493e+06
213 1.58505e+06
214 1.5851e+06
215 1.58516e+06
216 1.58526e+06
217 1.58531e+06
218 1.58542e+06
219 1.58548e+06
220 1.58553e+06
221 1.58562e+06
222 1.5857e+06
223 1.58574e+06
224 1.58578e+06
225 1.58583e+06
226 1.58593e+06
227 1.58612e+06
228 1.58619e+06
229 1.58623e+06
230 1.58626e+06
231 1.58633e+06
232 1.58638e+06
233 1.58641e+06
234 1.58646e+06
235 1.58649e+06
236 1.58653e+06
237 1.58663e+06
238 1.58679e+06
239 1.58688e+06
240 1.58695e+06
241 1.58702e+06
242 1.58714e+06
243 1.5872e+06
244 1.58724e+06
245 1.58731e+06
246 1.5874e+06
247 1.58745e+06
248 1.58754e+06
249 1.58754e+06
250 1.58764e+06
251 1.58776e+06
252 1.5878e+06
253 1.58782e+06
254 1.58786e+06
255 1.58798e+06
256 1.58813e+06
257 1.58816e+06
258 1.58828e+06
259 1.58833e+06
260 1.58836e+06
261 1.58842e+06
262 1.58853e+06
263 1.58862e+06
264 1.58869e+06
265 1.5888e+06
266 1.58885e+06
267 1.58888e+06
268 1.58897e+06
269 1.58905e+06
270 1.58911e+06
271 1.58921e+06
272 1.58922e+06
273 1.58929e+06
274 1.58938e+06
275 1.58944e+06
276 1.58957e+06
277 1.58969e+06
278 1.58984e+06
279 1.58993e+06
280 1.58998e+06
281 1.59004e+06
282 1.59012e+06
283 1.59019e+06
284 1.59023e+06
285 1.59035e+06
286 1.59038e+06
287 1.59041e+06
288 1.59044e+06
289 1.59047e+06
290 1.59049e+06
291 1.59053e+06
292 1.59056e+06
293 1.59058e+06
294 1.59067e+06
295 1.59074e+06
296 1.5908e+06
297 1.59083e+06
298 1.59092e+06
299 1.59095e+06
300 1.591e+06
301 1.59111e+06
302 1.59119e+06
303 1.5913e+06
304 1.59143e+06
305 1.59146e+06
306 1.59146e+06
307 1.59156e+06
308 1.59165e+06
309 1.59172e+06
310 1.59176e+06
311 1.59179e+06
312 1.59185e+06
313 1.59197e+06
314 1.59204e+06
315 1.59206e+06
316 1.59213e+06
317 1.59216e+06
318 1.59218e+06
319 1.59225e+06
320 1.59236e+06
321 1.5924e+06
322 1.59248e+06
323 1.59253e+06
324 1.59255e+06
325 1.59259e+06
326 1.59264e+06
327 1.59275e+06
328 1.59286e+06
329 1.59292e+06
330 1.593e+06
331 1.59314e+06
332 1.59318e+06
333 1.5932e+06
334 1.59328e+06
335 1.5933e+06
336 1.59335e+06
337 1.59337e+06
338 1.59344e+06
339 1.59353e+06
340 1.59358e+06
341 1.59366e+06
342 1.59375e+06
343 1.59389e+06
344 1.5939e+06
345 1.59399e+06
346 1.59401e+06
347 1.59409e+06
348 1.59417e+06
349 1.59422e+06
350 1.59433e+06
351 1.59436e+06
352 1.59442e+06
353 1.59443e+06
354 1.59446e+06
355 1.5945e+06
356 1.59455e+06
357 1.5947e+06
358 1.59478e+06
359 1.59481e+06
360 1.59488e+06
361 1.59489e+06
362 1.59494e+06
363 1.59513e+06
364 1.59516e+06
365 1.59519e+06
366 1.59526e+06
367 1.59537e+06
368 1.59548e+06
369 1.59557e+06
370 1.5956e+06
371 1.59571e+06
372 1.59572e+06
373 1.59581e+06
374 1.59595e+06
375 1.59602e+06
376 1.59602e+06
377 1.59608e+06
378 1.59618e+06
379 1.5963e+06
380 1.59634e+06
381 1.59649e+06
382 1.59652e+06
383 1.59662e+06
384 1.59671e+06
385 1.59676e+06
386 1.59681e+06
387 1.59684e+06
388 1.59683e+06
389 1.59687e+06
390 1.59693e+06
391 1.59696e+06
392 1.59703e+06
393 1.5971e+06
394 1.5972e+06
395 1.59727e+06
396 1.59734e+06
397 1.59744e+06
398 1.59758e+06
399 1.59771e+06
400 1.59776e+06
401 1.59784e+06
402 1.59792e+06
403 1.59801e+06
404 1.59807e+06
405 1.5981e+06
406 1.59821e+06
407 1.59823e+06
408 1.59836e+06
409 1.59844e+06
410 1.59855e+06
411 1.59856e+06
412 1.59861e+06
413 1.59868e+06
414 1.59876e+06
415 1.59884e+06
416 1.59888e+06
417 1.59892e+06
418 1.59896e+06
419 1.59898e+06
420 1.59904e+06
421 1.59904e+06
422 1.59908e+06
423 1.59916e+06
424 1.59921e+06
425 1.59929e+06
426 1.59932e+06
427 1.59934e+06
428 1.5994e+06
429 1.59945e+06
430 1.59947e+06
431 1.59957e+06
432 1.59973e+06
433 1.59976e+06
434 1.59987e+06
435 1.59995e+06
436 1.60001e+06
437 1.60007e+06
438 1.60011e+06
439 1.60021e+06
440 1.60024e+06
441 1.60029e+06
442 1.60031e+06
443 1.60037e+06
444 1.60051e+06
445 1.60058e+06
446 1.60062e+06
447 1.60073e+06
448 1.60086e+06
449 1.60085e+06
450 1.60096e+06
451 1.60101e+06
452 1.60104e+06
453 1.60116e+06
454 1.60124e+06
455 1.60137e+06
456 1.6014e+06
457 1.60144e+06
458 1.60146e+06
459 1.60151e+06
460 1.60155e+06
461 1.6016e+06
462 1.60166e+06
463 1.60169e+06
464 1.60175e+06
465 1.60186e+06
466 1.60198e+06
467 1.60204e+06
468 1.60213e+06
469 1.60221e+06
470 1.60224e+06
471 1.60226e+06
472 1.60232e+06
473 1.60238e+06
474 1.6025e+06
475 1.60266e+06
476 1.60266e+06
477 1.60276e+06
478 1.60286e+06
479 1.60293e+06
480 1.60296e+06
481 1.6031e+06
482 1.60324e+06
483 1.60334e+06
484 1.60336e+06
485 1.60347e+06
486 1.60353e+06
487 1.60358e+06
488 1.60369e+06
489 1.60371e+06
490 1.60377e+06
491 1.60385e+06
492 1.60396e+06
493 1.60398e+06
494 1.60402e+06
495 1.60408e+06
496 1.60414e+06
497 1.60419e+06
498 1.60419e+06
499 1.60423e+06
500 1.60427e+06
501 1.60432e+06
502 1.60437e+06
503 1.60446e+06
504 1.60454e+06
505 1.6046e+06
506 1.60466e+06
507 1.6047e+06
508 1.60478e+06
509 1.60488e+06
510 1.60489e+06
511 1.60491e+06
512 1.60494e+06
513 1.60496e+06
514 1.60507e+06
515 1.60515e+06
516 1.60518e+06
517 1.60522e+06
518 1.60527e+06
519 1.6053e+06
520 1.60538e+06
521 1.6054e+06
522 1.60545e+06
523 1.60553e+06
524 1.60558e+06
525 1.60559e+06
526 1.60561e+06
527 1.60568e+06
528 1.60587e+06
529 1.60592e+06
530 1.60595e+06
531 1.60605e+06
532 1.60612e+06
533 1.60615e+06
534 1.60629e+06
535 1.60636e+06
536 1.60653e+06
537 1.60653e+06
538 1.60655e+06
539 1.60669e+06
540 1.60673e+06
541 1.60681e+06
542 1.60695e+06
543 1.60695e+06
544 1.60697e+06
545 1.60697e+06
546 1.60701e+06
547 1.60704e+06
548 1.60708e+06
549 1.6072e+06
550 1.60721e+06
551 1.60727e+06
552 1.60734e+06
553 1.6074e+06
554 1.60745e+06
555 1.60747e+06
556 1.60757e+06
557 1.60765e+06
558 1.60774e+06
559 1.60781e+06
560 1.60787e+06
561 1.60794e+06
562 1.60794e+06
563 1.60797e+06
564 1.60802e+06
565 1.60804e+06
566 1.60808e+06
567 1.60814e+06
568 1.60822e+06
569 1.60832e+06
570 1.60849e+06
571 1.60854e+06
572 1.60857e+06
573 1.60859e+06
574 1.60858e+06
575 1.60865e+06
576 1.60868e+06
577 1.60869e+06
578 1.60877e+06
579 1.60889e+06
580 1.6089e+06
581 1.60889e+06
582 1.60893e+06
583 1.60895e+06
584 1.60895e+06
585 1.60895e+06
586 1.60902e+06
587 1.60904e+06
588 1.60911e+06
589 1.60917e+06
590 1.60925e+06
591 1.6093e+06
592 1.60937e+06
593 1.60945e+06
594 1.60952e+06
595 1.60961e+06
596 1.60972e+06
597 1.60979e+06
598 1.60984e+06
599 1.60986e+06
600 1.60989e+06
601 1.60997e+06
602 1.60997e+06
603 1.61002e+06
604 1.61009e+06
605 1.6101e+06
606 1.6102e+06
607 1.61034e+06
608 1.61044e+06
609 1.61052e+06
610 1.61059e+06
611 1.61065e+06
612 1.61079e+06
613 1.61079e+06
614 1.6109e+06
615 1.61091e+06
616 1.61101e+06
617 1.61104e+06
618 1.61116e+06
619 1.61118e+06
620 1.61118e+06
621 1.61123e+06
622 1.61134e+06
623 1.61144e+06
624 1.6115e+06
625 1.61156e+06
626 1.6116e+06
627 1.61166e+06
628 1.61173e+06
629 1.61186e+06
630 1.61189e+06
631 1.61191e+06
632 1.61196e+06
633 1.61204e+06
634 1.61207e+06
635 1.61216e+06
636 1.61218e+06
637 1.61226e+06
638 1.61233e+06
639 1.6124e+06
640 1.61252e+06
641 1.61253e+06
642 1.6126e+06
643 1.61264e+06
644 1.61273e+06
645 1.61273e+06
646 1.6128e+06
647 1.61284e+06
648 1.61295e+06
649 1.61303e+06
650 1.61314e+06
651 1.61318e+06
652 1.61323e+06
653 1.61326e+06
654 1.61332e+06
655 1.61337e+06
656 1.61351e+06
657 1.61357e+06
658 1.6136e+06
659 1.61368e+06
660 1.61375e+06
661 1.61377e+06
662 1.61376e+06
663 1.61386e+06
664 1.61389e+06
665 1.61396e+06
666 1.61405e+06
667 1.61413e+06
668 1.61418e+06
669 1.61419e+06
670 1.61424e+06
671 1.6143e+06
672 1.6144e+06
673 1.61445e+06
674 1.61448e+06
675 1.61449e+06
676 1.6145e+06
677 1.61458e+06
678 1.6147e+06
679 1.61477e+06
680 1.61488e+06
681 1.61493e+06
682 1.61492e+06
683 1.61495e+06
684 1.615e+06
685 1.61512e+06
686 1.61514e+06
687 1.61518e+06
688 1.61523e+06
689 1.61526e+06
690 1.61532e+06
691 1.61542e+06
692 1.61543e+06
693 1.61544e+06
694 1.61559e+06
695 1.61565e+06
696 1.61568e+06
697 1.61571e+06
698 1.61571e+06
699 1.61574e+06
700 1.61585e+06
701 1.61593e+06
702 1.61603e+06
703 1.61611e+06
704 1.61612e+06
705 1.61613e+06
706 1.61622e+06
707 1.61625e+06
708 1.61628e+06
709 1.61629e+06
710 1.61632e+06
711 1.61634e+06
712 1.61641e+06
713 1.61651e+06
714 1.61656e+06
715 1.6167e+06
716 1.61675e+06
717 1.61681e+06
718 1.61698e+06
719 1.61704e+06
720 1.61705e+06
721 1.61717e+06
722 1.61721e+06
723 1.61723e+06
724 1.6173e+06
725 1.61739e+06
726 1.61751e+06
727 1.61756e+06
728 1.61758e+06
729 1.61774e+06
730 1.61781e+06
731 1.61784e+06
732 1.61784e+06
733 1.61786e+06
734 1.61793e+06
735 1.61806e+06
736 1.61813e+06
737 1.61817e+06
738 1.61817e+06
739 1.61829e+06
740 1.6183e+06
741 1.61836e+06
742 1.61841e+06
743 1.61845e+06
744 1.61851e+06
745 1.61859e+06
746 1.61868e+06
747 1.61875e+06
748 1.61882e+06
749 1.61888e+06
750 1.61891e+06
751 1.61893e+06
752 1.61897e+06
753 1.61901e+06
754 1.61916e+06
755 1.61921e+06
756 1.61922e+06
757 1.61924e+06
758 1.61943e+06
759 1.61949e+06
760 1.61954e+06
761 1.61961e+06
762 1.61966e+06
763 1.6197e+06
764 1.61978e+06
765 1.61993e+06
766 1.62004e+06
767 1.62007e+06
768 1.62018e+06
769 1.62025e+06
770 1.62034e+06
771 1.62038e+06
772 1.62043e+06
773 1.62045e+06
774 1.62046e+06
775 1.62048e+06
776 1.62049e+06
777 1.62052e+06
778 1.62058e+06
779 1.62062e+06
780 1.62073e+06
781 1.62078e+06
782 1.62079e+06
783 1.62092e+06
784 1.62099e+06
785 1.6211e+06
786 1.6211e+06
787 1.62116e+06
788 1.62128e+06
789 1.62135e+06
790 1.62142e+06
791 1.62148e+06
792 1.62161e+06
793 1.62167e+06
794 1.62178e+06
795 1.6218e+06
796 1.62182e+06
797 1.62187e+06
798 1.62196e+06
799 1.62202e+06
800 1.62206e+06
801 1.62214e+06
802 1.6222e+06
803 1.62222e+06
804 1.62233e+06
805 1.62235e+06
806 1.62238e+06
807 1.62239e+06
808 1.62246e+06
809 1.6226e+06
810 1.6227e+06
811 1.62274e+06
812 1.62276e+06
813 1.6228e+06
814 1.62283e+06
815 1.62293e+06
816 1.62302e+06
817 1.62305e+06
818 1.62314e+06
819 1.62319e+06
820 1.62321e+06
821 1.62324e+06
822 1.62331e+06
823 1.62331e+06
824 1.62334e+06
825 1.62338e+06
826 1.62346e+06
827 1.62348e+06
828 1.62352e+06
829 1.62357e+06
830 1.62358e+06
831 1.62368e+06
832 1.62374e+06
833 1.62382e+06
834 1.62382e+06
835 1.62396e+06
836 1.62413e+06
837 1.6242e+06
838 1.62425e+06
839 1.62432e+06
840 1.62435e+06
841 1.62442e+06
842 1.62442e+06
843 1.62442e+06
844 1.62453e+06
845 1.62456e+06
846 1.62461e+06
847 1.62464e+06
848 1.62467e+06
849 1.62487e+06
850 1.62499e+06
851 1.62503e+06
852 1.6251e+06
853 1.62515e+06
854 1.62518e+06
855 1.62519e+06
856 1.62519e+06
857 1.62522e+06
858 1.62528e+06
859 1.62539e+06
860 1.62549e+06
861 1.62555e+06
862 1.62558e+06
863 1.62564e+06
864 1.62563e+06
865 1.62568e+06
866 1.62575e+06
867 1.62578e+06
868 1.62582e+06
869 1.62582e+06
870 1.62582e+06
871 1.62591e+06
872 1.62598e+06
873 1.62605e+06
874 1.62608e+06
875 1.62616e+06
876 1.62623e+06
877 1.62636e+06
878 1.62646e+06
879 1.62645e+06
880 1.62651e+06
881 1.62652e+06
882 1.62656e+06
883 1.6266e+06
884 1.62667e+06
885 1.62671e+06
886 1.62676e+06
887 1.62685e+06
888 1.62693e+06
889 1.62696e+06
890 1.62696e+06
891 1.627e+06
892 1.62704e+06
893 1.62711e+06
894 1.62714e+06
895 1.6272e+06
896 1.62734e+06
897 1.6274e+06
898 1.6274e+06
899 1.62746e+06
900 1.62749e+06
901 1.62761e+06
902 1.62764e+06
903 1.62769e+06
904 1.62776e+06
905 1.62779e+06
906 1.62784e+06
907 1.62791e+06
908 1.62793e+06
909 1.62803e+06
910 1.62808e+06
911 1.62814e+06
912 1.62819e+06
913 1.62823e+06
914 1.62834e+06
915 1.62838e+06
916 1.6285e+06
917 1.62856e+06
918 1.62858e+06
919 1.62861e+06
920 1.62861e+06
921 1.62873e+06
922 1.62876e+06
923 1.6288e+06
924 1.62884e+06
925 1.62887e+06
926 1.62891e+06
927 1.62896e+06
928 1.62896e+06
929 1.629e+06
930 1.62906e+06
931 1.62909e+06
932 1.62914e+06
933 1.62914e+06
934 1.62921e+06
935 1.62925e+06
936 1.62952e+06
937 1.62956e+06
938 1.62958e+06
939 1.62966e+06
940 1.62965e+06
941 1.6297e+06
942 1.62975e+06
943 1.62986e+06
944 1.62988e+06
945 1.63001e+06
946 1.63006e+06
947 1.63016e+06
948 1.63018e+06
949 1.63019e+06
950 1.63029e+06
951 1.63036e+06
952 1.63052e+06
953 1.63054e+06
954 1.63056e+06
955 1.63069e+06
956 1.63074e+06
957 1.63076e+06
958 1.63076e+06
959 1.63088e+06
960 1.63095e+06
961 1.63103e+06
962 1.63106e+06
963 1.63117e+06
964 1.6312e+06
965 1.63126e+06
966 1.63127e+06
967 1.63132e+06
968 1.63136e+06
969 1.63142e+06
970 1.63146e+06
971 1.63147e+06
972 1.6315e+06
973 1.63161e+06
974 1.63169e+06
975 1.63174e+06
976 1.63179e+06
977 1.63182e+06
978 1.63191e+06
979 1.63192e+06
980 1.63203e+06
981 1.63202e+06
982 1.63206e+06
983 1.63209e+06
984 1.63214e+06
985 1.63221e+06
986 1.63229e+06
987 1.63234e+06
988 1.63237e+06
989 1.6325e+06
990 1.63255e+06
991 1.63262e+06
992 1.63268e+06
993 1.63277e+06
994 1.63282e+06
995 1.63282e+06
996 1.6329e+06
997 1.63299e+06
998 1.63303e+06
999 1.63306e+06
1000 1.6331e+06
