128 0.3 0.432
0 156776
1 1.56778e+06
2 1.56787e+06
3 1.56791e+06
4 1.56797e+06
5 1.568e+06
6 1.56805e+06
7 1.56816e+06
8 1.56824e+06
9 1.56835e+06
10 1.56855e+06
11 1.56865e+06
12 1.56879e+06
13 1.56881e+06
14 1.56882e+06
15 1.56895e+06
16 1.56901e+06
17 1.56901e+06
18 1.56907e+06
19 1.56913e+06
20 1.56918e+06
21 1.56929e+06
22 1.56937e+06
23 1.56943e+06
24 1.5695e+06
25 1.56966e+06
26 1.56975e+06
27 1.56986e+06
28 1.56996e+06
29 1.56997e+06
30 1.57019e+06
31 1.5703e+06
32 1.57042e+06
33 1.57052e+06
34 1.57064e+06
35 1.57064e+06
36 1.5707e+06
37 1.57073e+06
38 1.57079e+06
39 1.57096e+06
40 1.57103e+06
41 1.57119e+06
42 1.57124e+06
43 1.57136e+06
44 1.57142e+06
45 1.57157e+06
46 1.5717e+06
47 1.57183e+06
48 1.57196e+06
49 1.57205e+06
50 1.57208e+06
51 1.57216e+06
52 1.57228e+06
53 1.57233e+06
54 1.57241e+06
55 1.57247e+06
56 1.57251e+06
57 1.57263e+06
58 1.57275e+06
59 1.57291e+06
60 1.57302e+06
61 1.57314e+06
62 1.57321e+06
63 1.57329e+06
64 1.57337e+06
65 1.57359e+06
66 1.57366e+06
67 1.57384e+06
68 1.57395e+06
69 1.57397e+06
70 1.57406e+06
71 1.57421e+06
72 1.57434e+06
73 1.57436e+06
74 1.57455e+06
75 1.57463e+06
76 1.57467e+06
77 1.57472e+06
78 1.57482e+06
79 1.57485e+06
80 1.57496e+06
81 1.57504e+06
82 1.57512e+06
83 1.57516e+06
84 1.57525e+06
85 1.57537e+06
86 1.57549e+06
87 1.57561e+06
88 1.57568e+06
89 1.57574e+06
90 1.57578e+06
91 1.57586e+06
92 1.57588e+06
93 1.57594e+06
94 1.57604e+06
95 1.57619e+06
96 1.57624e+06
97 1.57626e+06
98 1.57642e+06
99 1.57656e+06
100 1.57665e+06
101 1.57677e+06
102 1.57693e+06
103 1.57705e+06
104 1.57713e+06
105 1.57719e+06
106 1.57739e+06
107 1.57748e+06
108 1.57752e+06
109 1.57763e+06
110 1.57774e+06
111 1.5779e+06
112 1.578e+06
113 1.57805e+06
114 1.57808e+06
115 1.5783e+06
116 1.57838e+06
117 1.57849e+06
118 1.57854e+06
119 1.57861e+06
120 1.57875e+06
121 1.57882e+06
122 1.57885e+06
123 1.57899e+06
124 1.57913e+06
125 1.57915e+06
126 1.57921e+06
127 1.57928e+06
128 1.57937e+06
129 1.57943e+06
130 1.57954e+06
131 1.57962e+06
132 1.57965e+06
133 1.57968e+06
134 1.57972e+06
135 1.57984e+06
136 1.57994e+06
137 1.58002e+06
138 1.58011e+06
139 1.58021e+06
140 1.58034e+06
141 1.58045e+06
142 1.58049e+06
143 1.5806e+06
144 1.58066e+06
145 1.58069e+06
146 1.5808e+06
147 1.5809e+06
148 1.58096e+06
149 1.58104e+06
150 1.58111e+06
151 1.58127e+06
152 1.58129e+06
153 1.58136e+06
154 1.5814e+06
155 1.58155e+06
156 1.58161e+06
157 1.58168e+06
158 1.58174e+06
159 1.58177e+06
160 1.58181e+06
161 1.58189e+06
162 1.58198e+06
163 1.58207e+06
164 1.58214e+06
165 1.58226e+06
166 1.58228e+06
167 1.5824e+06
168 1.58244e+06
169 1.5826e+06
170 1.58275e+06
171 1.58278e+06
172 1.5828e+06
173 1.5828e+06
174 1.58291e+06
175 1.58295e+06
176 1.58305e+06
177 1.58312e+06
178 1.58324e+06
179 1.58327e+06
180 1.58331e+06
181 1.58336e+06
182 1.58347e+06
183 1.5835e+06
184 1.58357e+06
185 1.58361e+06
186 1.58364e+06
187 1.58372e+06
188 1.58382e+06
189 1.58387e+06
190 1.58398e+06
191 1.58402e+06
192 1.58417e+06
193 1.58423e+06
194 1.5843e+06
195 1.5844e+06
196 1.58444e+06
197 1.5845e+06
198 1.58461e+06
199 1.58475e+06
200 1.5848e+06
201 1.58481e+06
202 1.58491e+06
203 1.58494e+06
204 1.58504e+06
205 1.58515e+06
206 1.58519e+06
207 1.58534e+06
208 1.58544e+06
209 1.58546e+06
210 1.58559e+06
211 1.58562e+06
212 1.58568e+06
213 1.58576e+06
214 1.58586e+06
215 1.58591e+06
216 1.58604e+06
217 1.58611e+06
218 1.5862e+06
219 1.58627e+06
220 1.58639e+06
221 1.58642e+06
222 1.58648e+06
223 1.58654e+06
224 1.5866e+06
225 1.58668e+06
226 1.58673e+06
227 1.5869e+06
228 1.58693e+06
229 1.58702e+06
230 1.58706e+06
231 1.5872e+06
232 1.58724e+06
233 1.58729e+06
234 1.58738e+06
235 1.58742e+06
236 1.58744e+06
237 1.58755e+06
238 1.58774e+06
239 1.58774e+06
240 1.58789e+06
241 1.58797e+06
242 1.58797e+06
243 1.58798e+06
244 1.58807e+06
245 1.58814e+06
246 1.58821e+06
247 1.58836e+06
248 1.5884e+06
249 1.58842e+06
250 1.58854e+06
251 1.58855e+06
252 1.5886e+06
253 1.58869e+06
254 1.58876e+06
255 1.58882e+06
256 1.58883e+06
257 1.58892e+06
258 1.58897e+06
259 1.58901e+06
260 1.58902e+06
261 1.58907e+06
262 1.58918e+06
263 1.58928e+06
264 1.58931e+06
265 1.5894e+06
266 1.58941e+06
267 1.58948e+06
268 1.58953e+06
269 1.5896e+06
270 1.58966e+06
271 1.58981e+06
272 1.58982e+06
273 1.58989e+06
274 1.58994e+06
275 1.59006e+06
276 1.59013e+06
277 1.59017e+06
278 1.59021e+06
279 1.59027e+06
280 1.5904e+06
281 1.59044e+06
282 1.59049e+06
283 1.5906e+06
284 1.59069e+06
285 1.59074e+06
286 1.59084e+06
287 1.59089e+06
288 1.591e+06
289 1.59106e+06
290 1.59109e+06
291 1.5912e+06
292 1.59123e+06
293 1.59127e+06
294 1.59136e+06
295 1.59137e+06
296 1.59149e+06
297 1.59161e+06
298 1.59169e+06
299 1.59188e+06
300 1.5919e+06
301 1.59196e+06
302 1.59208e+06
303 1.59216e+06
304 1.59221e+06
305 1.59226e+06
306 1.59235e+06
307 1.5924e+06
308 1.59242e+06
309 1.59249e+06
310 1.59256e+06
311 1.59267e+06
312 1.59276e+06
313 1.59289e+06
314 1.59298e+06
315 1.59313e+06
316 1.59314e+06
317 1.59315e+06
318 1.59325e+06
319 1.59342e+06
320 1.59343e+06
321 1.59353e+06
322 1.59366e+06
323 1.59373e+06
324 1.59383e+06
325 1.5939e+06
326 1.59395e+06
327 1.59404e+06
328 1.59414e+06
329 1.59425e+06
330 1.59441e+06
331 1.59444e+06
332 1.59451e+06
333 1.59454e+06
334 1.59458e+06
335 1.59474e+06
336 1.5948e+06
337 1.59488e+06
338 1.59495e+06
339 1.59496e+06
340 1.59499e+06
341 1.59504e+06
342 1.59504e+06
343 1.59507e+06
344 1.59515e+06
345 1.59522e+06
346 1.59529e+06
347 1.59538e+06
348 1.5954e+06
349 1.59542e+06
350 1.59548e+06
351 1.59557e+06
352 1.59565e+06
353 1.59568e+06
354 1.59579e+06
355 1.59585e+06
356 1.59592e+06
357 1.59599e+06
358 1.59607e+06
359 1.59609e+06
360 1.59622e+06
361 1.59626e+06
362 1.5963e+06
363 1.59634e+06
364 1.59636e+06
365 1.59643e+06
366 1.59648e+06
367 1.5965e+06
368 1.59652e+06
369 1.59652e+06
370 1.59664e+06
371 1.59679e+06
372 1.5969e+06
373 1.59696e+06
374 1.59702e+06
375 1.59704e+06
376 1.59706e+06
377 1.5971e+06
378 1.59716e+06
379 1.59723e+06
380 1.5973e+06
381 1.59734e+06
382 1.59734e+06
383 1.5974e+06
384 1.59753e+06
385 1.59758e+06
386 1.59762e+06
387 1.5977e+06
388 1.59778e+06
389 1.59778e+06
390 1.59786e+06
391 1.59796e+06
392 1.59802e+06
393 1.59814e+06
394 1.59823e+06
395 1.5983e+06
396 1.59836e+06
397 1.5985e+06
398 1.59856e+06
399 1.59858e+06
400 1.59862e+06
401 1.59864e+06
402 1.59864e+06
403 1.59874e+06
404 1.59874e+06
405 1.5988e+06
406 1.59888e+06
407 1.59899e+06
408 1.59904e+06
409 1.59908e+06
410 1.59921e+06
411 1.59923e+06
412 1.59935e+06
413 1.59942e+06
414 1.59944e+06
415 1.5995e+06
416 1.59954e+06
417 1.5996e+06
418 1.59961e+06
419 1.59969e+06
420 1.59976e+06
421 1.59981e+06
422 1.59987e+06
423 1.59995e+06
424 1.60003e+06
425 1.60007e+06
426 1.60013e+06
427 1.60018e+06
428 1.60036e+06
429 1.60038e+06
430 1.60046e+06
431 1.60052e+06
432 1.60059e+06
433 1.60064e+06
434 1.60065e+06
435 1.6007e+06
436 1.60079e+06
437 1.60089e+06
438 1.60098e+06
439 1.60104e+06
440 1.60107e+06
441 1.60118e+06
442 1.6012e+06
443 1.6013e+06
444 1.60131e+06
445 1.60144e+06
446 1.60146e+06
447 1.60154e+06
448 1.60156e+06
449 1.60162e+06
450 1.6017e+06
451 1.6018e+06
452 1.60187e+06
453 1.60201e+06
454 1.60202e+06
455 1.60207e+06
456 1.60211e+06
457 1.60217e+06
458 1.60221e+06
459 1.60227e+06
460 1.60236e+06
461 1.60237e+06
462 1.60247e+06
463 1.60252e+06
464 1.60258e+06
465 1.60262e+06
466 1.60265e+06
467 1.6027e+06
468 1.60278e+06
469 1.60278e+06
470 1.60285e+06
471 1.60285e+06
472 1.60291e+06
473 1.60299e+06
474 1.60304e+06
475 1.60308e+06
476 1.60313e+06
477 1.6032e+06
478 1.60321e+06
479 1.60328e+06
480 1.60336e+06
481 1.60344e+06
482 1.6035e+06
483 1.60358e+06
484 1.60364e+06
485 1.60374e+06
486 1.60388e+06
487 1.60392e+06
488 1.60396e+06
489 1.60399e+06
490 1.60409e+06
491 1.60412e+06
492 1.60413e+06
493 1.60419e+06
494 1.60421e+06
495 1.60426e+06
496 1.60434e+06
497 1.60438e+06
498 1.60439e+06
499 1.60446e+06
500 1.60446e+06
501 1.60456e+06
502 1.60466e+06
503 1.60466e+06
504 1.60471e+06
505 1.60484e+06
506 1.60487e+06
507 1.60497e+06
508 1.605e+06
509 1.605e+06
510 1.60507e+06
511 1.6052e+06
512 1.60522e+06
513 1.60535e+06
514 1.60536e+06
515 1.60539e+06
516 1.60544e+06
517 1.60554e+06
518 1.60564e+06
519 1.60573e+06
520 1.60575e+06
521 1.60576e+06
522 1.60585e+06
523 1.60587e+06
524 1.60587e+06
525 1.60605e+06
526 1.60605e+06
527 1.60609e+06
528 1.60608e+06
529 1.60612e+06
530 1.60616e+06
531 1.60617e+06
532 1.60625e+06
533 1.60634e+06
534 1.60637e+06
535 1.60642e+06
536 1.60651e+06
537 1.60655e+06
538 1.60663e+06
539 1.60663e+06
540 1.60676e+06
541 1.60695e+06
542 1.60697e+06
543 1.607e+06
544 1.607e+06
545 1.60701e+06
546 1.60705e+06
547 1.60712e+06
548 1.60712e+06
549 1.60713e+06
550 1.6072e+06
551 1.60733e+06
552 1.60749e+06
553 1.60753e+06
554 1.60755e+06
555 1.60766e+06
556 1.60767e+06
557 1.6077e+06
558 1.60772e+06
559 1.6078e+06
560 1.60785e+06
561 1.60785e+06
562 1.6079e+06
563 1.60793e+06
564 1.60801e+06
565 1.60813e+06
566 1.60821e+06
567 1.60825e+06
568 1.60826e+06
569 1.60831e+06
570 1.60838e+06
571 1.60845e+06
572 1.60854e+06
573 1.60856e+06
574 1.60863e+06
575 1.60872e+06
576 1.60875e+06
577 1.60892e+06
578 1.60892e+06
579 1.60892e+06
580 1.60902e+06
581 1.60905e+06
582 1.60909e+06
583 1.60912e+06
584 1.60913e+06
585 1.60921e+06
586 1.6093e+06
587 1.6094e+06
588 1.60944e+06
589 1.60947e+06
590 1.60956e+06
591 1.6096e+06
592 1.60966e+06
593 1.60972e+06
594 1.60978e+06
595 1.6098e+06
596 1.60988e+06
597 1.60992e+06
598 1.61002e+06
599 1.61008e+06
600 1.61013e+06
601 1.61024e+06
602 1.61027e+06
603 1.61029e+06
604 1.61041e+06
605 1.61048e+06
606 1.61054e+06
607 1.61064e+06
608 1.61068e+06
609 1.61073e+06
610 1.61073e+06
611 1.6108e+06
612 1.6108e+06
613 1.61082e+06
614 1.6109e+06
615 1.61097e+06
616 1.61099e+06
617 1.61104e+06
618 1.61115e+06
619 1.61126e+06
620 1.61128e+06
621 1.61134e+06
622 1.61136e+06
623 1.61146e+06
624 1.61163e+06
625 1.61173e+06
626 1.61174e+06
627 1.6118e+06
628 1.6118e+06
629 1.61191e+06
630 1.61202e+06
631 1.61214e+06
632 1.61217e+06
633 1.61225e+06
634 1.61235e+06
635 1.61238e+06
636 1.61243e+06
637 1.6125e+06
638 1.61251e+06
639 1.61258e+06
640 1.61263e+06
641 1.61268e+06
642 1.61272e+06
643 1.61274e+06
644 1.61278e+06
645 1.6129e+06
646 1.6129e+06
647 1.61298e+06
648 1.61305e+06
649 1.61311e+06
650 1.61313e+06
651 1.61315e+06
652 1.61322e+06
653 1.61325e+06
654 1.61344e+06
655 1.61349e+06
656 1.61349e+06
657 1.61351e+06
658 1.61361e+06
659 1.61369e+06
660 1.61373e+06
661 1.61377e+06
662 1.61382e+06
663 1.6139e+06
664 1.61398e+06
665 1.6141e+06
666 1.61415e+06
667 1.61425e+06
668 1.61429e+06
669 1.61441e+06
670 1.61457e+06
671 1.6147e+06
672 1.61478e+06
673 1.6148e+06
674 1.61482e+06
675 1.61485e+06
676 1.6149e+06
677 1.61494e+06
678 1.61496e+06
679 1.61501e+06
680 1.61503e+06
681 1.6151e+06
682 1.61518e+06
683 1.61524e+06
684 1.61524e+06
685 1.61528e+06
686 1.61539e+06
687 1.61545e+06
688 1.61548e+06
689 1.61553e+06
690 1.61559e+06
691 1.61564e+06
692 1.6157e+06
693 1.6158e+06
694 1.61584e+06
695 1.61587e+06
696 1.61598e+06
697 1.61601e+06
698 1.61605e+06
699 1.61624e+06
700 1.61628e+06
701 1.61635e+06
702 1.61637e+06
703 1.6164e+06
704 1.61648e+06
705 1.61649e+06
706 1.61664e+06
707 1.61683e+06
708 1.61693e+06
709 1.617e+06
710 1.61706e+06
711 1.61715e+06
712 1.61718e+06
713 1.6172e+06
714 1.61728e+06
715 1.61735e+06
716 1.61735e+06
717 1.61738e+06
718 1.61746e+06
719 1.61753e+06
720 1.61755e+06
721 1.6176e+06
722 1.61765e+06
723 1.61774e+06
724 1.61782e+06
725 1.61788e+06
726 1.61791e+06
727 1.61798e+06
728 1.61803e+06
729 1.61804e+06
730 1.61809e+06
731 1.61817e+06
732 1.61825e+06
733 1.61827e+06
734 1.61829e+06
735 1.61833e+06
736 1.61833e+06
737 1.61835e+06
738 1.61845e+06
739 1.61849e+06
740 1.61854e+06
741 1.61856e+06
742 1.6187e+06
743 1.61879e+06
744 1.61886e+06
745 1.6189e+06
746 1.61893e+06
747 1.619e+06
748 1.61905e+06
749 1.61908e+06
750 1.61912e+06
751 1.61914e+06
752 1.61922e+06
753 1.61924e+06
754 1.61925e+06
755 1.61928e+06
756 1.6193e+06
757 1.61932e+06
758 1.61939e+06
759 1.61941e+06
760 1.61943e+06
761 1.61948e+06
762 1.61951e+06
763 1.61955e+06
764 1.61954e+06
765 1.61958e+06
766 1.61959e+06
767 1.61964e+06
768 1.61969e+06
769 1.61974e+06
770 1.61974e+06
771 1.61995e+06
772 1.62008e+06
773 1.62017e+06
774 1.62017e+06
775 1.62022e+06
776 1.62022e+06
777 1.62024e+06
778 1.62033e+06
779 1.62042e+06
780 1.62042e+06
781 1.62046e+06
782 1.6205e+06
783 1.62062e+06
784 1.62065e+06
785 1.62074e+06
786 1.62077e+06
787 1.6208e+06
788 1.62083e+06
789 1.62092e+06
790 1.62099e+06
791 1.62102e+06
792 1.62104e+06
793 1.62112e+06
794 1.62122e+06
795 1.62127e+06
796 1.62143e+06
797 1.62145e+06
798 1.6215e+06
799 1.62158e+06
800 1.62165e+06
801 1.62175e+06
802 1.62181e+06
803 1.62185e+06
804 1.62194e+06
805 1.62201e+06
806 1.62204e+06
807 1.62205e+06
808 1.62209e+06
809 1.62211e+06
810 1.62215e+06
811 1.62215e+06
812 1.6222e+06
813 1.6223e+06
814 1.62248e+06
815 1.62251e+06
816 1.62262e+06
817 1.62269e+06
818 1.62272e+06
819 1.62278e+06
820 1.62284e+06
821 1.62286e+06
822 1.6229e+06
823 1.62298e+06
824 1.62298e+06
825 1.62304e+06
826 1.62313e+06
827 1.62322e+06
828 1.62329e+06
829 1.62334e+06
830 1.62334e+06
831 1.62345e+06
832 1.62348e+06
833 1.62356e+06
834 1.62362e+06
835 1.62363e+06
836 1.62369e+06
837 1.62383e+06
838 1.62396e+06
839 1.62413e+06
840 1.62416e+06
841 1.62416e+06
842 1.62426e+06
843 1.62426e+06
844 1.62431e+06
845 1.62434e+06
846 1.62436e+06
847 1.62442e+06
848 1.62446e+06
849 1.62456e+06
850 1.62458e+06
851 1.6246e+06
852 1.62463e+06
853 1.62464e+06
854 1.62465e+06
855 1.62472e+06
856 1.62476e+06
857 1.62482e+06
858 1.6249e+06
859 1.62497e+06
860 1.62503e+06
861 1.62504e+06
862 1.62512e+06
863 1.62517e+06
864 1.62527e+06
865 1.62528e+06
866 1.62535e+06
867 1.62538e+06
868 1.62547e+06
869 1.62553e+06
870 1.6257e+06
871 1.62578e+06
872 1.62581e+06
873 1.62589e+06
874 1.62598e+06
875 1.62611e+06
876 1.62615e+06
877 1.62623e+06
878 1.62626e+06
879 1.62637e+06
880 1.62638e+06
881 1.62641e+06
882 1.62641e+06
883 1.62644e+06
884 1.62653e+06
885 1.62658e+06
886 1.62662e+06
887 1.62663e+06
888 1.62672e+06
889 1.6268e+06
890 1.62684e+06
891 1.62687e+06
892 1.62689e+06
893 1.62691e+06
894 1.62696e+06
895 1.62702e+06
896 1.62708e+06
897 1.62716e+06
898 1.62722e+06
899 1.62725e+06
900 1.62727e+06
901 1.6274e+06
902 1.62743e+06
903 1.62748e+06
904 1.62754e+06
905 1.62755e+06
906 1.62761e+06
907 1.62761e+06
908 1.62762e+06
909 1.62762e+06
910 1.62765e+06
911 1.6278e+06
912 1.6278e+06
913 1.62781e+06
914 1.62785e+06
915 1.628e+06
916 1.62801e+06
917 1.62809e+06
918 1.6281e+06
919 1.62814e+06
920 1.62814e+06
921 1.62819e+06
922 1.62819e+06
923 1.62819e+06
924 1.6282e+06
925 1.62827e+06
926 1.62833e+06
927 1.62838e+06
928 1.62849e+06
929 1.62855e+06
930 1.62855e+06
931 1.62858e+06
932 1.62859e+06
933 1.62859e+06
934 1.62859e+06
935 1.62862e+06
936 1.62869e+06
937 1.62875e+06
938 1.6288e+06
939 1.62882e+06
940 1.62892e+06
941 1.62895e+06
942 1.629e+06
943 1.62908e+06
944 1.62922e+06
945 1.62923e+06
946 1.6293e+06
947 1.62932e+06
948 1.62933e+06
949 1.62933e+06
950 1.62938e+06
951 1.62939e+06
952 1.62943e+06
953 1.62947e+06
954 1.62952e+06
955 1.62956e+06
956 1.62967e+06
957 1.62985e+06
958 1.62986e+06
959 1.6299e+06
960 1.62993e+06
961 1.62998e+06
962 1.63002e+06
963 1.63016e+06
964 1.63021e+06
965 1.63025e+06
966 1.63033e+06
967 1.63038e+06
968 1.63044e+06
969 1.63048e+06
970 1.63052e+06
971 1.63059e+06
972 1.63066e+06
973 1.63072e+06
974 1.63078e+06
975 1.6308e+06
976 1.63093e+06
977 1.63099e+06
978 1.63109e+06
979 1.63112e+06
980 1.6312e+06
981 1.63125e+06
982 1.63126e+06
983 1.63126e+06
984 1.63132e+06
985 1.63134e+06
986 1.63141e+06
987 1.63141e+06
988 1.63142e+06
989 1.63142e+06
990 1.63144e+06
991 1.63144e+06
992 1.63144e+06
993 1.63149e+06
994 1.63153e+06
995 1.63158e+06
996 1.63159e+06
997 1.63164e+06
998 1.63164e+06
999 1.63168e+06
1000 1.6317e+06
