128 0.3 0.333
0 156776
1 1.56781e+06
2 1.5679e+06
3 1.56796e+06
4 1.56803e+06
5 1.56808e+06
6 1.56811e+06
7 1.56823e+06
8 1.56831e+06
9 1.56838e+06
10 1.56856e+06
11 1.56863e+06
12 1.56875e+06
13 1.56877e+06
14 1.56877e+06
15 1.5689e+06
16 1.56896e+06
17 1.56897e+06
18 1.56904e+06
19 1.56908e+06
20 1.56919e+06
21 1.56934e+06
22 1.5694e+06
23 1.56946e+06
24 1.56957e+06
25 1.56968e+06
26 1.56976e+06
27 1.56983e+06
28 1.5699e+06
29 1.57e+06
30 1.57015e+06
31 1.5702e+06
32 1.57034e+06
33 1.57054e+06
34 1.5707e+06
35 1.57074e+06
36 1.57078e+06
37 1.57088e+06
38 1.57102e+06
39 1.57106e+06
40 1.57111e+06
41 1.57114e+06
42 1.57121e+06
43 1.57132e+06
44 1.5714e+06
45 1.5716e+06
46 1.57172e+06
47 1.57182e+06
48 1.57198e+06
49 1.57206e+06
50 1.57218e+06
51 1.57221e+06
52 1.57236e+06
53 1.57251e+06
54 1.57262e+06
55 1.57267e+06
56 1.57277e+06
57 1.57278e+06
58 1.57287e+06
59 1.57289e+06
60 1.57298e+06
61 1.573e+06
62 1.57309e+06
63 1.57313e+06
64 1.57325e+06
65 1.57332e+06
66 1.5734e+06
67 1.57351e+06
68 1.57356e+06
69 1.57366e+06
70 1.57387e+06
71 1.57394e+06
72 1.57402e+06
73 1.57415e+06
74 1.57424e+06
75 1.57429e+06
76 1.57437e+06
77 1.5744e+06
78 1.57445e+06
79 1.57453e+06
80 1.57458e+06
81 1.57464e+06
82 1.5747e+06
83 1.57476e+06
84 1.57478e+06
85 1.57485e+06
86 1.57501e+06
87 1.57506e+06
88 1.57516e+06
89 1.57524e+06
90 1.57532e+06
91 1.5755e+06
92 1.5756e+06
93 1.57574e+06
94 1.5758e+06
95 1.57598e+06
96 1.57605e+06
97 1.57616e+06
98 1.57624e+06
99 1.57634e+06
100 1.57646e+06
101 1.57665e+06
102 1.57682e+06
103 1.57684e+06
104 1.57695e+06
105 1.57706e+06
106 1.57716e+06
107 1.57726e+06
108 1.57738e+06
109 1.57754e+06
110 1.57758e+06
111 1.57782e+06
112 1.57786e+06
113 1.57794e+06
114 1.57794e+06
115 1.57804e+06
116 1.57814e+06
117 1.57822e+06
118 1.57831e+06
119 1.57842e+06
120 1.57852e+06
121 1.5786e+06
122 1.57877e+06
123 1.57882e+06
124 1.57895e+06
125 1.579e+06
126 1.5791e+06
127 1.57922e+06
128 1.57929e+06
129 1.5794e+06
130 1.57949e+06
131 1.57959e+06
132 1.57966e+06
133 1.57978e+06
134 1.57988e+06
135 1.58003e+06
136 1.5801e+06
137 1.58016e+06
138 1.58028e+06
139 1.58038e+06
140 1.58043e+06
141 1.58052e+06
142 1.58063e+06
143 1.5807e+06
144 1.58072e+06
145 1.58082e+06
146 1.58095e+06
147 1.58102e+06
148 1.58105e+06
149 1.58108e+06
150 1.58108e+06
151 1.58126e+06
152 1.58134e+06
153 1.58138e+06
154 1.58146e+06
155 1.5815e+06
156 1.58162e+06
157 1.58169e+06
158 1.58174e+06
159 1.58179e+06
160 1.58194e+06
161 1.58203e+06
162 1.58208e+06
163 1.58218e+06
164 1.58226e+06
165 1.58237e+06
166 1.58241e+06
167 1.58253e+06
168 1.58256e+06
169 1.58263e+06
170 1.58279e+06
171 1.58294e+06
172 1.58311e+06
173 1.58314e+06
174 1.58326e+06
175 1.5833e+06
176 1.58342e+06
177 1.58345e+06
178 1.58354e+06
179 1.5836e+06
180 1.58373e+06
181 1.58392e+06
182 1.58404e+06
183 1.58411e+06
184 1.5842e+06
185 1.58424e+06
186 1.58437e+06
187 1.58455e+06
188 1.58459e+06
189 1.58465e+06
190 1.58473e+06
191 1.58484e+06
192 1.58491e+06
193 1.58496e+06
194 1.58503e+06
195 1.58512e+06
196 1.58519e+06
197 1.58522e+06
198 1.58532e+06
199 1.58533e+06
200 1.58535e+06
201 1.58535e+06
202 1.58546e+06
203 1.58557e+06
204 1.58564e+06
205 1.58578e+06
206 1.58584e+06
207 1.58588e+06
208 1.58605e+06
209 1.58614e+06
210 1.58619e+06
211 1.58631e+06
212 1.58641e+06
213 1.58646e+06
214 1.58646e+06
215 1.58651e+06
216 1.58658e+06
217 1.58678e+06
218 1.58686e+06
219 1.58702e+06
220 1.5871e+06
221 1.58718e+06
222 1.58722e+06
223 1.58737e+06
224 1.58751e+06
225 1.58756e+06
226 1.58764e+06
227 1.58765e+06
228 1.58777e+06
229 1.5878e+06
230 1.58782e+06
231 1.58786e+06
232 1.58796e+06
233 1.58797e+06
234 1.58807e+06
235 1.58818e+06
236 1.58821e+06
237 1.58822e+06
238 1.58825e+06
239 1.58831e+06
240 1.58833e+06
241 1.58843e+06
242 1.58847e+06
243 1.58851e+06
244 1.58865e+06
245 1.5888e+06
246 1.5888e+06
247 1.58884e+06
248 1.58886e+06
249 1.58895e+06
250 1.58898e+06
251 1.58904e+06
252 1.58906e+06
253 1.58912e+06
254 1.58917e+06
255 1.5893e+06
256 1.58936e+06
257 1.58942e+06
258 1.58946e+06
259 1.5895e+06
260 1.5896e+06
261 1.5896e+06
262 1.58964e+06
263 1.58968e+06
264 1.58982e+06
265 1.58992e+06
266 1.59e+06
267 1.59013e+06
268 1.59017e+06
269 1.59027e+06
270 1.59034e+06
271 1.59054e+06
272 1.59068e+06
273 1.59081e+06
274 1.59089e+06
275 1.59098e+06
276 1.59114e+06
277 1.59121e+06
278 1.59123e+06
279 1.59127e+06
280 1.59134e+06
281 1.59137e+06
282 1.59137e+06
283 1.59148e+06
284 1.59161e+06
285 1.59164e+06
286 1.59174e+06
287 1.59182e+06
288 1.59187e+06
289 1.59192e+06
290 1.59202e+06
291 1.59211e+06
292 1.59213e+06
293 1.59217e+06
294 1.59227e+06
295 1.59241e+06
296 1.59251e+06
297 1.59254e+06
298 1.59258e+06
299 1.59266e+06
300 1.59282e+06
301 1.59289e+06
302 1.59301e+06
303 1.59303e+06
304 1.59306e+06
305 1.59313e+06
306 1.59318e+06
307 1.59329e+06
308 1.59332e+06
309 1.59335e+06
310 1.59337e+06
311 1.59345e+06
312 1.59356e+06
313 1.59361e+06
314 1.59369e+06
315 1.59381e+06
316 1.59403e+06
317 1.59405e+06
318 1.5942e+06
319 1.59429e+06
320 1.59434e+06
321 1.59437e+06
322 1.59444e+06
323 1.59469e+06
324 1.5948e+06
325 1.59484e+06
326 1.59499e+06
327 1.59503e+06
328 1.59516e+06
329 1.59526e+06
330 1.59533e+06
331 1.59546e+06
332 1.59557e+06
333 1.59558e+06
334 1.59561e+06
335 1.59567e+06
336 1.59576e+06
337 1.59584e+06
338 1.59595e+06
339 1.59595e+06
340 1.59599e+06
341 1.59604e+06
342 1.59609e+06
343 1.59613e+06
344 1.59623e+06
345 1.59631e+06
346 1.59647e+06
347 1.59659e+06
348 1.59666e+06
349 1.59681e+06
350 1.59695e+06
351 1.59703e+06
352 1.59719e+06
353 1.5973e+06
354 1.59735e+06
355 1.59737e+06
356 1.59744e+06
357 1.59748e+06
358 1.59758e+06
359 1.59762e+06
360 1.59767e+06
361 1.5977e+06
362 1.59776e+06
363 1.59782e+06
364 1.59793e+06
365 1.598e+06
366 1.59809e+06
367 1.59816e+06
368 1.59818e+06
369 1.59819e+06
370 1.59824e+06
371 1.59828e+06
372 1.59833e+06
373 1.59851e+06
374 1.59861e+06
375 1.59868e+06
376 1.59879e+06
377 1.59886e+06
378 1.59897e+06
379 1.59902e+06
380 1.59906e+06
381 1.5991e+06
382 1.59923e+06
383 1.59934e+06
384 1.59936e+06
385 1.5994e+06
386 1.59944e+06
387 1.59946e+06
388 1.59954e+06
389 1.59966e+06
390 1.59973e+06
391 1.59975e+06
392 1.59983e+06
393 1.59995e+06
394 1.60009e+06
395 1.60016e+06
396 1.60025e+06
397 1.60032e+06
398 1.60034e+06
399 1.60035e+06
400 1.60046e+06
401 1.60059e+06
402 1.60072e+06
403 1.60076e+06
404 1.60086e+06
405 1.60093e+06
406 1.60103e+06
407 1.6011e+06
408 1.60122e+06
409 1.60123e+06
410 1.60127e+06
411 1.60133e+06
412 1.60145e+06
413 1.60159e+06
414 1.60169e+06
415 1.60181e+06
416 1.60186e+06
417 1.60203e+06
418 1.60203e+06
419 1.60208e+06
420 1.60217e+06
421 1.60225e+06
422 1.60245e+06
423 1.6025e+06
424 1.60256e+06
425 1.60259e+06
426 1.60262e+06
427 1.6027e+06
428 1.60276e+06
429 1.60282e+06
430 1.60286e+06
431 1.60292e+06
432 1.60294e+06
433 1.60303e+06
434 1.60309e+06
435 1.60318e+06
436 1.60326e+06
437 1.60336e+06
438 1.60339e+06
439 1.60348e+06
440 1.6035e+06
441 1.60352e+06
442 1.60363e+06
443 1.60363e+06
444 1.6037e+06
445 1.60372e+06
446 1.60378e+06
447 1.6038e+06
448 1.60388e+06
449 1.60393e+06
450 1.60398e+06
451 1.60401e+06
452 1.60409e+06
453 1.60421e+06
454 1.60424e+06
455 1.60427e+06
456 1.60432e+06
457 1.60437e+06
458 1.60449e+06
459 1.60456e+06
460 1.60468e+06
461 1.60474e+06
462 1.60476e+06
463 1.60477e+06
464 1.60481e+06
465 1.60494e+06
466 1.60494e+06
467 1.60502e+06
468 1.60504e+06
469 1.60504e+06
470 1.60508e+06
471 1.60521e+06
472 1.60525e+06
473 1.60534e+06
474 1.60541e+06
475 1.60547e+06
476 1.60553e+06
477 1.60558e+06
478 1.60569e+06
479 1.60576e+06
480 1.60584e+06
481 1.60591e+06
482 1.606e+06
483 1.6061e+06
484 1.60617e+06
485 1.60623e+06
486 1.60627e+06
487 1.60635e+06
488 1.6064e+06
489 1.60645e+06
490 1.60654e+06
491 1.60659e+06
492 1.6067e+06
493 1.6067e+06
494 1.6067e+06
495 1.60672e+06
496 1.60672e+06
497 1.60673e+06
498 1.60679e+06
499 1.60682e+06
500 1.60699e+06
501 1.60707e+06
502 1.60715e+06
503 1.60718e+06
504 1.60729e+06
505 1.60732e+06
506 1.60736e+06
507 1.60741e+06
508 1.60742e+06
509 1.60746e+06
510 1.60748e+06
511 1.60753e+06
512 1.60762e+06
513 1.60772e+06
514 1.60776e+06
515 1.60781e+06
516 1.60785e+06
517 1.60785e+06
518 1.60787e+06
519 1.60792e+06
520 1.60794e+06
521 1.60797e+06
522 1.60797e+06
523 1.60806e+06
524 1.60814e+06
525 1.60817e+06
526 1.6083e+06
527 1.60836e+06
528 1.60839e+06
529 1.60841e+06
530 1.60844e+06
531 1.60859e+06
532 1.60863e+06
533 1.60864e+06
534 1.60868e+06
535 1.60875e+06
536 1.60884e+06
537 1.60894e+06
538 1.609e+06
539 1.60905e+06
540 1.60907e+06
541 1.6091e+06
542 1.60914e+06
543 1.60916e+06
544 1.6092e+06
545 1.60927e+06
546 1.60929e+06
547 1.60942e+06
548 1.60947e+06
549 1.60946e+06
550 1.60953e+06
551 1.60956e+06
552 1.60959e+06
553 1.60963e+06
554 1.6097e+06
555 1.60978e+06
556 1.60993e+06
557 1.60997e+06
558 1.61004e+06
559 1.6101e+06
560 1.6101e+06
561 1.6102e+06
562 1.61024e+06
563 1.61026e+06
564 1.61027e+06
565 1.61034e+06
566 1.61045e+06
567 1.6105e+06
568 1.61051e+06
569 1.61059e+06
570 1.61068e+06
571 1.61075e+06
572 1.61085e+06
573 1.61092e+06
574 1.61098e+06
575 1.61105e+06
576 1.61107e+06
577 1.61115e+06
578 1.61127e+06
579 1.61135e+06
580 1.61141e+06
581 1.61152e+06
582 1.61156e+06
583 1.61161e+06
584 1.61163e+06
585 1.61173e+06
586 1.61175e+06
587 1.61179e+06
588 1.61182e+06
589 1.61192e+06
590 1.61198e+06
591 1.61205e+06
592 1.61208e+06
593 1.6121e+06
594 1.6121e+06
595 1.61211e+06
596 1.61217e+06
597 1.61217e+06
598 1.61222e+06
599 1.61228e+06
600 1.61228e+06
601 1.6123e+06
602 1.6123e+06
603 1.61238e+06
604 1.61238e+06
605 1.61248e+06
606 1.61254e+06
607 1.61255e+06
608 1.61265e+06
609 1.61268e+06
610 1.61268e+06
611 1.6128e+06
612 1.61281e+06
613 1.61282e+06
614 1.61303e+06
615 1.61308e+06
616 1.61317e+06
617 1.61319e+06
618 1.61329e+06
619 1.61329e+06
620 1.61341e+06
621 1.61341e+06
622 1.61342e+06
623 1.61355e+06
624 1.61363e+06
625 1.61364e+06
626 1.61371e+06
627 1.61378e+06
628 1.61386e+06
629 1.61389e+06
630 1.61398e+06
631 1.61402e+06
632 1.61408e+06
633 1.6141e+06
634 1.61415e+06
635 1.61423e+06
636 1.61428e+06
637 1.61431e+06
638 1.61435e+06
639 1.61435e+06
640 1.61439e+06
641 1.61449e+06
642 1.61454e+06
643 1.61455e+06
644 1.6146e+06
645 1.61462e+06
646 1.61472e+06
647 1.61482e+06
648 1.61485e+06
649 1.6149e+06
650 1.61493e+06
651 1.61495e+06
652 1.61499e+06
653 1.61513e+06
654 1.61516e+06
655 1.6152e+06
656 1.61526e+06
657 1.61532e+06
658 1.6154e+06
659 1.61544e+06
660 1.6155e+06
661 1.61559e+06
662 1.61564e+06
663 1.6158e+06
664 1.6159e+06
665 1.61598e+06
666 1.61602e+06
667 1.61602e+06
668 1.61608e+06
669 1.6161e+06
670 1.61611e+06
671 1.61616e+06
672 1.61621e+06
673 1.61623e+06
674 1.61631e+06
675 1.61632e+06
676 1.61638e+06
677 1.61652e+06
678 1.61652e+06
679 1.61662e+06
680 1.61666e+06
681 1.61674e+06
682 1.61684e+06
683 1.6169e+06
684 1.61696e+06
685 1.61702e+06
686 1.61705e+06
687 1.61706e+06
688 1.61715e+06
689 1.61717e+06
690 1.61718e+06
691 1.61734e+06
692 1.61738e+06
693 1.61749e+06
694 1.61754e+06
695 1.61761e+06
696 1.61766e+06
697 1.61773e+06
698 1.61775e+06
699 1.61784e+06
700 1.61788e+06
701 1.61804e+06
702 1.61808e+06
703 1.61808e+06
704 1.61823e+06
705 1.61823e+06
706 1.61837e+06
707 1.61841e+06
708 1.61844e+06
709 1.61844e+06
710 1.61846e+06
711 1.61849e+06
712 1.61849e+06
713 1.61849e+06
714 1.61852e+06
715 1.6187e+06
716 1.6187e+06
717 1.6187e+06
718 1.61872e+06
719 1.61879e+06
720 1.61879e+06
721 1.61882e+06
722 1.61902e+06
723 1.61909e+06
724 1.61912e+06
725 1.61914e+06
726 1.6192e+06
727 1.61928e+06
728 1.6193e+06
729 1.61932e+06
730 1.61933e+06
731 1.61936e+06
732 1.61936e+06
733 1.61938e+06
734 1.61942e+06
735 1.61949e+06
736 1.61958e+06
737 1.61962e+06
738 1.61962e+06
739 1.61962e+06
740 1.61964e+06
741 1.61967e+06
742 1.61973e+06
743 1.6198e+06
744 1.61987e+06
745 1.61992e+06
746 1.62e+06
747 1.62008e+06
748 1.62012e+06
749 1.62014e+06
750 1.62018e+06
751 1.62027e+06
752 1.6203e+06
753 1.62039e+06
754 1.62046e+06
755 1.62046e+06
756 1.6205e+06
757 1.62054e+06
758 1.62054e+06
759 1.62054e+06
760 1.6206e+06
761 1.6206e+06
762 1.62065e+06
763 1.62071e+06
764 1.6208e+06
765 1.62091e+06
766 1.62092e+06
767 1.62101e+06
768 1.62108e+06
769 1.62118e+06
770 1.62125e+06
771 1.62131e+06
772 1.62134e+06
773 1.62135e+06
774 1.62141e+06
775 1.62147e+06
776 1.62161e+06
777 1.62168e+06
778 1.62171e+06
779 1.62177e+06
780 1.62182e+06
781 1.62183e+06
782 1.62185e+06
783 1.62189e+06
784 1.62192e+06
785 1.62192e+06
786 1.62203e+06
787 1.62207e+06
788 1.62208e+06
789 1.62211e+06
790 1.62211e+06
791 1.62214e+06
792 1.62214e+06
793 1.62223e+06
794 1.62228e+06
795 1.62234e+06
796 1.62246e+06
797 1.62252e+06
798 1.62262e+06
799 1.62269e+06
800 1.6227e+06
801 1.6228e+06
802 1.62285e+06
803 1.62286e+06
804 1.62292e+06
805 1.62301e+06
806 1.62302e+06
807 1.62306e+06
808 1.62315e+06
809 1.6232e+06
810 1.62326e+06
811 1.62326e+06
812 1.62331e+06
813 1.62332e+06
814 1.62334e+06
815 1.62346e+06
816 1.62355e+06
817 1.62358e+06
818 1.62368e+06
819 1.62377e+06
820 1.62382e+06
821 1.62384e+06
822 1.62388e+06
823 1.62396e+06
824 1.62405e+06
825 1.62411e+06
826 1.62416e+06
827 1.6242e+06
828 1.62421e+06
829 1.62423e+06
830 1.6243e+06
831 1.62435e+06
832 1.62439e+06
833 1.62447e+06
834 1.62447e+06
835 1.62456e+06
836 1.62462e+06
837 1.62466e+06
838 1.62468e+06
839 1.62476e+06
840 1.62479e+06
841 1.62483e+06
842 1.62487e+06
843 1.62497e+06
844 1.62504e+06
845 1.62507e+06
846 1.62514e+06
847 1.62523e+06
848 1.62528e+06
849 1.62534e+06
850 1.6254e+06
851 1.62549e+06
852 1.62549e+06
853 1.62552e+06
854 1.62561e+06
855 1.62576e+06
856 1.62577e+06
857 1.62577e+06
858 1.62592e+06
859 1.62594e+06
860 1.62595e+06
861 1.626e+06
862 1.62613e+06
863 1.62621e+06
864 1.62626e+06
865 1.62629e+06
866 1.6264e+06
867 1.62642e+06
868 1.62648e+06
869 1.62652e+06
870 1.62657e+06
871 1.62669e+06
872 1.62675e+06
873 1.6268e+06
874 1.62692e+06
875 1.62695e+06
876 1.62706e+06
877 1.62708e+06
878 1.62711e+06
879 1.62727e+06
880 1.62734e+06
881 1.62738e+06
882 1.62741e+06
883 1.62741e+06
884 1.62744e+06
885 1.62746e+06
886 1.62753e+06
887 1.62756e+06
888 1.62756e+06
889 1.62764e+06
890 1.62775e+06
891 1.62784e+06
892 1.6279e+06
893 1.62792e+06
894 1.62792e+06
895 1.628e+06
896 1.62803e+06
897 1.62818e+06
898 1.62825e+06
899 1.62826e+06
900 1.62841e+06
901 1.62851e+06
902 1.62851e+06
903 1.62865e+06
904 1.62876e+06
905 1.62882e+06
906 1.62886e+06
907 1.62887e+06
908 1.62887e+06
909 1.62897e+06
910 1.62899e+06
911 1.629e+06
912 1.62907e+06
913 1.62914e+06
914 1.62918e+06
915 1.62919e+06
916 1.62922e+06
917 1.62926e+06
918 1.6294e+06
919 1.62945e+06
920 1.62946e+06
921 1.62955e+06
922 1.6296e+06
923 1.62963e+06
924 1.62973e+06
925 1.62988e+06
926 1.62998e+06
927 1.63002e+06
928 1.63006e+06
929 1.63007e+06
930 1.63014e+06
931 1.63016e+06
932 1.63017e+06
933 1.63025e+06
934 1.63026e+06
935 1.63026e+06
936 1.63026e+06
937 1.63029e+06
938 1.63038e+06
939 1.6304e+06
940 1.63042e+06
941 1.63046e+06
942 1.63052e+06
943 1.63053e+06
944 1.63067e+06
945 1.63068e+06
946 1.63076e+06
947 1.63082e+06
948 1.63089e+06
949 1.63091e+06
950 1.63092e+06
951 1.63097e+06
952 1.63103e+06
953 1.63105e+06
954 1.63118e+06
955 1.63125e+06
956 1.63126e+06
957 1.63134e+06
958 1.63134e+06
959 1.63146e+06
960 1.63158e+06
961 1.63164e+06
962 1.63173e+06
963 1.63174e+06
964 1.63178e+06
965 1.63188e+06
966 1.63189e+06
967 1.63189e+06
968 1.63198e+06
969 1.63202e+06
970 1.63202e+06
971 1.63208e+06
972 1.63215e+06
973 1.63225e+06
974 1.63228e+06
975 1.63233e+06
976 1.63235e+06
977 1.63239e+06
978 1.63241e+06
979 1.63248e+06
980 1.63253e+06
981 1.63253e+06
982 1.6326e+06
983 1.6326e+06
984 1.63269e+06
985 1.63275e+06
986 1.63278e+06
987 1.63281e+06
988 1.63284e+06
989 1.6329e+06
990 1.63297e+06
991 1.63306e+06
992 1.63311e+06
993 1.63312e+06
994 1.63318e+06
995 1.6332e+06
996 1.6333e+06
997 1.63336e+06
998 1.63336e+06
999 1.63338e+06
1000 1.63342e+06
