128 0.3 0.499
0 156776
1 1.56784e+06
2 1.56798e+06
3 1.56801e+06
4 1.56805e+06
5 1.56814e+06
6 1.56817e+06
7 1.56827e+06
8 1.56833e+06
9 1.56841e+06
10 1.56846e+06
11 1.5686e+06
12 1.56867e+06
13 1.56872e+06
14 1.56883e+06
15 1.56896e+06
16 1.5691e+06
17 1.56915e+06
18 1.56923e+06
19 1.56935e+06
20 1.56939e+06
21 1.56949e+06
22 1.56962e+06
23 1.56975e+06
24 1.56985e+06
25 1.57001e+06
26 1.57007e+06
27 1.57016e+06
28 1.57025e+06
29 1.57038e+06
30 1.57042e+06
31 1.57043e+06
32 1.57046e+06
33 1.57056e+06
34 1.5707e+06
35 1.57076e+06
36 1.57089e+06
37 1.57094e+06
38 1.5711e+06
39 1.5712e+06
40 1.57127e+06
41 1.57129e+06
42 1.57148e+06
43 1.57156e+06
44 1.57171e+06
45 1.57179e+06
46 1.57186e+06
47 1.572e+06
48 1.57207e+06
49 1.57218e+06
50 1.57229e+06
51 1.57238e+06
52 1.57245e+06
53 1.57262e+06
54 1.57274e+06
55 1.57282e+06
56 1.5729e+06
57 1.57304e+06
58 1.5731e+06
59 1.57316e+06
60 1.57327e+06
61 1.57345e+06
62 1.5735e+06
63 1.57356e+06
64 1.57365e+06
65 1.57368e+06
66 1.57377e+06
67 1.57382e+06
68 1.57395e+06
69 1.57407e+06
70 1.5742e+06
71 1.57426e+06
72 1.57434e+06
73 1.5744e+06
74 1.57445e+06
75 1.57455e+06
76 1.57458e+06
77 1.57468e+06
78 1.57477e+06
79 1.57492e+06
80 1.57508e+06
81 1.57521e+06
82 1.57532e+06
83 1.57542e+06
84 1.57562e+06
85 1.57573e+06
86 1.57577e+06
87 1.57588e+06
88 1.57602e+06
89 1.57606e+06
90 1.57616e+06
91 1.57623e+06
92 1.57633e+06
93 1.57653e+06
94 1.57662e+06
95 1.57672e+06
96 1.57679e+06
97 1.57688e+06
98 1.57691e+06
99 1.57697e+06
100 1.57702e+06
101 1.57721e+06
102 1.57732e+06
103 1.57741e+06
104 1.57757e+06
105 1.57768e+06
106 1.57776e+06
107 1.57785e+06
108 1.57789e+06
109 1.57797e+06
110 1.57799e+06
111 1.57799e+06
112 1.57813e+06
113 1.57817e+06
114 1.57829e+06
115 1.57838e+06
116 1.57846e+06
117 1.57851e+06
118 1.57856e+06
119 1.5786e+06
120 1.57871e+06
121 1.57875e+06
122 1.5789e+06
123 1.57897e+06
124 1.5791e+06
125 1.57917e+06
126 1.5792e+06
127 1.57937e+06
128 1.57948e+06
129 1.57952e+06
130 1.57965e+06
131 1.57968e+06
132 1.57988e+06
133 1.57999e+06
134 1.58011e+06
135 1.58015e+06
136 1.58028e+06
137 1.58038e+06
138 1.58052e+06
139 1.58068e+06
140 1.58077e+06
141 1.5808e+06
142 1.58087e+06
143 1.58091e+06
144 1.58097e+06
145 1.58104e+06
146 1.58118e+06
147 1.58124e+06
148 1.58141e+06
149 1.58147e+06
150 1.58167e+06
151 1.58176e+06
152 1.58185e+06
153 1.5819e+06
154 1.58196e+06
155 1.58202e+06
156 1.5821e+06
157 1.58224e+06
158 1.58224e+06
159 1.58225e+06
160 1.58232e+06
161 1.58237e+06
162 1.58252e+06
163 1.58259e+06
164 1.58271e+06
165 1.58282e+06
166 1.58283e+06
167 1.58284e+06
168 1.58297e+06
169 1.58308e+06
170 1.5831e+06
171 1.58327e+06
172 1.58332e+06
173 1.58343e+06
174 1.58355e+06
175 1.58365e+06
176 1.58366e+06
177 1.58384e+06
178 1.58388e+06
179 1.58394e+06
180 1.58399e+06
181 1.58406e+06
182 1.58412e+06
183 1.58414e+06
184 1.5842e+06
185 1.58423e+06
186 1.58424e+06
187 1.58432e+06
188 1.58444e+06
189 1.5845e+06
190 1.58456e+06
191 1.58465e+06
192 1.58465e+06
193 1.58471e+06
194 1.58473e+06
195 1.58477e+06
196 1.58487e+06
197 1.58498e+06
198 1.58507e+06
199 1.58509e+06
200 1.58513e+06
201 1.5852e+06
202 1.58523e+06
203 1.58528e+06
204 1.5853e+06
205 1.58535e+06
206 1.5854e+06
207 1.58543e+06
208 1.5855e+06
209 1.5856e+06
210 1.58566e+06
211 1.58582e+06
212 1.5859e+06
213 1.58596e+06
214 1.58597e+06
215 1.58614e+06
216 1.58622e+06
217 1.58631e+06
218 1.58641e+06
219 1.58648e+06
220 1.58653e+06
221 1.5867e+06
222 1.58675e+06
223 1.58681e+06
224 1.58689e+06
225 1.58694e+06
226 1.58708e+06
227 1.58728e+06
228 1.58736e+06
229 1.58736e+06
230 1.58744e+06
231 1.58754e+06
232 1.58761e+06
233 1.58767e+06
234 1.58774e+06
235 1.58783e+06
236 1.58793e+06
237 1.588e+06
238 1.5881e+06
239 1.58818e+06
240 1.58828e+06
241 1.58834e+06
242 1.58841e+06
243 1.58852e+06
244 1.58861e+06
245 1.58867e+06
246 1.58874e+06
247 1.58877e+06
248 1.58882e+06
249 1.58888e+06
250 1.58911e+06
251 1.58918e+06
252 1.58928e+06
253 1.58934e+06
254 1.58959e+06
255 1.58967e+06
256 1.58972e+06
257 1.58979e+06
258 1.58992e+06
259 1.59e+06
260 1.59014e+06
261 1.59017e+06
262 1.59029e+06
263 1.59047e+06
264 1.59073e+06
265 1.5908e+06
266 1.59082e+06
267 1.59088e+06
268 1.59104e+06
269 1.59116e+06
270 1.5912e+06
271 1.59128e+06
272 1.59133e+06
273 1.59148e+06
274 1.59148e+06
275 1.59152e+06
276 1.59158e+06
277 1.59163e+06
278 1.59172e+06
279 1.59187e+06
280 1.59196e+06
281 1.59205e+06
282 1.59208e+06
283 1.59217e+06
284 1.59225e+06
285 1.59237e+06
286 1.59247e+06
287 1.59247e+06
288 1.59255e+06
289 1.59256e+06
290 1.59263e+06
291 1.59269e+06
292 1.59275e+06
293 1.59296e+06
294 1.59299e+06
295 1.59303e+06
296 1.59315e+06
297 1.59322e+06
298 1.59325e+06
299 1.59329e+06
300 1.59339e+06
301 1.59348e+06
302 1.59359e+06
303 1.59367e+06
304 1.59376e+06
305 1.59379e+06
306 1.59384e+06
307 1.59388e+06
308 1.59394e+06
309 1.59405e+06
310 1.59412e+06
311 1.59422e+06
312 1.5943e+06
313 1.59439e+06
314 1.59442e+06
315 1.5945e+06
316 1.59454e+06
317 1.59459e+06
318 1.5947e+06
319 1.5948e+06
320 1.59492e+06
321 1.59495e+06
322 1.59495e+06
323 1.59495e+06
324 1.59502e+06
325 1.5951e+06
326 1.59515e+06
327 1.59523e+06
328 1.59531e+06
329 1.59534e+06
330 1.59536e+06
331 1.59542e+06
332 1.59549e+06
333 1.5955e+06
334 1.59558e+06
335 1.59568e+06
336 1.59575e+06
337 1.59577e+06
338 1.59585e+06
339 1.59589e+06
340 1.59599e+06
341 1.59608e+06
342 1.5962e+06
343 1.59624e+06
344 1.59632e+06
345 1.59637e+06
346 1.59642e+06
347 1.59649e+06
348 1.59652e+06
349 1.59666e+06
350 1.59666e+06
351 1.59676e+06
352 1.59681e+06
353 1.59686e+06
354 1.59692e+06
355 1.59703e+06
356 1.59729e+06
357 1.59745e+06
358 1.59746e+06
359 1.59751e+06
360 1.59763e+06
361 1.59769e+06
362 1.59777e+06
363 1.59794e+06
364 1.59796e+06
365 1.59806e+06
366 1.59813e+06
367 1.59821e+06
368 1.59825e+06
369 1.59834e+06
370 1.59847e+06
371 1.59856e+06
372 1.59863e+06
373 1.59867e+06
374 1.59872e+06
375 1.59873e+06
376 1.59875e+06
377 1.59878e+06
378 1.59882e+06
379 1.5989e+06
380 1.59899e+06
381 1.59904e+06
382 1.59908e+06
383 1.59914e+06
384 1.59918e+06
385 1.59929e+06
386 1.59933e+06
387 1.59939e+06
388 1.59942e+06
389 1.59962e+06
390 1.59966e+06
391 1.59972e+06
392 1.5998e+06
393 1.5999e+06
394 1.59993e+06
395 1.60006e+06
396 1.60007e+06
397 1.6001e+06
398 1.60012e+06
399 1.60015e+06
400 1.60021e+06
401 1.60022e+06
402 1.60039e+06
403 1.60045e+06
404 1.6005e+06
405 1.60058e+06
406 1.60067e+06
407 1.60076e+06
408 1.60084e+06
409 1.60093e+06
410 1.60098e+06
411 1.60104e+06
412 1.60107e+06
413 1.60112e+06
414 1.60112e+06
415 1.60119e+06
416 1.60126e+06
417 1.60137e+06
418 1.60152e+06
419 1.60159e+06
420 1.60162e+06
421 1.60169e+06
422 1.60178e+06
423 1.60185e+06
424 1.60188e+06
425 1.60197e+06
426 1.60202e+06
427 1.60206e+06
428 1.60211e+06
429 1.60218e+06
430 1.60228e+06
431 1.60241e+06
432 1.60251e+06
433 1.60259e+06
434 1.60261e+06
435 1.60275e+06
436 1.60284e+06
437 1.60288e+06
438 1.6029e+06
439 1.60299e+06
440 1.60308e+06
441 1.60317e+06
442 1.60319e+06
443 1.60332e+06
444 1.60347e+06
445 1.60356e+06
446 1.60363e+06
447 1.60364e+06
448 1.60374e+06
449 1.60374e+06
450 1.60385e+06
451 1.6039e+06
452 1.60389e+06
453 1.60394e+06
454 1.60397e+06
455 1.60414e+06
456 1.60416e+06
457 1.60421e+06
458 1.60426e+06
459 1.60436e+06
460 1.60439e+06
461 1.6044e+06
462 1.6044e+06
463 1.60444e+06
464 1.60455e+06
465 1.60461e+06
466 1.60471e+06
467 1.60483e+06
468 1.60487e+06
469 1.60489e+06
470 1.60493e+06
471 1.60496e+06
472 1.60503e+06
473 1.60512e+06
474 1.60516e+06
475 1.60527e+06
476 1.60536e+06
477 1.6054e+06
478 1.60553e+06
479 1.60568e+06
480 1.60576e+06
481 1.60578e+06
482 1.6059e+06
483 1.60602e+06
484 1.60607e+06
485 1.60613e+06
486 1.60622e+06
487 1.60629e+06
488 1.60635e+06
489 1.60635e+06
490 1.60648e+06
491 1.60659e+06
492 1.60672e+06
493 1.60676e+06
494 1.6068e+06
495 1.60683e+06
496 1.60687e+06
497 1.6069e+06
498 1.60697e+06
499 1.60704e+06
500 1.60705e+06
501 1.60721e+06
502 1.60726e+06
503 1.60731e+06
504 1.60741e+06
505 1.60746e+06
506 1.6075e+06
507 1.60766e+06
508 1.60766e+06
509 1.60779e+06
510 1.60781e+06
511 1.60788e+06
512 1.608e+06
513 1.60804e+06
514 1.60808e+06
515 1.60818e+06
516 1.60822e+06
517 1.60822e+06
518 1.60823e+06
519 1.60836e+06
520 1.60836e+06
521 1.60845e+06
522 1.60847e+06
523 1.60851e+06
524 1.60862e+06
525 1.60868e+06
526 1.60872e+06
527 1.60876e+06
528 1.60884e+06
529 1.6089e+06
530 1.60893e+06
531 1.60904e+06
532 1.60912e+06
533 1.60922e+06
534 1.60929e+06
535 1.60939e+06
536 1.60942e+06
537 1.60946e+06
538 1.60948e+06
539 1.60952e+06
540 1.60963e+06
541 1.60965e+06
542 1.60969e+06
543 1.60972e+06
544 1.60973e+06
545 1.60979e+06
546 1.60984e+06
547 1.60984e+06
548 1.60986e+06
549 1.60989e+06
550 1.60997e+06
551 1.61005e+06
552 1.61007e+06
553 1.61013e+06
554 1.61026e+06
555 1.61032e+06
556 1.61042e+06
557 1.61044e+06
558 1.6105e+06
559 1.61053e+06
560 1.61053e+06
561 1.61057e+06
562 1.6106e+06
563 1.61062e+06
564 1.61062e+06
565 1.61074e+06
566 1.61081e+06
567 1.6109e+06
568 1.6109e+06
569 1.611e+06
570 1.61108e+06
571 1.6111e+06
572 1.61112e+06
573 1.61119e+06
574 1.61119e+06
575 1.61124e+06
576 1.6113e+06
577 1.61144e+06
578 1.61151e+06
579 1.61162e+06
580 1.61165e+06
581 1.6117e+06
582 1.61174e+06
583 1.61186e+06
584 1.61191e+06
585 1.61195e+06
586 1.61201e+06
587 1.61202e+06
588 1.61208e+06
589 1.61216e+06
590 1.61229e+06
591 1.61232e+06
592 1.61249e+06
593 1.61266e+06
594 1.61289e+06
595 1.61294e+06
596 1.61301e+06
597 1.61315e+06
598 1.61316e+06
599 1.61326e+06
600 1.61334e+06
601 1.61334e+06
602 1.61334e+06
603 1.61337e+06
604 1.61348e+06
605 1.61359e+06
606 1.61366e+06
607 1.61376e+06
608 1.61377e+06
609 1.61379e+06
610 1.61382e+06
611 1.61387e+06
612 1.61394e+06
613 1.61397e+06
614 1.61402e+06
615 1.61403e+06
616 1.61403e+06
617 1.61404e+06
618 1.61409e+06
619 1.61414e+06
620 1.61419e+06
621 1.61428e+06
622 1.6143e+06
623 1.6144e+06
624 1.6144e+06
625 1.61448e+06
626 1.6146e+06
627 1.61469e+06
628 1.61477e+06
629 1.61482e+06
630 1.61482e+06
631 1.61487e+06
632 1.61491e+06
633 1.61501e+06
634 1.61505e+06
635 1.61507e+06
636 1.61515e+06
637 1.6152e+06
638 1.61527e+06
639 1.61531e+06
640 1.61539e+06
641 1.61543e+06
642 1.61549e+06
643 1.61559e+06
644 1.61563e+06
645 1.61576e+06
646 1.61579e+06
647 1.61581e+06
648 1.61581e+06
649 1.61587e+06
650 1.61592e+06
651 1.61592e+06
652 1.61603e+06
653 1.61611e+06
654 1.61614e+06
655 1.6162e+06
656 1.61634e+06
657 1.61636e+06
658 1.61638e+06
659 1.61644e+06
660 1.61648e+06
661 1.61654e+06
662 1.61654e+06
663 1.61658e+06
664 1.61664e+06
665 1.61666e+06
666 1.61674e+06
667 1.6168e+06
668 1.61687e+06
669 1.6169e+06
670 1.61694e+06
671 1.61696e+06
672 1.61696e+06
673 1.61698e+06
674 1.61701e+06
675 1.61705e+06
676 1.6171e+06
677 1.61723e+06
678 1.61732e+06
679 1.61734e+06
680 1.61751e+06
681 1.61758e+06
682 1.61763e+06
683 1.61768e+06
684 1.61769e+06
685 1.61775e+06
686 1.61776e+06
687 1.6178e+06
688 1.61786e+06
689 1.6179e+06
690 1.61791e+06
691 1.61793e+06
692 1.61798e+06
693 1.61804e+06
694 1.61814e+06
695 1.61821e+06
696 1.61826e+06
697 1.61831e+06
698 1.61831e+06
699 1.61835e+06
700 1.61836e+06
701 1.61839e+06
702 1.61839e+06
703 1.6184e+06
704 1.61845e+06
705 1.6185e+06
706 1.61853e+06
707 1.61856e+06
708 1.61857e+06
709 1.61858e+06
710 1.61862e+06
711 1.61866e+06
712 1.6187e+06
713 1.61872e+06
714 1.61884e+06
715 1.61884e+06
716 1.61887e+06
717 1.61888e+06
718 1.61892e+06
719 1.61892e+06
720 1.61892e+06
721 1.61895e+06
722 1.61897e+06
723 1.61897e+06
724 1.61897e+06
725 1.61904e+06
726 1.61908e+06
727 1.6191e+06
728 1.61912e+06
729 1.61915e+06
730 1.61924e+06
731 1.61926e+06
732 1.61931e+06
733 1.61932e+06
734 1.61934e+06
735 1.61941e+06
736 1.61954e+06
737 1.61959e+06
738 1.6196e+06
739 1.6196e+06
740 1.61964e+06
741 1.6197e+06
742 1.61978e+06
743 1.61988e+06
744 1.61992e+06
745 1.62e+06
746 1.62e+06
747 1.62004e+06
748 1.62008e+06
749 1.62014e+06
750 1.6202e+06
751 1.62028e+06
752 1.62038e+06
753 1.62039e+06
754 1.62041e+06
755 1.62046e+06
756 1.62047e+06
757 1.62056e+06
758 1.62073e+06
759 1.62087e+06
760 1.62087e+06
761 1.62088e+06
762 1.6209e+06
763 1.62094e+06
764 1.621e+06
765 1.62114e+06
766 1.62124e+06
767 1.6213e+06
768 1.6213e+06
769 1.6214e+06
770 1.62146e+06
771 1.62149e+06
772 1.6215e+06
773 1.62152e+06
774 1.62157e+06
775 1.62162e+06
776 1.62163e+06
777 1.62167e+06
778 1.62178e+06
779 1.62188e+06
780 1.62193e+06
781 1.62201e+06
782 1.62209e+06
783 1.62215e+06
784 1.62216e+06
785 1.62228e+06
786 1.62231e+06
787 1.62237e+06
788 1.62239e+06
789 1.62258e+06
790 1.62268e+06
791 1.62282e+06
792 1.62284e+06
793 1.62294e+06
794 1.623e+06
795 1.62307e+06
796 1.62311e+06
797 1.62315e+06
798 1.62321e+06
799 1.62334e+06
800 1.62342e+06
801 1.62349e+06
802 1.62349e+06
803 1.62352e+06
804 1.62352e+06
805 1.62361e+06
806 1.62362e+06
807 1.62364e+06
808 1.62364e+06
809 1.62367e+06
810 1.62368e+06
811 1.62377e+06
812 1.62397e+06
813 1.62406e+06
814 1.62407e+06
815 1.62413e+06
816 1.62414e+06
817 1.62424e+06
818 1.62428e+06
819 1.62432e+06
820 1.62435e+06
821 1.6244e+06
822 1.6245e+06
823 1.62452e+06
824 1.6246e+06
825 1.62468e+06
826 1.62471e+06
827 1.62472e+06
828 1.62475e+06
829 1.62481e+06
830 1.62494e+06
831 1.62499e+06
832 1.62503e+06
833 1.62512e+06
834 1.62514e+06
835 1.62515e+06
836 1.62515e+06
837 1.62522e+06
838 1.62526e+06
839 1.6253e+06
840 1.62536e+06
841 1.6254e+06
842 1.62541e+06
843 1.62547e+06
844 1.62557e+06
845 1.62561e+06
846 1.62579e+06
847 1.62581e+06
848 1.62582e+06
849 1.62588e+06
850 1.62596e+06
851 1.62602e+06
852 1.62608e+06
853 1.62618e+06
854 1.62627e+06
855 1.62627e+06
856 1.62636e+06
857 1.62642e+06
858 1.62652e+06
859 1.62658e+06
860 1.62664e+06
861 1.62667e+06
862 1.62668e+06
863 1.62675e+06
864 1.62692e+06
865 1.62692e+06
866 1.62693e+06
867 1.62697e+06
868 1.62704e+06
869 1.62704e+06
870 1.62711e+06
871 1.62717e+06
872 1.62717e+06
873 1.62728e+06
874 1.62732e+06
875 1.62733e+06
876 1.62733e+06
877 1.62746e+06
878 1.62748e+06
879 1.62754e+06
880 1.62756e+06
881 1.6276e+06
882 1.62766e+06
883 1.62772e+06
884 1.62774e+06
885 1.62787e+06
886 1.62791e+06
887 1.62791e+06
888 1.62797e+06
889 1.62799e+06
890 1.62808e+06
891 1.62814e+06
892 1.6283e+06
893 1.62832e+06
894 1.62836e+06
895 1.62844e+06
896 1.62844e+06
897 1.62848e+06
898 1.6285e+06
899 1.62858e+06
900 1.62863e+06
901 1.62863e+06
902 1.6287e+06
903 1.62882e+06
904 1.62892e+06
905 1.62894e+06
906 1.62902e+06
907 1.62908e+06
908 1.62914e+06
909 1.62919e+06
910 1.62929e+06
911 1.62933e+06
912 1.6294e+06
913 1.6295e+06
914 1.62955e+06
915 1.62961e+06
916 1.62963e+06
917 1.62964e+06
918 1.62972e+06
919 1.62974e+06
920 1.62975e+06
921 1.62978e+06
922 1.62981e+06
923 1.62994e+06
924 1.63e+06
925 1.63011e+06
926 1.63023e+06
927 1.63027e+06
928 1.63036e+06
929 1.63042e+06
930 1.63046e+06
931 1.63052e+06
932 1.63058e+06
933 1.63064e+06
934 1.63073e+06
935 1.63079e+06
936 1.63084e+06
937 1.63086e+06
938 1.63101e+06
939 1.63108e+06
940 1.63116e+06
941 1.63118e+06
942 1.63131e+06
943 1.6314e+06
944 1.63145e+06
945 1.63148e+06
946 1.63152e+06
947 1.63157e+06
948 1.63159e+06
949 1.63164e+06
950 1.6317e+06
951 1.63177e+06
952 1.63177e+06
953 1.63182e+06
954 1.63188e+06
955 1.63193e+06
956 1.63196e+06
957 1.632e+06
958 1.632e+06
959 1.63201e+06
960 1.63203e+06
961 1.63203e+06
962 1.63208e+06
963 1.63223e+06
964 1.63238e+06
965 1.6324e+06
966 1.63252e+06
967 1.63266e+06
968 1.63271e+06
969 1.63275e+06
970 1.6328e+06
971 1.63294e+06
972 1.63298e+06
973 1.633e+06
974 1.63306e+06
975 1.63306e+06
976 1.63309e+06
977 1.63317e+06
978 1.63323e+06
979 1.63329e+06
980 1.63331e+06
981 1.63343e+06
982 1.6335e+06
983 1.6335e+06
984 1.63357e+06
985 1.6336e+06
986 1.63361e+06
987 1.63364e+06
988 1.63364e+06
989 1.63364e+06
990 1.63369e+06
991 1.63372e+06
992 1.63373e+06
993 1.63374e+06
994 1.63375e+06
995 1.63375e+06
996 1.63379e+06
997 1.63382e+06
998 1.63382e+06
999 1.6339e+06
1000 1.6339e+06
