128 0.3 0.411
0 156776
1 1.56782e+06
2 1.56796e+06
3 1.56797e+06
4 1.56799e+06
5 1.5681e+06
6 1.56814e+06
7 1.56823e+06
8 1.56828e+06
9 1.56838e+06
10 1.56844e+06
11 1.5686e+06
12 1.56869e+06
13 1.56875e+06
14 1.56886e+06
15 1.56898e+06
16 1.56912e+06
17 1.56916e+06
18 1.56925e+06
19 1.56937e+06
20 1.56943e+06
21 1.56956e+06
22 1.56968e+06
23 1.56982e+06
24 1.56988e+06
25 1.57002e+06
26 1.57006e+06
27 1.57016e+06
28 1.57024e+06
29 1.57032e+06
30 1.5704e+06
31 1.57041e+06
32 1.57045e+06
33 1.57051e+06
34 1.57065e+06
35 1.57071e+06
36 1.57084e+06
37 1.57096e+06
38 1.5711e+06
39 1.57121e+06
40 1.57132e+06
41 1.57136e+06
42 1.57151e+06
43 1.57158e+06
44 1.57171e+06
45 1.57175e+06
46 1.57183e+06
47 1.57192e+06
48 1.572e+06
49 1.5721e+06
50 1.57215e+06
51 1.57228e+06
52 1.57233e+06
53 1.5725e+06
54 1.5726e+06
55 1.57269e+06
56 1.57273e+06
57 1.57278e+06
58 1.57287e+06
59 1.57297e+06
60 1.57301e+06
61 1.57326e+06
62 1.57333e+06
63 1.57338e+06
64 1.57347e+06
65 1.57351e+06
66 1.57362e+06
67 1.5737e+06
68 1.57372e+06
69 1.5738e+06
70 1.5739e+06
71 1.57393e+06
72 1.57398e+06
73 1.57404e+06
74 1.57415e+06
75 1.57431e+06
76 1.57435e+06
77 1.57437e+06
78 1.57445e+06
79 1.57455e+06
80 1.5747e+06
81 1.57481e+06
82 1.57488e+06
83 1.57494e+06
84 1.57504e+06
85 1.57514e+06
86 1.57519e+06
87 1.57528e+06
88 1.57536e+06
89 1.57542e+06
90 1.57551e+06
91 1.57554e+06
92 1.57557e+06
93 1.57571e+06
94 1.5758e+06
95 1.57587e+06
96 1.57602e+06
97 1.57611e+06
98 1.5762e+06
99 1.57628e+06
100 1.57635e+06
101 1.57652e+06
102 1.57674e+06
103 1.57675e+06
104 1.57681e+06
105 1.57689e+06
106 1.57704e+06
107 1.57716e+06
108 1.5772e+06
109 1.57725e+06
110 1.57728e+06
111 1.57729e+06
112 1.57738e+06
113 1.57741e+06
114 1.57745e+06
115 1.57751e+06
116 1.57754e+06
117 1.57765e+06
118 1.57769e+06
119 1.57783e+06
120 1.57789e+06
121 1.57791e+06
122 1.57804e+06
123 1.57808e+06
124 1.57819e+06
125 1.5782e+06
126 1.5783e+06
127 1.57844e+06
128 1.57856e+06
129 1.57862e+06
130 1.57875e+06
131 1.57881e+06
132 1.57892e+06
133 1.57895e+06
134 1.57913e+06
135 1.57924e+06
136 1.57944e+06
137 1.5796e+06
138 1.57974e+06
139 1.57985e+06
140 1.57992e+06
141 1.58014e+06
142 1.58025e+06
143 1.58033e+06
144 1.58045e+06
145 1.58064e+06
146 1.58072e+06
147 1.58076e+06
148 1.58089e+06
149 1.58094e+06
150 1.58107e+06
151 1.58116e+06
152 1.58128e+06
153 1.5814e+06
154 1.58148e+06
155 1.58158e+06
156 1.58167e+06
157 1.58169e+06
158 1.58175e+06
159 1.58181e+06
160 1.58188e+06
161 1.58194e+06
162 1.58205e+06
163 1.5821e+06
164 1.58221e+06
165 1.5823e+06
166 1.58236e+06
167 1.58242e+06
168 1.5825e+06
169 1.58251e+06
170 1.58252e+06
171 1.58266e+06
172 1.58266e+06
173 1.58266e+06
174 1.58277e+06
175 1.58283e+06
176 1.58284e+06
177 1.58286e+06
178 1.58288e+06
179 1.58304e+06
180 1.58306e+06
181 1.5831e+06
182 1.58315e+06
183 1.5832e+06
184 1.58331e+06
185 1.58334e+06
186 1.58346e+06
187 1.58357e+06
188 1.5836e+06
189 1.58367e+06
190 1.58372e+06
191 1.58378e+06
192 1.58379e+06
193 1.58389e+06
194 1.58398e+06
195 1.58405e+06
196 1.5841e+06
197 1.58416e+06
198 1.5843e+06
199 1.58436e+06
200 1.58444e+06
201 1.58456e+06
202 1.58467e+06
203 1.58475e+06
204 1.58479e+06
205 1.58487e+06
206 1.58491e+06
207 1.58508e+06
208 1.58518e+06
209 1.58526e+06
210 1.58528e+06
211 1.58533e+06
212 1.58534e+06
213 1.5855e+06
214 1.58553e+06
215 1.58558e+06
216 1.58566e+06
217 1.58574e+06
218 1.5858e+06
219 1.58582e+06
220 1.58588e+06
221 1.58596e+06
222 1.58613e+06
223 1.58621e+06
224 1.58623e+06
225 1.5863e+06
226 1.58636e+06
227 1.58642e+06
228 1.58648e+06
229 1.58654e+06
230 1.58661e+06
231 1.5867e+06
232 1.58679e+06
233 1.58687e+06
234 1.58692e+06
235 1.58701e+06
236 1.58707e+06
237 1.5871e+06
238 1.58719e+06
239 1.58728e+06
240 1.58735e+06
241 1.58737e+06
242 1.58746e+06
243 1.58764e+06
244 1.58776e+06
245 1.58785e+06
246 1.58793e+06
247 1.58803e+06
248 1.58815e+06
249 1.58818e+06
250 1.58825e+06
251 1.58836e+06
252 1.58842e+06
253 1.58844e+06
254 1.58848e+06
255 1.58863e+06
256 1.58872e+06
257 1.5888e+06
258 1.5889e+06
259 1.58893e+06
260 1.589e+06
261 1.5891e+06
262 1.5892e+06
263 1.58926e+06
264 1.58933e+06
265 1.58942e+06
266 1.58952e+06
267 1.58956e+06
268 1.58966e+06
269 1.58982e+06
270 1.58989e+06
271 1.58998e+06
272 1.59003e+06
273 1.59007e+06
274 1.59014e+06
275 1.59021e+06
276 1.5903e+06
277 1.59041e+06
278 1.59048e+06
279 1.5906e+06
280 1.5906e+06
281 1.59065e+06
282 1.59075e+06
283 1.59088e+06
284 1.59092e+06
285 1.59101e+06
286 1.59112e+06
287 1.59116e+06
288 1.5912e+06
289 1.59122e+06
290 1.5913e+06
291 1.59132e+06
292 1.59142e+06
293 1.59144e+06
294 1.59148e+06
295 1.5915e+06
296 1.59156e+06
297 1.59161e+06
298 1.59169e+06
299 1.59172e+06
300 1.59182e+06
301 1.59189e+06
302 1.59203e+06
303 1.59212e+06
304 1.59222e+06
305 1.59227e+06
306 1.59232e+06
307 1.59236e+06
308 1.5925e+06
309 1.59255e+06
310 1.59268e+06
311 1.59268e+06
312 1.59275e+06
313 1.59294e+06
314 1.59305e+06
315 1.59313e+06
316 1.59314e+06
317 1.59316e+06
318 1.59324e+06
319 1.5933e+06
320 1.59341e+06
321 1.59341e+06
322 1.59348e+06
323 1.59352e+06
324 1.59362e+06
325 1.59365e+06
326 1.59379e+06
327 1.59379e+06
328 1.59385e+06
329 1.59392e+06
330 1.59399e+06
331 1.59408e+06
332 1.59412e+06
333 1.59412e+06
334 1.59429e+06
335 1.59435e+06
336 1.5944e+06
337 1.59456e+06
338 1.59457e+06
339 1.59461e+06
340 1.59466e+06
341 1.59468e+06
342 1.59468e+06
343 1.59477e+06
344 1.59481e+06
345 1.5949e+06
346 1.59498e+06
347 1.59498e+06
348 1.59515e+06
349 1.59518e+06
350 1.59525e+06
351 1.59526e+06
352 1.59535e+06
353 1.5954e+06
354 1.59543e+06
355 1.59548e+06
356 1.59564e+06
357 1.5957e+06
358 1.59581e+06
359 1.59594e+06
360 1.59608e+06
361 1.59611e+06
362 1.59616e+06
363 1.59618e+06
364 1.59623e+06
365 1.5963e+06
366 1.5963e+06
367 1.59639e+06
368 1.59651e+06
369 1.5966e+06
370 1.59674e+06
371 1.5969e+06
372 1.597e+06
373 1.59708e+06
374 1.59718e+06
375 1.59724e+06
376 1.59734e+06
377 1.59737e+06
378 1.5974e+06
379 1.59746e+06
380 1.59752e+06
381 1.59754e+06
382 1.59762e+06
383 1.59774e+06
384 1.5978e+06
385 1.59784e+06
386 1.59789e+06
387 1.59792e+06
388 1.59798e+06
389 1.59807e+06
390 1.59812e+06
391 1.59821e+06
392 1.59822e+06
393 1.59834e+06
394 1.59841e+06
395 1.59852e+06
396 1.59857e+06
397 1.59865e+06
398 1.5987e+06
399 1.59878e+06
400 1.59884e+06
401 1.59887e+06
402 1.59892e+06
403 1.59892e+06
404 1.59894e+06
405 1.59899e+06
406 1.59907e+06
407 1.59908e+06
408 1.59917e+06
409 1.59926e+06
410 1.59935e+06
411 1.59939e+06
412 1.59947e+06
413 1.5995e+06
414 1.59952e+06
415 1.59961e+06
416 1.59964e+06
417 1.59967e+06
418 1.59973e+06
419 1.5998e+06
420 1.59982e+06
421 1.59986e+06
422 1.59994e+06
423 1.6e+06
424 1.60013e+06
425 1.60027e+06
426 1.60034e+06
427 1.60041e+06
428 1.60047e+06
429 1.60055e+06
430 1.60055e+06
431 1.60062e+06
432 1.60072e+06
433 1.60079e+06
434 1.60087e+06
435 1.6009e+06
436 1.60095e+06
437 1.60099e+06
438 1.60109e+06
439 1.60119e+06
440 1.6012e+06
441 1.60125e+06
442 1.60132e+06
443 1.60139e+06
444 1.6015e+06
445 1.60155e+06
446 1.60163e+06
447 1.60164e+06
448 1.60175e+06
449 1.60176e+06
450 1.60178e+06
451 1.60186e+06
452 1.60194e+06
453 1.60196e+06
454 1.60199e+06
455 1.60214e+06
456 1.60222e+06
457 1.60229e+06
458 1.60231e+06
459 1.60236e+06
460 1.60243e+06
461 1.60246e+06
462 1.60255e+06
463 1.60262e+06
464 1.60274e+06
465 1.60282e+06
466 1.60288e+06
467 1.60297e+06
468 1.60298e+06
469 1.60311e+06
470 1.60314e+06
471 1.60321e+06
472 1.60321e+06
473 1.60322e+06
474 1.60323e+06
475 1.6033e+06
476 1.60333e+06
477 1.6034e+06
478 1.60349e+06
479 1.6035e+06
480 1.60354e+06
481 1.60361e+06
482 1.60373e+06
483 1.6038e+06
484 1.60384e+06
485 1.60385e+06
486 1.60389e+06
487 1.60401e+06
488 1.60408e+06
489 1.60412e+06
490 1.60414e+06
491 1.60417e+06
492 1.60428e+06
493 1.60428e+06
494 1.60434e+06
495 1.60437e+06
496 1.60443e+06
497 1.60452e+06
498 1.60454e+06
499 1.60457e+06
500 1.60458e+06
501 1.60461e+06
502 1.60471e+06
503 1.60477e+06
504 1.6048e+06
505 1.60493e+06
506 1.60496e+06
507 1.60498e+06
508 1.60511e+06
509 1.60512e+06
510 1.6052e+06
511 1.60523e+06
512 1.60534e+06
513 1.60543e+06
514 1.6056e+06
515 1.60565e+06
516 1.60575e+06
517 1.60576e+06
518 1.60576e+06
519 1.60577e+06
520 1.60587e+06
521 1.60591e+06
522 1.60598e+06
523 1.60608e+06
524 1.60614e+06
525 1.60625e+06
526 1.60627e+06
527 1.60629e+06
528 1.6063e+06
529 1.60642e+06
530 1.60653e+06
531 1.60659e+06
532 1.60663e+06
533 1.60668e+06
534 1.60674e+06
535 1.60678e+06
536 1.60684e+06
537 1.6069e+06
538 1.60694e+06
539 1.60704e+06
540 1.60706e+06
541 1.6071e+06
542 1.60714e+06
543 1.60718e+06
544 1.60734e+06
545 1.60744e+06
546 1.60749e+06
547 1.60753e+06
548 1.60758e+06
549 1.60763e+06
550 1.60769e+06
551 1.60773e+06
552 1.60775e+06
553 1.60776e+06
554 1.60778e+06
555 1.60783e+06
556 1.60785e+06
557 1.60792e+06
558 1.60798e+06
559 1.60802e+06
560 1.60811e+06
561 1.60812e+06
562 1.60815e+06
563 1.60822e+06
564 1.60827e+06
565 1.60832e+06
566 1.60836e+06
567 1.60849e+06
568 1.6085e+06
569 1.60853e+06
570 1.60856e+06
571 1.6086e+06
572 1.60867e+06
573 1.6088e+06
574 1.60884e+06
575 1.60886e+06
576 1.60894e+06
577 1.60896e+06
578 1.60896e+06
579 1.60902e+06
580 1.60911e+06
581 1.60916e+06
582 1.60917e+06
583 1.60923e+06
584 1.60926e+06
585 1.60928e+06
586 1.60936e+06
587 1.60937e+06
588 1.60942e+06
589 1.60948e+06
590 1.60953e+06
591 1.60959e+06
592 1.60967e+06
593 1.60978e+06
594 1.60991e+06
595 1.60997e+06
596 1.61004e+06
597 1.61004e+06
598 1.61004e+06
599 1.61019e+06
600 1.6102e+06
601 1.61032e+06
602 1.61033e+06
603 1.6104e+06
604 1.61045e+06
605 1.61046e+06
606 1.61049e+06
607 1.61051e+06
608 1.61051e+06
609 1.61062e+06
610 1.61068e+06
611 1.61071e+06
612 1.61083e+06
613 1.61085e+06
614 1.61086e+06
615 1.61092e+06
616 1.61096e+06
617 1.611e+06
618 1.61111e+06
619 1.61116e+06
620 1.61126e+06
621 1.61135e+06
622 1.61136e+06
623 1.6114e+06
624 1.61142e+06
625 1.61148e+06
626 1.61153e+06
627 1.61156e+06
628 1.61162e+06
629 1.61163e+06
630 1.61164e+06
631 1.61175e+06
632 1.61183e+06
633 1.61194e+06
634 1.61197e+06
635 1.61201e+06
636 1.61202e+06
637 1.61215e+06
638 1.61218e+06
639 1.61225e+06
640 1.61235e+06
641 1.61238e+06
642 1.61241e+06
643 1.61248e+06
644 1.61253e+06
645 1.61259e+06
646 1.61259e+06
647 1.61261e+06
648 1.61267e+06
649 1.6128e+06
650 1.6128e+06
651 1.61285e+06
652 1.61296e+06
653 1.61296e+06
654 1.61297e+06
655 1.61307e+06
656 1.61311e+06
657 1.61317e+06
658 1.6132e+06
659 1.61328e+06
660 1.61331e+06
661 1.61335e+06
662 1.61344e+06
663 1.6136e+06
664 1.61366e+06
665 1.6137e+06
666 1.61372e+06
667 1.61373e+06
668 1.61379e+06
669 1.61394e+06
670 1.61398e+06
671 1.61409e+06
672 1.6142e+06
673 1.61424e+06
674 1.61429e+06
675 1.61433e+06
676 1.61439e+06
677 1.6144e+06
678 1.61447e+06
679 1.6145e+06
680 1.61452e+06
681 1.61455e+06
682 1.61459e+06
683 1.61463e+06
684 1.61472e+06
685 1.61478e+06
686 1.61482e+06
687 1.61486e+06
688 1.61495e+06
689 1.615e+06
690 1.61504e+06
691 1.6151e+06
692 1.61511e+06
693 1.61516e+06
694 1.6152e+06
695 1.61527e+06
696 1.61535e+06
697 1.61545e+06
698 1.61554e+06
699 1.61565e+06
700 1.61577e+06
701 1.61583e+06
702 1.61585e+06
703 1.61588e+06
704 1.6159e+06
705 1.61591e+06
706 1.61604e+06
707 1.61617e+06
708 1.61621e+06
709 1.61625e+06
710 1.61636e+06
711 1.61642e+06
712 1.61652e+06
713 1.61657e+06
714 1.61663e+06
715 1.61674e+06
716 1.61676e+06
717 1.6168e+06
718 1.61686e+06
719 1.61686e+06
720 1.61687e+06
721 1.61691e+06
722 1.61701e+06
723 1.61707e+06
724 1.6171e+06
725 1.61716e+06
726 1.61719e+06
727 1.61722e+06
728 1.6173e+06
729 1.61746e+06
730 1.61752e+06
731 1.61755e+06
732 1.61764e+06
733 1.61768e+06
734 1.61768e+06
735 1.61772e+06
736 1.61779e+06
737 1.61789e+06
738 1.61799e+06
739 1.61818e+06
740 1.61829e+06
741 1.6183e+06
742 1.61834e+06
743 1.61838e+06
744 1.61844e+06
745 1.61844e+06
746 1.61846e+06
747 1.6185e+06
748 1.61854e+06
749 1.6186e+06
750 1.61861e+06
751 1.61865e+06
752 1.6187e+06
753 1.61871e+06
754 1.61884e+06
755 1.61884e+06
756 1.61891e+06
757 1.61894e+06
758 1.61896e+06
759 1.61897e+06
760 1.61897e+06
761 1.6191e+06
762 1.61916e+06
763 1.61922e+06
764 1.61928e+06
765 1.61931e+06
766 1.61934e+06
767 1.61941e+06
768 1.61945e+06
769 1.61947e+06
770 1.61947e+06
771 1.61949e+06
772 1.61952e+06
773 1.61958e+06
774 1.61958e+06
775 1.61964e+06
776 1.61968e+06
777 1.61973e+06
778 1.61977e+06
779 1.61979e+06
780 1.61979e+06
781 1.6198e+06
782 1.6198e+06
783 1.61994e+06
784 1.61999e+06
785 1.62003e+06
786 1.62009e+06
787 1.62016e+06
788 1.62028e+06
789 1.62035e+06
790 1.62047e+06
791 1.62051e+06
792 1.62063e+06
793 1.6207e+06
794 1.62075e+06
795 1.62079e+06
796 1.62091e+06
797 1.62104e+06
798 1.6211e+06
799 1.62118e+06
800 1.62132e+06
801 1.62136e+06
802 1.62141e+06
803 1.62146e+06
804 1.62163e+06
805 1.62162e+06
806 1.62165e+06
807 1.62165e+06
808 1.62169e+06
809 1.62172e+06
810 1.62178e+06
811 1.62185e+06
812 1.62193e+06
813 1.62197e+06
814 1.62206e+06
815 1.62207e+06
816 1.62211e+06
817 1.62218e+06
818 1.62224e+06
819 1.6223e+06
820 1.62232e+06
821 1.62234e+06
822 1.6224e+06
823 1.62246e+06
824 1.62252e+06
825 1.62262e+06
826 1.62268e+06
827 1.62278e+06
828 1.62281e+06
829 1.62289e+06
830 1.6229e+06
831 1.62298e+06
832 1.62311e+06
833 1.62317e+06
834 1.62322e+06
835 1.62335e+06
836 1.62336e+06
837 1.62342e+06
838 1.62347e+06
839 1.62353e+06
840 1.62356e+06
841 1.62357e+06
842 1.62361e+06
843 1.62361e+06
844 1.62365e+06
845 1.62365e+06
846 1.6237e+06
847 1.62375e+06
848 1.62377e+06
849 1.6238e+06
850 1.62389e+06
851 1.62396e+06
852 1.62403e+06
853 1.6241e+06
854 1.62416e+06
855 1.62421e+06
856 1.62423e+06
857 1.62435e+06
858 1.62441e+06
859 1.62442e+06
860 1.62443e+06
861 1.62452e+06
862 1.62457e+06
863 1.62461e+06
864 1.62464e+06
865 1.62467e+06
866 1.62474e+06
867 1.62481e+06
868 1.62483e+06
869 1.62489e+06
870 1.62494e+06
871 1.62494e+06
872 1.62495e+06
873 1.62504e+06
874 1.62508e+06
875 1.62513e+06
876 1.62517e+06
877 1.6252e+06
878 1.62524e+06
879 1.62527e+06
880 1.62535e+06
881 1.62535e+06
882 1.62537e+06
883 1.62545e+06
884 1.62545e+06
885 1.62557e+06
886 1.62559e+06
887 1.62564e+06
888 1.6257e+06
889 1.62574e+06
890 1.62576e+06
891 1.62587e+06
892 1.62587e+06
893 1.62598e+06
894 1.6261e+06
895 1.62615e+06
896 1.62622e+06
897 1.62632e+06
898 1.62638e+06
899 1.62649e+06
900 1.62653e+06
901 1.62659e+06
902 1.6267e+06
903 1.62682e+06
904 1.62686e+06
905 1.6269e+06
906 1.62693e+06
907 1.62703e+06
908 1.62712e+06
909 1.62724e+06
910 1.62724e+06
911 1.6273e+06
912 1.62735e+06
913 1.62737e+06
914 1.62737e+06
915 1.6274e+06
916 1.62743e+06
917 1.62744e+06
918 1.62754e+06
919 1.62759e+06
920 1.62764e+06
921 1.62766e+06
922 1.62771e+06
923 1.62778e+06
924 1.6278e+06
925 1.62795e+06
926 1.62812e+06
927 1.62819e+06
928 1.62822e+06
929 1.62829e+06
930 1.62833e+06
931 1.62842e+06
932 1.62842e+06
933 1.62852e+06
934 1.62852e+06
935 1.62856e+06
936 1.62864e+06
937 1.62864e+06
938 1.62865e+06
939 1.62868e+06
940 1.62869e+06
941 1.62877e+06
942 1.6288e+06
943 1.62888e+06
944 1.62888e+06
945 1.62889e+06
946 1.62897e+06
947 1.62902e+06
948 1.62912e+06
949 1.62914e+06
950 1.62917e+06
951 1.62924e+06
952 1.62925e+06
953 1.62928e+06
954 1.62936e+06
955 1.62942e+06
956 1.62947e+06
957 1.62954e+06
958 1.62959e+06
959 1.62966e+06
960 1.62968e+06
961 1.62986e+06
962 1.62991e+06
963 1.62992e+06
964 1.63001e+06
965 1.63008e+06
966 1.6302e+06
967 1.6302e+06
968 1.63028e+06
969 1.6303e+06
970 1.63039e+06
971 1.63042e+06
972 1.6305e+06
973 1.63056e+06
974 1.63056e+06
975 1.63058e+06
976 1.63071e+06
977 1.63074e+06
978 1.63077e+06
979 1.63078e+06
980 1.63085e+06
981 1.6309e+06
982 1.63093e+06
983 1.63097e+06
984 1.63103e+06
985 1.63108e+06
986 1.63114e+06
987 1.63114e+06
988 1.63115e+06
989 1.6312e+06
990 1.63122e+06
991 1.63126e+06
992 1.63135e+06
993 1.63146e+06
994 1.63151e+06
995 1.63151e+06
996 1.63156e+06
997 1.63158e+06
998 1.63171e+06
999 1.63174e+06
1000 1.63178e+06
