128 0.3 0.359
0 156776
1 1.56782e+06
2 1.56803e+06
3 1.56804e+06
4 1.56805e+06
5 1.56815e+06
6 1.56819e+06
7 1.5683e+06
8 1.56838e+06
9 1.5685e+06
10 1.56855e+06
11 1.56867e+06
12 1.5688e+06
13 1.56886e+06
14 1.56893e+06
15 1.56905e+06
16 1.56919e+06
17 1.56922e+06
18 1.56931e+06
19 1.56946e+06
20 1.56952e+06
21 1.56968e+06
22 1.56976e+06
23 1.56991e+06
24 1.56999e+06
25 1.57016e+06
26 1.5702e+06
27 1.57027e+06
28 1.57035e+06
29 1.57046e+06
30 1.5705e+06
31 1.57051e+06
32 1.57053e+06
33 1.57056e+06
34 1.5707e+06
35 1.5708e+06
36 1.5709e+06
37 1.57092e+06
38 1.57114e+06
39 1.57126e+06
40 1.57135e+06
41 1.57138e+06
42 1.57154e+06
43 1.57167e+06
44 1.57183e+06
45 1.57188e+06
46 1.57195e+06
47 1.57207e+06
48 1.57217e+06
49 1.57227e+06
50 1.57233e+06
51 1.57243e+06
52 1.57251e+06
53 1.57265e+06
54 1.57275e+06
55 1.57283e+06
56 1.57287e+06
57 1.57292e+06
58 1.57302e+06
59 1.57314e+06
60 1.57321e+06
61 1.57334e+06
62 1.57345e+06
63 1.57352e+06
64 1.57365e+06
65 1.57368e+06
66 1.57373e+06
67 1.57377e+06
68 1.57387e+06
69 1.57403e+06
70 1.57409e+06
71 1.57417e+06
72 1.57424e+06
73 1.5743e+06
74 1.57436e+06
75 1.5745e+06
76 1.57456e+06
77 1.57462e+06
78 1.57478e+06
79 1.57488e+06
80 1.57498e+06
81 1.57509e+06
82 1.57519e+06
83 1.57522e+06
84 1.57534e+06
85 1.57543e+06
86 1.5755e+06
87 1.57557e+06
88 1.57574e+06
89 1.57578e+06
90 1.5759e+06
91 1.57598e+06
92 1.57608e+06
93 1.57622e+06
94 1.57633e+06
95 1.57639e+06
96 1.57647e+06
97 1.57657e+06
98 1.57667e+06
99 1.57673e+06
100 1.57686e+06
101 1.57703e+06
102 1.57712e+06
103 1.57716e+06
104 1.57734e+06
105 1.57746e+06
106 1.57756e+06
107 1.57765e+06
108 1.57771e+06
109 1.57781e+06
110 1.57784e+06
111 1.57786e+06
112 1.57798e+06
113 1.578e+06
114 1.5781e+06
115 1.57818e+06
116 1.57824e+06
117 1.57845e+06
118 1.57854e+06
119 1.57861e+06
120 1.57869e+06
121 1.57876e+06
122 1.57884e+06
123 1.5789e+06
124 1.57902e+06
125 1.57904e+06
126 1.57912e+06
127 1.5793e+06
128 1.57937e+06
129 1.57941e+06
130 1.57954e+06
131 1.57955e+06
132 1.57968e+06
133 1.57975e+06
134 1.57988e+06
135 1.57994e+06
136 1.58004e+06
137 1.58008e+06
138 1.58019e+06
139 1.58031e+06
140 1.58042e+06
141 1.58048e+06
142 1.58056e+06
143 1.58065e+06
144 1.5807e+06
145 1.58072e+06
146 1.58082e+06
147 1.58088e+06
148 1.58113e+06
149 1.58116e+06
150 1.58132e+06
151 1.58137e+06
152 1.5815e+06
153 1.58153e+06
154 1.58158e+06
155 1.58164e+06
156 1.58173e+06
157 1.58174e+06
158 1.58175e+06
159 1.58176e+06
160 1.58188e+06
161 1.58199e+06
162 1.58211e+06
163 1.58216e+06
164 1.58224e+06
165 1.58233e+06
166 1.5824e+06
167 1.58246e+06
168 1.58253e+06
169 1.5826e+06
170 1.58265e+06
171 1.58273e+06
172 1.58277e+06
173 1.58282e+06
174 1.58289e+06
175 1.58296e+06
176 1.58298e+06
177 1.58308e+06
178 1.58311e+06
179 1.58325e+06
180 1.58329e+06
181 1.58334e+06
182 1.58342e+06
183 1.58346e+06
184 1.58348e+06
185 1.58354e+06
186 1.58361e+06
187 1.58367e+06
188 1.5838e+06
189 1.5839e+06
190 1.58393e+06
191 1.58396e+06
192 1.58398e+06
193 1.58401e+06
194 1.58413e+06
195 1.58416e+06
196 1.58433e+06
197 1.58436e+06
198 1.58446e+06
199 1.58451e+06
200 1.58459e+06
201 1.58472e+06
202 1.58482e+06
203 1.58488e+06
204 1.58492e+06
205 1.585e+06
206 1.58507e+06
207 1.5852e+06
208 1.5852e+06
209 1.5853e+06
210 1.58538e+06
211 1.58545e+06
212 1.58549e+06
213 1.58553e+06
214 1.58556e+06
215 1.58571e+06
216 1.58577e+06
217 1.58588e+06
218 1.58592e+06
219 1.58599e+06
220 1.58603e+06
221 1.58616e+06
222 1.58618e+06
223 1.58623e+06
224 1.58625e+06
225 1.58629e+06
226 1.58642e+06
227 1.58656e+06
228 1.58661e+06
229 1.5867e+06
230 1.58681e+06
231 1.58689e+06
232 1.58696e+06
233 1.58703e+06
234 1.5871e+06
235 1.58719e+06
236 1.58726e+06
237 1.58735e+06
238 1.58735e+06
239 1.58748e+06
240 1.58753e+06
241 1.58759e+06
242 1.5876e+06
243 1.58768e+06
244 1.58778e+06
245 1.58779e+06
246 1.58787e+06
247 1.588e+06
248 1.5881e+06
249 1.58821e+06
250 1.58836e+06
251 1.58846e+06
252 1.58852e+06
253 1.58854e+06
254 1.58877e+06
255 1.58888e+06
256 1.589e+06
257 1.589e+06
258 1.58917e+06
259 1.58919e+06
260 1.58931e+06
261 1.58943e+06
262 1.58953e+06
263 1.58961e+06
264 1.58971e+06
265 1.58975e+06
266 1.58982e+06
267 1.58986e+06
268 1.58998e+06
269 1.59001e+06
270 1.59003e+06
271 1.59011e+06
272 1.59013e+06
273 1.59018e+06
274 1.59021e+06
275 1.59025e+06
276 1.59031e+06
277 1.59034e+06
278 1.59043e+06
279 1.59064e+06
280 1.59066e+06
281 1.59083e+06
282 1.59085e+06
283 1.59092e+06
284 1.59106e+06
285 1.59125e+06
286 1.59129e+06
287 1.5913e+06
288 1.59134e+06
289 1.59138e+06
290 1.59153e+06
291 1.59155e+06
292 1.5916e+06
293 1.59174e+06
294 1.59182e+06
295 1.59188e+06
296 1.59198e+06
297 1.59211e+06
298 1.59221e+06
299 1.59227e+06
300 1.59229e+06
301 1.59231e+06
302 1.5924e+06
303 1.59246e+06
304 1.59251e+06
305 1.59256e+06
306 1.59262e+06
307 1.59264e+06
308 1.59274e+06
309 1.59276e+06
310 1.59285e+06
311 1.59295e+06
312 1.59303e+06
313 1.59313e+06
314 1.59322e+06
315 1.5933e+06
316 1.59339e+06
317 1.59343e+06
318 1.59354e+06
319 1.59358e+06
320 1.59362e+06
321 1.59366e+06
322 1.59373e+06
323 1.59374e+06
324 1.59373e+06
325 1.59387e+06
326 1.59396e+06
327 1.59405e+06
328 1.5942e+06
329 1.59428e+06
330 1.59434e+06
331 1.59441e+06
332 1.59443e+06
333 1.59448e+06
334 1.59452e+06
335 1.5946e+06
336 1.59466e+06
337 1.59471e+06
338 1.59478e+06
339 1.59485e+06
340 1.59491e+06
341 1.595e+06
342 1.59512e+06
343 1.59521e+06
344 1.59537e+06
345 1.59537e+06
346 1.5954e+06
347 1.59546e+06
348 1.59548e+06
349 1.59549e+06
350 1.59556e+06
351 1.5956e+06
352 1.59565e+06
353 1.59579e+06
354 1.59585e+06
355 1.59591e+06
356 1.59598e+06
357 1.59601e+06
358 1.59611e+06
359 1.59614e+06
360 1.59618e+06
361 1.59635e+06
362 1.59654e+06
363 1.59659e+06
364 1.59667e+06
365 1.59673e+06
366 1.59675e+06
367 1.59683e+06
368 1.59688e+06
369 1.59696e+06
370 1.59699e+06
371 1.59706e+06
372 1.59712e+06
373 1.59721e+06
374 1.59726e+06
375 1.59737e+06
376 1.5974e+06
377 1.59756e+06
378 1.59758e+06
379 1.59771e+06
380 1.59781e+06
381 1.59792e+06
382 1.59793e+06
383 1.59796e+06
384 1.59798e+06
385 1.59807e+06
386 1.59811e+06
387 1.5982e+06
388 1.59836e+06
389 1.59844e+06
390 1.59853e+06
391 1.59858e+06
392 1.59861e+06
393 1.59861e+06
394 1.59865e+06
395 1.59875e+06
396 1.59884e+06
397 1.59891e+06
398 1.59905e+06
399 1.59913e+06
400 1.59921e+06
401 1.59921e+06
402 1.59928e+06
403 1.59938e+06
404 1.59947e+06
405 1.59951e+06
406 1.59952e+06
407 1.59957e+06
408 1.59966e+06
409 1.59981e+06
410 1.59982e+06
411 1.59985e+06
412 1.59991e+06
413 1.60006e+06
414 1.60015e+06
415 1.60022e+06
416 1.60038e+06
417 1.60046e+06
418 1.60058e+06
419 1.60062e+06
420 1.60064e+06
421 1.6007e+06
422 1.60075e+06
423 1.60077e+06
424 1.60086e+06
425 1.60097e+06
426 1.60102e+06
427 1.60108e+06
428 1.60115e+06
429 1.60119e+06
430 1.60126e+06
431 1.60131e+06
432 1.60142e+06
433 1.60142e+06
434 1.60144e+06
435 1.60147e+06
436 1.60154e+06
437 1.6016e+06
438 1.60165e+06
439 1.60177e+06
440 1.60177e+06
441 1.60183e+06
442 1.60189e+06
443 1.60205e+06
444 1.60216e+06
445 1.60229e+06
446 1.60238e+06
447 1.60238e+06
448 1.60239e+06
449 1.60245e+06
450 1.60245e+06
451 1.60253e+06
452 1.60255e+06
453 1.60262e+06
454 1.6027e+06
455 1.60286e+06
456 1.6029e+06
457 1.60296e+06
458 1.60307e+06
459 1.60316e+06
460 1.60321e+06
461 1.60325e+06
462 1.60334e+06
463 1.60341e+06
464 1.6035e+06
465 1.60354e+06
466 1.60359e+06
467 1.60362e+06
468 1.60364e+06
469 1.60381e+06
470 1.60382e+06
471 1.60389e+06
472 1.60392e+06
473 1.60408e+06
474 1.60417e+06
475 1.60427e+06
476 1.60435e+06
477 1.60437e+06
478 1.60443e+06
479 1.60449e+06
480 1.6045e+06
481 1.60452e+06
482 1.60462e+06
483 1.6047e+06
484 1.6048e+06
485 1.60481e+06
486 1.60489e+06
487 1.6049e+06
488 1.60502e+06
489 1.60504e+06
490 1.60508e+06
491 1.60517e+06
492 1.60524e+06
493 1.60528e+06
494 1.60533e+06
495 1.60539e+06
496 1.60546e+06
497 1.60548e+06
498 1.60557e+06
499 1.60559e+06
500 1.60559e+06
501 1.6056e+06
502 1.60563e+06
503 1.60568e+06
504 1.60573e+06
505 1.60576e+06
506 1.60581e+06
507 1.60586e+06
508 1.60589e+06
509 1.60596e+06
510 1.606e+06
511 1.60603e+06
512 1.60611e+06
513 1.60615e+06
514 1.60616e+06
515 1.60617e+06
516 1.60622e+06
517 1.60622e+06
518 1.60623e+06
519 1.60627e+06
520 1.60632e+06
521 1.60636e+06
522 1.60638e+06
523 1.60645e+06
524 1.60651e+06
525 1.60658e+06
526 1.60664e+06
527 1.60668e+06
528 1.60671e+06
529 1.60674e+06
530 1.60682e+06
531 1.60693e+06
532 1.60707e+06
533 1.60717e+06
534 1.60723e+06
535 1.6073e+06
536 1.60733e+06
537 1.60747e+06
538 1.60753e+06
539 1.60753e+06
540 1.60756e+06
541 1.60758e+06
542 1.60763e+06
543 1.60767e+06
544 1.6077e+06
545 1.60781e+06
546 1.6079e+06
547 1.60795e+06
548 1.60803e+06
549 1.60808e+06
550 1.60817e+06
551 1.60826e+06
552 1.60829e+06
553 1.60834e+06
554 1.60856e+06
555 1.60865e+06
556 1.60876e+06
557 1.60879e+06
558 1.60884e+06
559 1.60889e+06
560 1.60894e+06
561 1.60898e+06
562 1.60906e+06
563 1.60906e+06
564 1.60908e+06
565 1.60913e+06
566 1.60922e+06
567 1.60929e+06
568 1.60933e+06
569 1.60937e+06
570 1.60956e+06
571 1.60962e+06
572 1.60969e+06
573 1.60973e+06
574 1.6098e+06
575 1.60984e+06
576 1.60988e+06
577 1.60995e+06
578 1.61006e+06
579 1.61017e+06
580 1.61028e+06
581 1.61036e+06
582 1.61038e+06
583 1.61042e+06
584 1.61049e+06
585 1.61052e+06
586 1.61066e+06
587 1.61073e+06
588 1.61082e+06
589 1.61087e+06
590 1.61095e+06
591 1.61099e+06
592 1.61109e+06
593 1.6113e+06
594 1.61134e+06
595 1.61136e+06
596 1.61139e+06
597 1.61145e+06
598 1.61152e+06
599 1.61157e+06
600 1.61162e+06
601 1.61162e+06
602 1.61162e+06
603 1.61169e+06
604 1.61172e+06
605 1.61178e+06
606 1.6118e+06
607 1.61181e+06
608 1.61184e+06
609 1.61186e+06
610 1.6119e+06
611 1.61192e+06
612 1.61192e+06
613 1.61193e+06
614 1.61198e+06
615 1.612e+06
616 1.61204e+06
617 1.6121e+06
618 1.61212e+06
619 1.61216e+06
620 1.61228e+06
621 1.61242e+06
622 1.61244e+06
623 1.61259e+06
624 1.61265e+06
625 1.61266e+06
626 1.61272e+06
627 1.6128e+06
628 1.61284e+06
629 1.61288e+06
630 1.61297e+06
631 1.61298e+06
632 1.61305e+06
633 1.61311e+06
634 1.61322e+06
635 1.61339e+06
636 1.61346e+06
637 1.61357e+06
638 1.61362e+06
639 1.61375e+06
640 1.61376e+06
641 1.6138e+06
642 1.6139e+06
643 1.61395e+06
644 1.61402e+06
645 1.6141e+06
646 1.6142e+06
647 1.61427e+06
648 1.61434e+06
649 1.61445e+06
650 1.6145e+06
651 1.61451e+06
652 1.61457e+06
653 1.61461e+06
654 1.61467e+06
655 1.61475e+06
656 1.61478e+06
657 1.61485e+06
658 1.61486e+06
659 1.61494e+06
660 1.61496e+06
661 1.61501e+06
662 1.61503e+06
663 1.61509e+06
664 1.61518e+06
665 1.61522e+06
666 1.61527e+06
667 1.61532e+06
668 1.61538e+06
669 1.61542e+06
670 1.61548e+06
671 1.61556e+06
672 1.61557e+06
673 1.61561e+06
674 1.61574e+06
675 1.61577e+06
676 1.61585e+06
677 1.61592e+06
678 1.616e+06
679 1.61606e+06
680 1.61618e+06
681 1.61619e+06
682 1.61623e+06
683 1.61631e+06
684 1.61638e+06
685 1.61648e+06
686 1.61656e+06
687 1.61663e+06
688 1.61668e+06
689 1.61668e+06
690 1.6167e+06
691 1.61671e+06
692 1.61674e+06
693 1.61681e+06
694 1.61687e+06
695 1.61694e+06
696 1.61694e+06
697 1.61698e+06
698 1.61703e+06
699 1.61708e+06
700 1.61711e+06
701 1.61717e+06
702 1.61717e+06
703 1.6172e+06
704 1.61724e+06
705 1.61729e+06
706 1.61729e+06
707 1.61735e+06
708 1.61739e+06
709 1.6174e+06
710 1.61752e+06
711 1.61758e+06
712 1.6176e+06
713 1.61763e+06
714 1.61766e+06
715 1.61773e+06
716 1.61774e+06
717 1.61774e+06
718 1.6178e+06
719 1.61782e+06
720 1.61788e+06
721 1.61788e+06
722 1.61798e+06
723 1.61798e+06
724 1.61803e+06
725 1.61803e+06
726 1.61814e+06
727 1.61817e+06
728 1.6182e+06
729 1.61827e+06
730 1.61835e+06
731 1.61837e+06
732 1.61839e+06
733 1.6184e+06
734 1.61842e+06
735 1.61842e+06
736 1.61862e+06
737 1.61865e+06
738 1.61867e+06
739 1.6187e+06
740 1.61872e+06
741 1.61882e+06
742 1.61894e+06
743 1.619e+06
744 1.61902e+06
745 1.61908e+06
746 1.6191e+06
747 1.61911e+06
748 1.61913e+06
749 1.61921e+06
750 1.61922e+06
751 1.61931e+06
752 1.61934e+06
753 1.61938e+06
754 1.61947e+06
755 1.61957e+06
756 1.61963e+06
757 1.6197e+06
758 1.61977e+06
759 1.62001e+06
760 1.62002e+06
761 1.62009e+06
762 1.62015e+06
763 1.6202e+06
764 1.62031e+06
765 1.62042e+06
766 1.62051e+06
767 1.62056e+06
768 1.62068e+06
769 1.62078e+06
770 1.62086e+06
771 1.62091e+06
772 1.62093e+06
773 1.62105e+06
774 1.62106e+06
775 1.62111e+06
776 1.62116e+06
777 1.62126e+06
778 1.62135e+06
779 1.62145e+06
780 1.62145e+06
781 1.62157e+06
782 1.62161e+06
783 1.62169e+06
784 1.6217e+06
785 1.62176e+06
786 1.62185e+06
787 1.62188e+06
788 1.62193e+06
789 1.62194e+06
790 1.622e+06
791 1.62206e+06
792 1.62207e+06
793 1.62209e+06
794 1.62214e+06
795 1.62214e+06
796 1.62218e+06
797 1.62225e+06
798 1.6223e+06
799 1.62238e+06
800 1.62241e+06
801 1.62247e+06
802 1.62248e+06
803 1.62258e+06
804 1.62258e+06
805 1.62262e+06
806 1.62262e+06
807 1.62269e+06
808 1.62273e+06
809 1.62284e+06
810 1.62284e+06
811 1.62289e+06
812 1.62299e+06
813 1.62313e+06
814 1.6232e+06
815 1.62326e+06
816 1.62327e+06
817 1.62328e+06
818 1.62339e+06
819 1.62344e+06
820 1.6235e+06
821 1.62353e+06
822 1.62358e+06
823 1.62358e+06
824 1.62368e+06
825 1.6237e+06
826 1.62374e+06
827 1.62374e+06
828 1.62382e+06
829 1.62392e+06
830 1.62403e+06
831 1.62408e+06
832 1.62408e+06
833 1.62411e+06
834 1.62417e+06
835 1.62422e+06
836 1.62423e+06
837 1.62426e+06
838 1.62437e+06
839 1.62439e+06
840 1.62444e+06
841 1.6245e+06
842 1.62456e+06
843 1.62464e+06
844 1.62469e+06
845 1.62474e+06
846 1.62484e+06
847 1.62486e+06
848 1.62491e+06
849 1.62492e+06
850 1.62494e+06
851 1.62504e+06
852 1.6251e+06
853 1.62517e+06
854 1.62521e+06
855 1.62528e+06
856 1.62532e+06
857 1.62548e+06
858 1.62554e+06
859 1.6256e+06
860 1.62565e+06
861 1.6257e+06
862 1.62577e+06
863 1.62581e+06
864 1.62581e+06
865 1.62588e+06
866 1.62596e+06
867 1.62608e+06
868 1.62619e+06
869 1.62622e+06
870 1.62624e+06
871 1.62629e+06
872 1.62638e+06
873 1.62645e+06
874 1.62645e+06
875 1.62649e+06
876 1.62655e+06
877 1.62663e+06
878 1.62665e+06
879 1.62665e+06
880 1.62665e+06
881 1.6267e+06
882 1.62675e+06
883 1.62677e+06
884 1.6268e+06
885 1.62689e+06
886 1.62693e+06
887 1.62702e+06
888 1.62709e+06
889 1.62713e+06
890 1.62714e+06
891 1.62717e+06
892 1.62722e+06
893 1.62728e+06
894 1.62738e+06
895 1.62738e+06
896 1.62741e+06
897 1.62758e+06
898 1.62759e+06
899 1.62762e+06
900 1.62768e+06
901 1.6277e+06
902 1.62776e+06
903 1.62777e+06
904 1.62783e+06
905 1.62784e+06
906 1.62795e+06
907 1.62807e+06
908 1.62816e+06
909 1.62822e+06
910 1.62832e+06
911 1.6284e+06
912 1.62842e+06
913 1.62843e+06
914 1.62849e+06
915 1.62856e+06
916 1.6286e+06
917 1.62864e+06
918 1.62869e+06
919 1.62876e+06
920 1.62884e+06
921 1.62888e+06
922 1.62895e+06
923 1.62897e+06
924 1.62906e+06
925 1.62906e+06
926 1.6291e+06
927 1.62917e+06
928 1.62925e+06
929 1.62928e+06
930 1.62932e+06
931 1.62936e+06
932 1.6294e+06
933 1.62955e+06
934 1.62964e+06
935 1.62967e+06
936 1.62971e+06
937 1.62975e+06
938 1.62988e+06
939 1.62992e+06
940 1.62999e+06
941 1.63002e+06
942 1.63002e+06
943 1.63008e+06
944 1.63014e+06
945 1.63015e+06
946 1.6302e+06
947 1.63029e+06
948 1.63036e+06
949 1.63053e+06
950 1.63054e+06
951 1.63064e+06
952 1.63068e+06
953 1.63068e+06
954 1.63076e+06
955 1.63078e+06
956 1.6308e+06
957 1.6308e+06
958 1.63081e+06
959 1.63087e+06
960 1.63093e+06
961 1.63093e+06
962 1.63101e+06
963 1.63108e+06
964 1.63108e+06
965 1.63108e+06
966 1.63117e+06
967 1.63127e+06
968 1.63132e+06
969 1.6314e+06
970 1.63145e+06
971 1.63152e+06
972 1.63157e+06
973 1.63157e+06
974 1.63159e+06
975 1.63159e+06
976 1.63169e+06
977 1.6317e+06
978 1.63176e+06
979 1.63182e+06
980 1.63186e+06
981 1.63192e+06
982 1.63207e+06
983 1.63211e+06
984 1.63212e+06
985 1.63215e+06
986 1.63219e+06
987 1.63224e+06
988 1.63228e+06
989 1.63233e+06
990 1.63236e+06
991 1.63241e+06
992 1.63243e+06
993 1.63244e+06
994 1.63253e+06
995 1.63254e+06
996 1.63262e+06
997 1.63264e+06
998 1.63271e+06
999 1.6328e+06
1000 1.6328e+06
